









Frequency of observations in the selected location(s).:
Number of taxa: 	133

	Jan				Feb				Mar				Apr				May				Jun				Jul				Aug				Sep				Oct				Nov				Dec				
Sample Size:	6.0	7.0	7.0	9.0	6.0	9.0	12.0	6.0	5.0	3.0	7.0	11.0	12.0	7.0	3.0	2.0	6.0	2.0	1.0	1.0	2.0	1.0	0.0	0.0	1.0	3.0	2.0	1.0	2.0	1.0	1.0	0.0	0.0	1.0	2.0	3.0	2.0	5.0	2.0	11.0	9.0	5.0	8.0	7.0	4.0	3.0	3.0	10.0	

Greater White-fronted Goose (<em class="sci">Anser albifrons</em>)	0.0	0.0	0.0	0.0	0.0	0.0	0.0	0.0	0.2	0.0	0.0	0.0	0.0	0.0	0.0	0.0	0.1666667	0.0	0.0	0.0	0.0	0.0	0.0	0.0	0.0	0.0	0.0	0.0	0.0	0.0	0.0	0.0	0.0	0.0	0.0	0.0	0.0	0.0	0.0	0.0	0.0	0.0	0.0	0.0	0.0	0.0	0.0	0.0	
Cackling Goose (<em class="sci">Branta hutchinsii</em>)	0.1666667	0.0	0.0	0.0015	0.0	0.1111111	0.0	0.0	0.0	0.0	0.0	0.0	0.0	0.0	0.0	0.0	0.0	0.0	0.0	1.0	0.0	0.0	0.0	0.0	0.0	0.0	0.0	0.0	0.0	0.0	0.0	0.0	0.0	0.0	0.0	0.0	0.0	0.0	0.0	0.0909091	0.0	0.0	0.0	0.0	0.0	0.0	0.0	0.0	
Canada Goose (<em class="sci">Branta canadensis</em>)	1.0	0.7142857	0.7142857	0.5555556	0.8333333	0.6666667	0.8333333	1.0	0.6	0.6666667	0.8571429	0.5454545	0.75	0.5714286	0.6666667	0.5	0.5	0.5	1.0	0.0015	0.5	0.0	0.0	0.0	0.0015	0.3333333	0.5	1.0	0.5	0.0	0.0	0.0	0.0	0.0	0.5	0.0	0.5	0.4	0.5	0.3636364	0.4444444	0.6	0.75	0.7142857	0.75	0.6666667	0.6666667	0.5	
Domestic goose sp. (Domestic type) x Canada Goose (hybrid) (<em class="sci">Anser sp. (Domestic type) x Branta canadensis</em>)	0.0	0.0	0.0	0.0	0.1666667	0.0	0.0	0.0	0.0	0.0	0.0	0.0	0.0	0.0	0.0	0.0	0.0	0.0	0.0	0.0	0.0	0.0	0.0	0.0	0.0	0.0	0.0	0.0	0.0	0.0	0.0	0.0	0.0	0.0	0.0	0.0	0.0	0.0	0.0	0.0	0.0	0.0	0.125	0.2857143	0.0	0.0	0.0	0.0	
Cackling/Canada Goose (<em class="sci">Branta hutchinsii/canadensis</em>)	0.0	0.0	0.1428571	0.0	0.0	0.1111111	0.0	0.0	0.0	0.0	0.0	0.0	0.0833333	0.0	0.0	0.0	0.0	0.0	0.0	0.0	0.0	0.0	0.0	0.0	0.0	0.0	0.0	0.0	0.0	0.0	0.0	0.0	0.0	0.0	0.0	0.0	0.0	0.0	0.0	0.0	0.0	0.0	0.0	0.0	0.0	0.0	0.0	0.0	
Northern Shoveler (<em class="sci">Spatula clypeata</em>)	0.0	0.0	0.0	0.0	0.1666667	0.0	0.0	0.0	0.0	0.0	0.0	0.1818182	0.0	0.0	0.0	0.0	0.0	0.0	0.0	0.0	0.0	0.0	0.0	0.0	0.0	0.0	0.0	0.0	0.0	0.0	0.0	0.0	0.0	0.0	0.0	0.0	0.0	0.0	0.0	0.0	0.0	0.0	0.0	0.1428571	0.0	0.0	0.0	0.0	
Gadwall (<em class="sci">Mareca strepera</em>)	0.0	0.0	0.1428571	0.0	0.1666667	0.0	0.0	0.1666667	0.6	0.0	0.1428571	0.0	0.0833333	0.0	0.0	0.0	0.0	0.0	0.0	0.0	0.0	0.0	0.0	0.0	0.0	0.0	0.0	0.0	0.0	0.0	0.0	0.0	0.0	0.0	0.0	0.0	0.0	0.0	0.0	0.0909091	0.0	0.0	0.0	0.2857143	0.0	0.3333333	0.0	0.1	
Eurasian Wigeon (<em class="sci">Mareca penelope</em>)	0.1666667	0.1428571	0.1428571	0.1111111	0.3333333	0.1111111	0.3333333	0.1666667	0.4	0.6666667	0.2857143	0.0	0.0	0.0	0.0	0.0	0.0	0.0	0.0	0.0	0.0	0.0	0.0	0.0	0.0	0.0	0.0	0.0	0.0	0.0	0.0	0.0	0.0	0.0	0.0	0.0	0.0	0.0	0.0	0.0	0.1111111	0.0	0.25	0.2857143	0.0	0.0	0.0	0.1	
American Wigeon (<em class="sci">Mareca americana</em>)	0.8333333	0.7142857	1.0	0.5555556	0.8333333	0.8888889	0.6666667	0.8333333	0.8	0.6666667	0.5714286	0.4545455	0.5	0.4285714	0.0	0.0	0.0	0.0	0.0	0.0	0.0	0.0	0.0	0.0	0.0	0.0	0.0	0.0	0.0	0.0	0.0	0.0	0.0	0.0	0.5	0.0	0.0	0.2	0.5	0.3636364	1.0	0.6	0.625	0.8571429	0.5	0.6666667	1.0	0.9	
Eurasian/American Wigeon (<em class="sci">Mareca penelope/americana</em>)	0.0	0.0	0.0	0.0	0.0	0.0	0.0	0.0015	0.0	0.0	0.0	0.0	0.0	0.0	0.0	0.0	0.0	0.0	0.0	0.0	0.0	0.0	0.0	0.0	0.0	0.0	0.0	0.0	0.0	0.0	0.0	0.0	0.0	0.0	0.0	0.0	0.0	0.0	0.0	0.0	0.0	0.0	0.0	0.0	0.0	0.0	0.0	0.0	
Mallard (<em class="sci">Anas platyrhynchos</em>)	0.5	0.5714286	0.7142857	0.3333333	0.3333333	0.3333333	0.5833333	0.3333333	0.2	0.3333333	0.5714286	0.2727273	0.4166667	0.4285714	0.6666667	0.0	0.6666667	0.0	0.0	0.0	0.5	1.0	0.0	0.0	0.0	1.0	0.5	0.0	0.5	0.0	0.0	0.0	0.0	0.0	0.0	0.0	0.0	0.0	0.0	0.1818182	0.2222222	0.0	0.125	0.2857143	0.25	0.3333333	0.6666667	0.3	
Mallard (Domestic type) (<em class="sci">Anas platyrhynchos (Domestic type)</em>)	0.0	0.0	0.0	0.0	0.0	0.0	0.0	0.0	0.0	0.0	0.0	0.0	0.0	0.0	0.0	0.0	0.0	0.0	0.0	0.0	0.0	0.0	0.0	0.0	0.0	0.0	0.0	0.0	0.0	0.0	0.0	0.0	0.0	0.0015	0.0	0.0	0.0	0.0	0.0	0.0	0.0	0.0	0.0	0.0	0.0	0.0	0.0	0.0	
Northern Pintail (<em class="sci">Anas acuta</em>)	0.0	0.0	0.1428571	0.0	0.0	0.0	0.0	0.0	0.0	0.0	0.0	0.0	0.0	0.0	0.0	0.0	0.0	0.0	0.0	0.0	0.0	0.0	0.0	0.0	0.0	0.0	0.0	0.0	0.0	0.0	0.0	0.0	0.0	0.0	0.0	0.0	0.0	0.0	0.0	0.0	0.1111111	0.0	0.0	0.0	0.0	0.0	0.0	0.0	
Green-winged Teal (<em class="sci">Anas crecca</em>)	0.0	0.0	0.0	0.0	0.0	0.0	0.0	0.0	0.0	0.0	0.0	0.0	0.0	0.0	0.0	0.0015	0.0	0.0	0.0	0.0	0.0	0.0	0.0	0.0	0.0	0.0	0.0	0.0	0.0	0.0	0.0	0.0	0.0	0.0	0.0	0.0	0.0	0.0	0.0	0.0	0.0	0.0	0.0	0.0	0.0	0.0	0.0	0.0	
Ring-necked Duck (<em class="sci">Aythya collaris</em>)	0.1666667	0.0	0.1428571	0.0	0.0	0.0	0.0	0.0	0.0	0.0	0.0	0.0	0.0	0.0	0.0	0.0	0.0	0.0	0.0	0.0	0.0	0.0	0.0	0.0	0.0	0.0	0.0	0.0	0.0	0.0	0.0	0.0	0.0	0.0	0.0	0.0	0.0	0.0	0.0	0.0	0.0	0.2	0.0	0.0	0.0	0.0	0.0	0.0	
Greater Scaup (<em class="sci">Aythya marila</em>)	0.6666667	0.1428571	0.2857143	0.3333333	0.3333333	0.2222222	0.0833333	0.5	0.4	0.0	0.1428571	0.0909091	0.0833333	0.0	0.0	0.0	0.0	0.0	0.0	0.0	0.0	0.0	0.0	0.0	0.0	0.0	0.0	0.0	0.0	0.0	0.0	0.0	0.0	0.0	0.0	0.0	0.0	0.0	0.0	0.0	0.0	0.2	0.25	0.0	0.0	0.0	0.0	0.1	
Lesser Scaup (<em class="sci">Aythya affinis</em>)	0.5	0.4285714	0.5714286	0.4444444	0.6666667	0.5555556	0.4166667	0.5	0.6	0.0	0.1428571	0.1818182	0.1666667	0.0	0.0	0.0	0.0	0.0	0.0	0.0	0.0	0.0	0.0	0.0	0.0	0.0	0.0	0.0	0.0	0.0	0.0	0.0	0.0	0.0	0.0	0.0	0.0	0.0	0.0	0.0	0.1111111	0.2	0.375	0.1428571	0.0	0.3333333	0.6666667	0.5	
Greater/Lesser Scaup (<em class="sci">Aythya marila/affinis</em>)	0.0015	0.2857143	0.4285714	0.1111111	0.0	0.3333333	0.0833333	0.3333333	0.4	0.3333333	0.0	0.2727273	0.25	0.7142857	0.0	0.0	0.0	0.0	0.0	0.0	0.0	0.0	0.0	0.0	0.0	0.0	0.0	0.0	0.0	0.0	0.0	0.0	0.0	0.0	0.0	0.0	0.0	0.0	0.0	0.0	0.2222222	0.0	0.125	0.0	0.75	0.0	0.6666667	0.3	
Harlequin Duck (<em class="sci">Histrionicus histrionicus</em>)	0.0	0.0	0.0	0.0	0.0	0.0	0.0	0.0	0.0	0.0	0.0	0.0	0.0	0.0	0.0	0.0	0.0	0.0	0.0	0.0	0.0	0.0	0.0	0.0	0.0	0.0	0.0	0.0	0.0	0.0	0.0	0.0	0.0	0.0	0.0	0.0	1.0	0.0	0.0	0.0	0.0	0.0	0.0	0.0	0.0	0.0	0.0	0.0	
Surf Scoter (<em class="sci">Melanitta perspicillata</em>)	1.0	0.8571429	1.0	0.8888889	0.8333333	1.0	0.75	0.6666667	1.0	1.0	0.5714286	0.7272727	0.6666667	0.8571429	0.3333333	1.0	0.1666667	0.5	1.0	0.0	0.5	0.0015	0.0	0.0	0.0	0.3333333	0.0	0.0	0.5	0.0	0.0	0.0	0.0	0.0	0.0	0.0	0.5	0.6	1.0	0.6363636	0.8888889	0.8	0.875	0.7142857	1.0	1.0	1.0	0.8	
White-winged Scoter (<em class="sci">Melanitta deglandi</em>)	0.0	0.0	0.1428571	0.1111111	0.0	0.0	0.0	0.0	0.0	0.0	0.0	0.0	0.0	0.0	0.0	0.0	0.0	0.0	0.0	0.0	0.0	0.0	0.0	0.0	0.0	0.0	0.0	0.0	0.0	0.0	0.0	0.0	0.0	0.0	0.0	0.0	0.0	0.0	0.0	0.0	0.0	0.0	0.0	0.0	0.0	0.0	0.0	0.0	
Black Scoter (<em class="sci">Melanitta americana</em>)	0.0	0.0	0.0	0.1111111	0.0	0.1111111	0.0	0.0	0.0	0.3333333	0.0	0.0	0.0	0.0	0.0	0.0	0.0	0.0	0.0	0.0	0.0	0.0	0.0	0.0	0.0	0.0	0.0	0.0	0.0	0.0	0.0	0.0	0.0	0.0	0.0	0.0	0.0	0.0	0.0	0.0	0.1111111	0.0	0.25	0.0	0.0	0.0	0.0	0.0	
scoter sp. (<em class="sci">Melanitta sp.</em>)	0.0	0.0	0.0	0.0	0.0	0.0	0.0	0.0	0.0	0.0	0.0	0.0	0.0	0.0	0.0	0.0	0.0	0.0	0.0	0.0	0.0	0.0	0.0	0.0	0.0	0.0	0.0	0.0	0.0	0.0	0.0	0.0	0.0	0.0	0.0	0.0	0.0	0.0	0.0	0.0909091	0.0	0.0	0.0	0.0	0.0	0.0	0.0	0.0	
Bufflehead (<em class="sci">Bucephala albeola</em>)	0.3333333	0.2857143	0.4285714	0.0	0.1666667	0.2222222	0.1666667	0.1666667	0.2	0.0	0.0	0.0	0.1666667	0.0	0.0	0.0	0.0	0.0	0.0	0.0	0.0	0.0	0.0	0.0	0.0	0.0	0.0	0.0	0.0	0.0	0.0	0.0	0.0	0.0	0.0	0.0	0.0	0.0	0.0	0.0	0.1111111	0.0	0.25	0.2857143	0.0	0.0	0.3333333	0.0	
Common Goldeneye (<em class="sci">Bucephala clangula</em>)	1.0	0.4285714	0.5714286	0.5555556	0.5	1.0	0.1666667	0.5	0.8	0.3333333	0.4285714	0.2727273	0.4166667	0.1428571	0.3333333	0.0	0.0	0.0	0.0	0.0	0.0	0.0	0.0	0.0	0.0	0.0	0.0	0.0	0.0	0.0	0.0	0.0	0.0	0.0	0.0	0.0	0.0	0.2	0.0	0.0	0.1111111	0.2	0.25	0.4285714	0.5	0.3333333	0.3333333	0.5	
Barrow's Goldeneye (<em class="sci">Bucephala islandica</em>)	0.6666667	0.8571429	0.5714286	0.6666667	0.8333333	1.0	0.5833333	0.5	0.8	1.0	0.8571429	0.5454545	0.5833333	0.8571429	0.6666667	0.5	0.0	0.5	0.0	0.0	0.0	0.0	0.0	0.0	0.0	0.0	0.0	0.0	0.0	0.0	0.0	0.0	0.0	0.0	0.0	0.0	0.0	0.0	0.0	0.4545455	0.5555556	0.4	0.5	0.8571429	0.5	1.0	0.6666667	0.6	
Common/Barrow's Goldeneye (<em class="sci">Bucephala clangula/islandica</em>)	0.0	0.1428571	0.0	0.1111111	0.0	0.0	0.0	0.0	0.0	0.0	0.0	0.1818182	0.0015	0.0	0.0	0.0	0.0	0.0	1.0	0.0	0.0	0.0	0.0	0.0	0.0	0.0	0.0	0.0	0.0	0.0	0.0	0.0	0.0	0.0	0.0	0.0	0.0	0.0	0.0	0.0	0.0	0.0	0.0	0.0	0.25	0.0	0.0	0.0	
Hooded Merganser (<em class="sci">Lophodytes cucullatus</em>)	0.0	0.0	0.0	0.0	0.0	0.0	0.0	0.1666667	0.0	0.0	0.0	0.0	0.0833333	0.0	0.0	0.0	0.0	0.0	0.0	0.0	0.0	0.0	0.0	0.0	0.0	0.0	0.0	0.0	0.0	0.0	0.0	0.0	0.0	0.0	0.0	0.0	0.0	0.0	0.0	0.0909091	0.0	0.0	0.125	0.0	0.0	0.0	0.0	0.0	
Common Merganser (<em class="sci">Mergus merganser</em>)	0.0	0.1428571	0.2857143	0.0	0.0	0.4444444	0.1666667	0.1666667	0.0	0.0	0.0	0.1818182	0.0833333	0.0	0.0	0.0	0.0	0.0	0.0	0.0	0.0	0.0	0.0	0.0	0.0	0.0	0.0	0.0	0.0	0.0	0.0	0.0	0.0	0.0	0.0	0.0	0.0	0.0	0.0	0.0	0.0	0.0	0.0	0.1428571	0.0	0.0	0.6666667	0.1	
Red-breasted Merganser (<em class="sci">Mergus serrator</em>)	0.1666667	0.0	0.4285714	0.1111111	0.3333333	0.8888889	0.75	0.5	1.0	0.6666667	0.4285714	0.0	0.3333333	0.1428571	0.0	0.0	0.1666667	0.0	0.0	0.0	0.0	0.0	0.0	0.0	0.0	0.0	0.0	0.0	0.0	0.0	0.0	0.0	0.0	0.0	0.0	0.0	0.0	0.0	0.0	0.0	0.0	0.0	0.0015	0.0	0.0	0.0	0.0	0.2	
Common/Red-breasted Merganser (<em class="sci">Mergus merganser/serrator</em>)	0.0	0.0	0.0	0.0	0.0	0.0	0.0833333	0.0	0.0	0.0	0.0	0.0909091	0.0	0.0	0.0	0.0	0.0	0.0	0.0	0.0	0.0	0.0	0.0	0.0	0.0	0.0	0.0	0.0	0.0	0.0	0.0	0.0	0.0	0.0	0.0	0.0	0.0	0.0	0.0	0.0	0.0	0.0	0.0	0.0	0.0	0.0	0.0	0.0	
Ruddy Duck (<em class="sci">Oxyura jamaicensis</em>)	0.0	0.0	0.0	0.0	0.0	0.0	0.0	0.0	0.0	0.0	0.0	0.0	0.0	0.0	0.0	0.0	0.0	0.0	0.0	0.0	0.0	0.0	0.0	0.0	0.0	0.0	0.0	0.0	0.0	0.0	0.0	0.0	0.0	0.0	0.0	0.0	0.0	0.0	0.0	0.0	0.0	0.0	0.0	0.0	0.0	0.3333333	0.0	0.0	
duck sp. (<em class="sci">Anatinae sp.</em>)	0.0	0.0	0.0	0.0	0.0	0.0	0.0833333	0.1666667	0.0	0.3333333	0.0	0.0015	0.0	0.1428571	0.0	0.0	0.0	0.0	0.0	0.0	0.0	0.0	0.0	0.0	0.0	0.0	0.0	0.0	0.0	0.0	0.0	0.0	0.0	0.0	0.0	0.0	0.0	0.0	0.0	0.0	0.0	0.0	0.0	0.0	0.0	0.0	0.3333333	0.0	
Pied-billed Grebe (<em class="sci">Podilymbus podiceps</em>)	0.0015	0.0	0.0	0.0	0.0	0.1111111	0.0	0.0	0.0	0.0	0.0	0.0	0.0	0.0	0.0	0.0	0.0	0.0	0.0	0.0	0.0	0.0	0.0	0.0	0.0	0.0	0.0	0.0	0.0	0.0	0.0	0.0	0.0	0.0	0.0	0.0	0.0	0.0	0.0	0.0	0.0	0.0	0.0	0.1428571	0.0	0.0	0.0	0.0	
Horned Grebe (<em class="sci">Podiceps auritus</em>)	0.8333333	0.5714286	0.8571429	0.4444444	0.6666667	0.7777778	0.6666667	0.5	0.8	0.6666667	0.4285714	0.5454545	0.5	0.1428571	0.0	0.0	0.0	0.0	0.0	0.0	0.0	0.0	0.0	0.0	0.0015	0.0	0.0	0.0	0.0	0.0	0.0	0.0	0.0	0.0	0.0	0.0	0.5	0.2	0.0	0.0909091	0.2222222	0.0	0.0	0.1428571	0.25	0.3333333	1.0	0.1	
Red-necked Grebe (<em class="sci">Podiceps grisegena</em>)	0.1666667	0.4285714	0.5714286	0.4444444	0.5	0.6666667	0.4166667	0.5	0.0	0.6666667	0.7142857	0.3636364	0.5833333	1.0	0.0	0.5	0.0	0.0	0.0	0.0	0.0	0.0	0.0	0.0	0.0	0.0	0.0	0.0	0.0	0.0	0.0	0.0	0.0	0.0	0.0	0.0	0.0	0.0	0.0	0.0909091	0.1111111	0.2	0.125	0.1428571	0.0	0.6666667	0.3333333	0.4	
Eared Grebe (<em class="sci">Podiceps nigricollis</em>)	0.0	0.0	0.1428571	0.0	0.0	0.1111111	0.0	0.0	0.0	0.0	0.0	0.0	0.0	0.2857143	0.0	0.0	0.0	0.0	0.0	0.0	0.0	0.0	0.0	0.0	0.0	0.0	0.0	0.0	0.0	0.0	0.0	0.0	0.0	0.0	0.0	0.0	0.0	0.0	0.0	0.0	0.0	0.0	0.125	0.0	0.0	0.0	0.0	0.0	
Horned/Eared Grebe (<em class="sci">Podiceps auritus/nigricollis</em>)	0.0	0.0	0.0	0.0	0.0	0.0	0.0	0.0015	0.0	0.0	0.1428571	0.0	0.0	0.0	0.0	0.0	0.0	0.0	0.0	0.0	0.0	0.0	0.0	0.0	0.0	0.0	0.0	0.0	0.0	0.0	0.0	0.0	0.0	0.0	0.0	0.0	0.0	0.0	0.0	0.0	0.0	0.0	0.0	0.0	0.0	0.0	0.0	0.0	
Western Grebe (<em class="sci">Aechmophorus occidentalis</em>)	0.6666667	0.8571429	0.8571429	0.4444444	0.3333333	0.1111111	0.1666667	0.1666667	0.4	0.3333333	0.0	0.0909091	0.3333333	0.4285714	0.3333333	1.0	0.3333333	0.5	0.0	0.0	0.0	0.0	0.0	0.0	0.0	0.0	0.0	0.0	0.0	0.0	0.0	0.0	0.0	0.0	0.0	0.0	0.0	0.2	0.0	0.2727273	0.6666667	0.4	0.625	0.2857143	0.25	0.6666667	1.0	0.6	
Western/Clark's Grebe (<em class="sci">Aechmophorus occidentalis/clarkii</em>)	0.0	0.0	0.0	0.0	0.0	0.0	0.0	0.0	0.0	0.0	0.0	0.0	0.0833333	0.0	0.0	0.0	0.0	0.0	0.0	0.0	0.0	0.0	0.0	0.0	0.0	0.0	0.0	0.0	0.0	0.0	0.0	0.0	0.0	0.0	0.0	0.0	0.0	0.0	0.0	0.0	0.0	0.0	0.125	0.0	0.0	0.0	0.0	0.0	
grebe sp. (<em class="sci">Podicipedidae sp.</em>)	0.0	0.0	0.0	0.0	0.0	0.0	0.0833333	0.0	0.0	0.0	0.0	0.0	0.0833333	0.0	0.0	0.0	0.0	0.0	0.0	0.0	0.0	0.0	0.0	0.0	0.0	0.0	0.0	0.0	0.0	0.0	0.0	0.0	0.0	0.0	0.0	0.0	0.0	0.0	0.0	0.0	0.0	0.0	0.0	0.0	0.0	0.0	0.0	0.0	
Rock Pigeon (<em class="sci">Columba livia</em>)	0.8333333	0.2857143	0.7142857	0.3333333	0.6666667	0.8888889	0.5833333	0.6666667	0.6	0.0015	0.5714286	0.7272727	0.8333333	1.0	0.6666667	0.5	1.0	1.0	0.0	0.0015	1.0	1.0	0.0	0.0	1.0	1.0	1.0	0.0015	1.0	1.0	0.0	0.0	0.0	0.0	0.5	0.0	1.0	0.4	0.5	0.3636364	0.6666667	0.6	0.625	0.2857143	0.75	0.6666667	1.0	0.7	
Rock/Band-tailed Pigeon (<em class="sci">Columba livia/Patagioenas fasciata</em>)	0.0	0.1428571	0.0	0.0	0.0	0.0	0.0	0.0	0.0	0.0	0.0	0.0	0.0	0.0	0.0	0.0	0.0	0.0	0.0	0.0	0.0	0.0	0.0	0.0	0.0	0.0	0.0	0.0	0.0	0.0	0.0	0.0	0.0	0.0	0.0	0.0	0.0	0.0	0.0	0.0	0.0	0.0	0.0	0.0	0.0	0.0	0.0	0.0	
Eurasian Collared-Dove (<em class="sci">Streptopelia decaocto</em>)	0.0	0.0	0.0	0.0	0.0	0.0	0.0	0.0	0.0	0.0	0.0	0.0909091	0.0	0.0	0.0	0.0	0.0	0.0	0.0	0.0	0.0	0.0	0.0	0.0	0.0	0.0	0.0	0.0	0.0	0.0	0.0	0.0	0.0	0.0	0.0	0.0	0.0	0.0	0.0	0.0	0.0	0.0	0.0	0.0	0.0	0.0	0.0	0.0	
Anna's Hummingbird (<em class="sci">Calypte anna</em>)	0.6666667	0.4285714	0.7142857	0.4444444	0.1666667	0.6666667	0.3333333	0.3333333	0.6	0.6666667	0.7142857	0.3636364	0.4166667	0.7142857	0.3333333	0.5	1.0	0.0	1.0	0.0	0.0	0.0	0.0	0.0	0.0	0.3333333	0.0	0.0	0.0	0.0	0.0	0.0	0.0	1.0	0.5	0.0	0.5	0.4	0.0	0.1818182	0.4444444	0.0	0.375	0.1428571	0.25	0.3333333	1.0	0.6	
hummingbird sp. (<em class="sci">Trochilidae sp.</em>)	0.0	0.0	0.0	0.0	0.0	0.0	0.0	0.1666667	0.0	0.0	0.0	0.0909091	0.0	0.0	0.0	0.0	0.0	0.0	0.0	0.0	0.0	0.0	0.0	0.0	0.0	0.0	0.0	0.0	0.0	0.0	0.0	0.0	0.0	0.0	0.0	0.0	0.0	0.0	0.0	0.0	0.0	0.0	0.0	0.0	0.0	0.3333333	0.0	0.0	
American Coot (<em class="sci">Fulica americana</em>)	0.0	0.0	0.0	0.0	0.1666667	0.1111111	0.0	0.1666667	0.2	0.0	0.0	0.0909091	0.0	0.0	0.0	0.0	0.0	0.0	0.0	0.0	0.0	0.0	0.0	0.0	0.0	0.0	0.0	0.0	0.0	0.0	0.0	0.0	0.0	0.0	0.0	0.0	0.0	0.0	0.0	0.0	0.0	0.0	0.0	0.0	0.0	0.0	0.3333333	0.0	
Killdeer (<em class="sci">Charadrius vociferus</em>)	0.0	0.0	0.0	0.1111111	0.0	0.1111111	0.0	0.0	0.4	0.0	0.0	0.0015	0.0833333	0.0	0.0	0.5	0.6666667	0.0	0.0	0.0	0.0015	0.0	0.0	0.0	0.0	0.3333333	0.5	0.0	0.0	0.0	0.0	0.0	0.0	0.0	0.0	0.0	0.0	0.0	0.0	0.0	0.0	0.2	0.0	0.1428571	0.0	0.0	0.0	0.0	
Black Turnstone (<em class="sci">Arenaria melanocephala</em>)	0.3333333	0.0	0.0	0.0	0.0	0.1111111	0.0	0.0	0.0	0.0	0.0	0.0	0.0	0.0	0.0	0.0	0.0	0.0	0.0	0.0	0.0	0.0	0.0	0.0	0.0	0.0	0.0	0.0	0.0	0.0	0.0	0.0	0.0	0.0	0.0	0.0	0.0	0.0	0.0	0.0	0.0	0.0	0.0	0.0	0.0	0.3333333	0.0	0.1	
Red Phalarope (<em class="sci">Phalaropus fulicarius</em>)	0.0	0.0	0.0	0.0	0.0	0.0	0.0	0.0	0.0	0.0	0.0	0.0	0.0	0.0	0.0	0.0	0.0	0.0	0.0	0.0	0.0	0.0	0.0	0.0	0.0	0.0	0.0	0.0	0.0	0.0	0.0	0.0	0.0	0.0	0.0	0.0	0.0	0.0	0.0	0.0	0.0	0.2	0.0	0.0	0.0	0.0	0.0	0.0	
Spotted Sandpiper (<em class="sci">Actitis macularius</em>)	0.0	0.0	0.0	0.0	0.0	0.0	0.0	0.0	0.0	0.0	0.0	0.0	0.0	0.0	0.0	0.0	0.3333333	0.0	0.0	0.0	0.0	0.0	0.0	0.0	0.0	0.0	0.0	0.0	0.0	0.0	0.0	0.0	0.0	0.0	0.0	0.0	0.0	0.0	0.0	0.0	0.0	0.0	0.0	0.0	0.0	0.0	0.0	0.0	
Common Murre (<em class="sci">Uria aalge</em>)	0.0	0.1428571	0.0	0.0	0.0	0.0	0.0	0.0	0.0	0.0	0.0	0.0	0.0	0.0	0.0	0.5	0.1666667	0.0	0.0	0.0	0.0	0.0	0.0	0.0	0.0	0.0	0.0	0.0	0.0	0.0	0.0	0.0	0.0	0.0	0.0	0.0	0.0	0.0	0.0	0.0	0.0	0.0	0.125	0.0	0.0	0.0	0.0	0.0	
Pigeon Guillemot (<em class="sci">Cepphus columba</em>)	0.3333333	0.1428571	0.1428571	0.7777778	0.3333333	0.6666667	0.25	0.3333333	0.8	1.0	0.2857143	0.4545455	0.8333333	0.4285714	1.0	1.0	0.6666667	0.5	1.0	1.0	0.5	0.0015	0.0	0.0	1.0	1.0	0.5	0.0015	0.5	0.0	0.0	0.0	0.0	0.0	0.0	0.0	0.0	0.0	0.0	0.0	0.0	0.0	0.0	0.0	0.0	0.0	0.0	0.1	
Rhinoceros Auklet (<em class="sci">Cerorhinca monocerata</em>)	0.0	0.0	0.1428571	0.0	0.0	0.0	0.0833333	0.0	0.2	0.0	0.0	0.0	0.0833333	0.0	0.0	0.0	0.0	0.0	0.0	0.0	0.0	0.0	0.0	0.0	0.0	0.0	0.5	0.0	0.0	0.0	0.0	0.0	0.0	0.0	0.0	0.0	0.0	0.0	0.0	0.0	0.1111111	0.0	0.0	0.0	0.0	0.0	0.0	0.0	
alcid sp. (<em class="sci">Alcidae sp.</em>)	0.0	0.0	0.0	0.1111111	0.0	0.0	0.0	0.0	0.0	0.0	0.0	0.0	0.0	0.0	0.0	0.0	0.0	0.0	0.0	0.0	0.0	0.0	0.0	0.0	0.0	0.0	0.0	0.0	0.0	0.0	0.0	0.0	0.0	0.0	0.0	0.0	0.0	0.0	0.0	0.0	0.0	0.0	0.0	0.0	0.0	0.0	0.0	0.0	
Bonaparte's Gull (<em class="sci">Chroicocephalus philadelphia</em>)	0.0	0.0	0.0	0.0	0.0	0.0	0.0	0.0	0.0	0.0	0.0	0.0	0.0	0.0	0.0	0.0	0.0	0.0	0.0	0.0	0.0	0.0	0.0	0.0	0.0	0.0	0.0	0.0	0.0	0.0	0.0	0.0	0.0	0.0	0.0	0.0	0.0	0.0	0.0	0.0	0.0	0.0	0.0	0.1428571	0.0	0.0	0.0	0.0	
Heermann's Gull (<em class="sci">Larus heermanni</em>)	0.0	0.0	0.0	0.0	0.0	0.0	0.0	0.0	0.0	0.0	0.0	0.0	0.0	0.0	0.0	0.0	0.0	0.0	0.0	0.0	0.0	0.0	0.0	0.0	0.0	0.0	0.0	0.0	0.0	0.0	0.0	0.0	0.0	1.0	0.0	0.0	0.0	0.0	0.0	0.0	0.0	0.0	0.0	0.0	0.0	0.0	0.0	0.0	
Mew Gull (<em class="sci">Larus canus</em>)	1.0	0.4285714	0.4285714	0.4444444	0.5	0.4444444	0.1666667	0.3333333	0.2	0.3333333	0.1428571	0.0909091	0.0833333	0.1428571	0.3333333	0.0	0.0	0.0	0.0	0.0	0.0	0.0	0.0	0.0	0.0	0.0	0.0	0.0	0.0	0.0	0.0	0.0	0.0	0.0	0.0	0.0	0.0	0.4	0.0	0.3636364	0.1111111	0.0	0.25	0.2857143	0.25	0.3333333	0.6666667	0.1	
Ring-billed Gull (<em class="sci">Larus delawarensis</em>)	0.3333333	0.2857143	0.1428571	0.1111111	0.1666667	0.0	0.0	0.1666667	0.0	0.0	0.0	0.0	0.0	0.0	0.0	0.0	0.0	0.0	0.0	0.0	0.0	0.0	0.0	0.0	0.0	0.0	0.0	0.0	0.0	0.0	0.0	0.0	0.0	0.0	0.0	0.0	0.0	0.0	0.0015	0.0	0.0	0.0	0.125	0.1428571	0.25	0.0	0.0	0.1	
Western Gull (<em class="sci">Larus occidentalis</em>)	0.0	0.0	0.0	0.1111111	0.0	0.1111111	0.0833333	0.0	0.0	0.3333333	0.0	0.0909091	0.0	0.0	0.0	0.0	0.0	0.0	0.0	0.0	0.0	0.0	0.0	0.0	0.0	0.0	0.0	0.0	0.0	0.0	0.0	0.0	0.0	0.0	0.5	0.0	0.0	0.0	0.0	0.0	0.0	0.0	0.0	0.1428571	0.0	0.0	0.0	0.0	
California Gull (<em class="sci">Larus californicus</em>)	0.0	0.1428571	0.2857143	0.1111111	0.1666667	0.0	0.0	0.0	0.0	0.0	0.0	0.0909091	0.1666667	0.0	0.0	0.0	0.0	0.0	0.0	0.0	0.0	0.0	0.0	0.0	0.0	0.0	0.0	0.0015	0.5	0.0	0.0	0.0	0.0	0.0	0.0	0.0	0.0	0.0	0.0	0.0	0.3333333	0.0	0.125	0.4285714	0.0	0.0	0.0	0.0	
Herring Gull (<em class="sci">Larus argentatus</em>)	0.0	0.0	0.1428571	0.0	0.1666667	0.0	0.0	0.0	0.2	0.0	0.0	0.0	0.0	0.0	0.0	0.0	0.0	0.0	0.0	0.0	0.0	0.0	0.0	0.0	0.0	0.0	0.0	0.0	0.0	0.0	0.0	0.0	0.0	0.0	0.0	0.6666667	0.0	0.0	0.0	0.0909091	0.0	0.0	0.0	0.1428571	0.0	0.0	0.0	0.0	
Iceland Gull (<em class="sci">Larus glaucoides</em>)	0.0	0.0	0.0	0.0	0.0	0.0	0.0	0.0	0.0	0.0	0.0	0.0	0.0	0.0	0.0	0.5	0.0	0.0	0.0	0.0	0.0	0.0	0.0	0.0	0.0	0.0	0.0	0.0	0.0	0.0	0.0	0.0	0.0	0.0	0.0	0.0	0.0	0.0	0.0	0.0	0.0	0.0	0.0	0.0	0.0	0.0	0.0	0.0	
Glaucous-winged Gull (<em class="sci">Larus glaucescens</em>)	0.8333333	0.7142857	0.8571429	0.8888889	0.5	0.8888889	0.75	0.6666667	0.6	0.6666667	0.4285714	0.8181818	1.0	1.0	0.3333333	1.0	0.8333333	1.0	0.0	1.0	1.0	1.0	0.0	0.0	1.0	0.3333333	1.0	0.0	1.0	0.0	1.0	0.0	0.0	1.0	1.0	0.3333333	0.5	0.4	0.5	0.8181818	0.5555556	0.8	0.625	0.8571429	0.75	0.6666667	0.6666667	0.7	
Western x Glaucous-winged Gull (hybrid) (<em class="sci">Larus occidentalis x glaucescens</em>)	0.3333333	0.5714286	0.0	0.0	0.3333333	0.3333333	0.0833333	0.1666667	0.0	0.0	0.2857143	0.0015	0.1666667	0.0	0.0	0.0	0.5	0.5	0.0	0.0	0.0	1.0	0.0	0.0	0.0	0.3333333	0.0	0.0	0.0	0.0	0.0	0.0	0.0	0.0	0.0	0.0	0.0	0.4	0.0	0.3636364	0.2222222	0.0	0.125	0.2857143	0.25	0.0	0.3333333	0.2	
Western/Glaucous-winged Gull (<em class="sci">Larus occidentalis/glaucescens</em>)	0.1666667	0.1428571	0.0	0.0	0.0	0.0	0.0833333	0.1666667	0.0	0.0	0.2857143	0.0909091	0.0833333	0.0	0.0	0.0	0.3333333	0.0	0.0	0.0	0.0	1.0	0.0	0.0	0.0	0.3333333	0.0	0.0	0.0	0.0	0.0	0.0	0.0	0.0	0.0	0.0	0.0	0.2	0.0	0.0909091	0.0	0.0	0.125	0.0	0.0	0.3333333	0.3333333	0.4	
Larus sp. (<em class="sci">Larus sp.</em>)	0.0	0.2857143	0.0	0.0	0.0	0.0	0.1666667	0.0	0.2	0.0	0.0	0.0909091	0.0833333	0.0	0.0	0.0	0.0	0.0	0.0	0.0	0.0	0.0	0.0	0.0	0.0	0.0	0.0	0.0	0.0	0.0	0.0	0.0	0.0	0.0	0.0	0.0	0.0	0.2	0.0	0.1818182	0.1111111	0.0	0.25	0.0	0.25	0.0	0.6666667	0.0	
gull sp. (<em class="sci">Larinae sp.</em>)	0.3333333	0.1428571	0.1428571	0.1111111	0.0	0.2222222	0.0	0.1666667	0.0	0.3333333	0.0	0.3636364	0.1666667	0.1428571	0.3333333	0.0	0.1666667	0.0	0.0	0.0	0.0	0.0	0.0	0.0	0.0	0.0	0.0	0.0	0.5	1.0	0.0	0.0	0.0	0.0	0.0	0.0	0.5	0.2	0.0	0.0	0.2222222	0.4	0.125	0.0	0.25	0.3333333	0.3333333	0.1	
Caspian Tern (<em class="sci">Hydroprogne caspia</em>)	0.0	0.0	0.0	0.0	0.0	0.0	0.0	0.0	0.0	0.0	0.0	0.0	0.0	0.0	0.0	0.0	0.0	0.5	0.0015	1.0	1.0	1.0	0.0	0.0	0.0	1.0	0.5	0.0015	1.0	1.0	0.0	0.0	0.0	1.0	0.5	0.0	0.5	0.0	0.0	0.0	0.0	0.0	0.0	0.0	0.0	0.0	0.0	0.0	
Red-throated Loon (<em class="sci">Gavia stellata</em>)	0.0	0.0	0.0	0.0	0.0	0.0	0.0	0.0	0.0	0.0	0.0	0.0	0.0	0.0	0.0	0.0	0.0	0.0	0.0	0.0	0.0	0.0	0.0	0.0	0.0	0.0	0.0	0.0	0.0	0.0	0.0	0.0	0.0	0.0	0.0	0.0	0.0	0.0	0.0	0.0	0.0	0.0	0.0	0.0	0.0	0.0	0.3333333	0.0	
Common Loon (<em class="sci">Gavia immer</em>)	0.0	0.0	0.0	0.0	0.0	0.0	0.0	0.0	0.0	0.0	0.0	0.0909091	0.0	0.0	0.0	0.0	0.0	0.0	0.0	0.0	0.0	0.0	0.0	0.0	0.0	0.0	0.0	0.0	0.0	0.0	0.0	0.0	0.0	0.0	0.0	0.0	0.0	0.0	0.0	0.0	0.0	0.0	0.0	0.0	0.0	0.0	0.0	0.0	
Brandt's Cormorant (<em class="sci">Phalacrocorax penicillatus</em>)	0.1666667	0.2857143	0.1428571	0.0	0.1666667	0.3333333	0.1666667	0.0	0.0	0.3333333	0.2857143	0.0	0.25	0.0	0.0	0.0	0.1666667	0.0	0.0	0.0	0.0	0.0	0.0	0.0	0.0	0.0	0.0	0.0	0.0	0.0	0.0	0.0	0.0	0.0	0.0	0.0	0.0	0.2	0.0	0.0	0.0	0.0	0.0	0.0	0.25	0.0	0.3333333	0.4	
Pelagic Cormorant (<em class="sci">Phalacrocorax pelagicus</em>)	0.8333333	0.5714286	0.4285714	0.5555556	0.1666667	0.8888889	0.4166667	0.1666667	0.6	0.6666667	0.5714286	0.3636364	0.25	0.7142857	0.3333333	0.5	0.3333333	0.0	0.0	0.0	0.5	0.0	0.0	0.0	0.0015	0.0	0.0	0.0	0.0	0.0	0.0	0.0	0.0	1.0	0.0015	0.3333333	0.0	0.6	0.5	0.1818182	0.4444444	0.4	0.125	0.4285714	0.0	0.3333333	0.6666667	0.4	
Double-crested Cormorant (<em class="sci">Phalacrocorax auritus</em>)	1.0	1.0	1.0	0.8888889	0.6666667	0.8888889	0.75	0.6666667	1.0	1.0	0.8571429	0.8181818	0.6666667	1.0	0.3333333	0.0	0.1666667	0.0	0.0	0.0	0.0	1.0	0.0	0.0	0.0	0.6666667	0.0	0.0	0.0	0.0	0.0	0.0	0.0	0.0	0.0	0.0	1.0	0.8	1.0	0.6363636	1.0	0.8	0.75	0.8571429	1.0	1.0	1.0	1.0	
cormorant sp. (<em class="sci">Phalacrocoracidae sp.</em>)	0.1666667	0.0	0.0	0.0	0.0	0.0	0.0833333	0.1666667	0.2	0.0	0.0	0.0	0.1666667	0.1428571	0.0	0.0	0.1666667	0.0	0.0	0.0	0.5	0.0	0.0	0.0	0.0	0.0	0.0	0.0	0.0015	0.0	0.0	0.0	0.0	0.0	0.0	0.0	0.5	0.0	0.0	0.0909091	0.0	0.2	0.25	0.0	0.25	0.0	0.0	0.0	
Great Blue Heron (<em class="sci">Ardea herodias</em>)	0.5	0.2857143	0.2857143	0.0	0.0	0.0	0.0	0.0	0.2	0.0	0.0	0.0	0.0	0.1428571	0.0	0.0	0.1666667	0.0	0.0	0.0	0.0	0.0	0.0	0.0	1.0	0.0	0.5	0.0015	0.5	0.0	0.0	0.0	0.0	0.0	0.5	1.0	0.0	0.2	0.5	0.1818182	0.0	0.0	0.0	0.1428571	0.25	0.0	0.0	0.1	
Osprey (<em class="sci">Pandion haliaetus</em>)	0.0	0.0	0.0	0.0	0.0	0.0	0.0	0.0	0.0	0.0	0.0	0.0	0.0	0.0	0.0	0.0	0.3333333	0.0	0.0	0.0	0.0	0.0	0.0	0.0	0.0	0.6666667	0.0	0.0	0.0	0.0	0.0	0.0	0.0	0.0	0.5	0.3333333	0.0	0.0	0.0	0.0	0.0	0.0	0.0	0.0	0.0	0.0	0.0	0.0	
Sharp-shinned Hawk (<em class="sci">Accipiter striatus</em>)	0.0	0.1428571	0.0	0.0	0.0	0.0	0.0	0.0	0.0	0.0	0.0	0.0	0.0	0.0	0.0	0.0	0.0	0.0	0.0	0.0	0.0	0.0	0.0	0.0	0.0	0.0	0.0	0.0	0.0	0.0	0.0	0.0	0.0	0.0	0.0	0.0	0.0	0.0	0.0	0.0	0.0	0.0	0.0	0.0	0.0	0.0	0.0	0.1	
Cooper's Hawk (<em class="sci">Accipiter cooperii</em>)	0.0	0.0	0.0	0.0	0.0	0.1111111	0.0	0.0	0.0	0.0	0.0	0.0	0.0833333	0.0	0.0	0.0	0.0	0.0	0.0	0.0	0.0	0.0	0.0	0.0	0.0	0.0	0.0	0.0	0.0	0.0	0.0	0.0	0.0	0.0	0.0	0.0	0.0	0.0	0.0	0.0	0.1111111	0.2	0.125	0.0	0.0	0.0	0.3333333	0.0	
Bald Eagle (<em class="sci">Haliaeetus leucocephalus</em>)	0.6666667	0.1428571	0.2857143	0.2222222	0.1666667	0.1111111	0.25	0.1666667	0.4	0.0	0.2857143	0.0909091	0.25	0.5714286	0.0	0.0015	0.0	0.0	0.0	0.0	0.0	0.0	0.0	0.0	0.0	0.3333333	0.5	0.0	0.0	0.0	0.0	0.0	0.0	0.0	0.0	0.0	0.0	0.2	0.0	0.0	0.1111111	0.4	0.5	0.0	0.0	0.0	0.3333333	0.4	
Red-tailed Hawk (<em class="sci">Buteo jamaicensis</em>)	0.1666667	0.0	0.0	0.0	0.0	0.0	0.0	0.1666667	0.0	0.0	0.0	0.0	0.0	0.0	0.0	0.0	0.0	0.0	0.0	0.0	0.0	0.0	0.0	0.0	0.0	0.0	0.0	0.0	0.0	0.0	0.0	0.0	0.0	0.0	0.0	0.0	0.0	0.0	0.0	0.0909091	0.1111111	0.0	0.0	0.0	0.0	0.0	0.0	0.0	
Barn Owl (<em class="sci">Tyto alba</em>)	0.0	0.0	0.0	0.0	0.0	0.0	0.0	0.0	0.0	0.0	0.0	0.0	0.0	0.0	0.0	0.0	0.0	0.0	0.0	0.0	0.0	0.0	0.0	0.0	0.0	0.0	0.0	0.0	0.0	0.0	0.0	0.0	0.0	0.0	0.0	0.0	0.0	0.2	0.0	0.0	0.0	0.0	0.0	0.0	0.0	0.0	0.0	0.0	
Belted Kingfisher (<em class="sci">Megaceryle alcyon</em>)	0.1666667	0.2857143	0.1428571	0.0	0.0	0.0	0.0	0.1666667	0.0	0.0	0.1428571	0.0909091	0.0	0.0015	0.0	0.0	0.0	0.5	0.0	0.0	0.0	0.0	0.0	0.0	0.0	0.0	0.5	1.0	1.0	0.0	0.0	0.0	0.0	1.0	0.5	0.0	0.5	0.2	0.0	0.0909091	0.1111111	0.2	0.375	0.4285714	0.0	0.0	0.0	0.1	
Downy Woodpecker (<em class="sci">Dryobates pubescens</em>)	0.0	0.0	0.1428571	0.0	0.0	0.0	0.0	0.0	0.0	0.0	0.0	0.0	0.0	0.0	0.0	0.0	0.0	0.0	0.0	0.0	0.0	0.0	0.0	0.0	0.0	0.0	0.0	0.0	0.0	0.0	0.0	0.0	0.0	0.0	0.0	0.0	0.0	0.0	0.0	0.0	0.0	0.0	0.0	0.0	0.0	0.0	0.0	0.0	
Northern Flicker (<em class="sci">Colaptes auratus</em>)	0.1666667	0.0	0.0	0.0	0.0	0.0	0.0	0.0	0.0	0.0	0.0	0.0	0.0	0.0	0.0	0.0	0.0	0.0	0.0	0.0	0.0	0.0	0.0	0.0	0.0	0.0	0.0	0.0	0.0	0.0	0.0	0.0	0.0	0.0015	0.0	0.0	0.0	0.0	0.0	0.0909091	0.0	0.0	0.0	0.1428571	0.0	0.0	0.3333333	0.2	
Merlin (<em class="sci">Falco columbarius</em>)	0.0	0.0	0.0	0.0	0.0	0.0015	0.0	0.0	0.0	0.0	0.0	0.0	0.0	0.0	0.0	0.0	0.0	0.0	0.0	0.0	0.0	0.0	0.0	0.0	0.0	0.0	0.0	0.0	0.0	0.0	0.0	0.0	0.0	0.0	0.0	0.0	0.0	0.0	0.0	0.0	0.0	0.0	0.0	0.0	0.0	0.0	0.0	0.0	
Peregrine Falcon (<em class="sci">Falco peregrinus</em>)	0.1666667	0.4285714	0.0	0.1111111	0.1666667	0.1111111	0.0	0.0	0.0	0.3333333	0.0	0.0015	0.1666667	0.0	0.0	0.0	0.0	0.0	0.0	0.0	0.0	0.0	0.0	0.0	0.0	0.0	0.5	0.0	0.0	0.0	0.0	0.0	0.0	0.0	0.0	0.0	0.5	0.0	0.5	0.0	0.0	0.2	0.375	0.2857143	0.0	0.3333333	0.6666667	0.0	
falcon sp. (<em class="sci">Falco sp.</em>)	0.0	0.0	0.0	0.0	0.0	0.1111111	0.0	0.0	0.0	0.0	0.0	0.0	0.0	0.0	0.0	0.0	0.0	0.0	0.0	0.0	0.0	0.0	0.0	0.0	0.0	0.0	0.0	0.0	0.0	0.0	0.0	0.0	0.0	0.0	0.0	0.0	0.0	0.0	0.0	0.0	0.0	0.0	0.0	0.0	0.0	0.0	0.0	0.0	
Steller's Jay (<em class="sci">Cyanocitta stelleri</em>)	0.0	0.0	0.0	0.0	0.0	0.0	0.0	0.0	0.0	0.0	0.0	0.0	0.1666667	0.0	0.0	0.0	0.0	0.0	0.0	0.0	0.0	0.0	0.0	0.0	0.0	0.0	0.0	0.0	0.0	0.0	0.0	0.0	0.0	0.0015	0.0	0.0	0.0	0.0	0.0	0.0	0.0	0.0	0.0	0.0	0.0	0.0	0.0	0.0	
American Crow (<em class="sci">Corvus brachyrhynchos</em>)	0.6666667	0.7142857	0.5714286	0.7777778	0.8333333	0.7777778	0.75	0.3333333	0.8	0.3333333	0.7142857	0.9090909	0.6666667	1.0	1.0	0.0	0.8333333	1.0	0.0	1.0	0.5	1.0	0.0	0.0	1.0	0.6666667	0.0	1.0	1.0	1.0	0.0	0.0	0.0	1.0	0.5	0.3333333	1.0	0.8	0.0	0.6363636	0.5555556	0.6	0.375	0.5714286	1.0	0.3333333	0.3333333	0.8	
American/Northwestern Crow (<em class="sci">Corvus brachyrhynchos/caurinus</em>)	0.1666667	0.0	0.2857143	0.1111111	0.0	0.0	0.0833333	0.1666667	0.0	0.3333333	0.1428571	0.0909091	0.1666667	0.0015	0.0	0.5	0.8333333	0.0	0.0	0.0	0.5	0.0	0.0	0.0	0.0	0.3333333	0.0	0.0	0.5	0.0	0.0	0.0	0.0	0.0	0.0	0.3333333	0.0	0.0	0.0	0.0	0.0	0.0	0.125	0.0	0.0	0.3333333	0.6666667	0.0	
Common Raven (<em class="sci">Corvus corax</em>)	0.1666667	0.0	0.0	0.0	0.0	0.0	0.0	0.0	0.0	0.0	0.0	0.0	0.0	0.0	0.0	0.0	0.0	0.0	0.0	0.0	0.0	0.0	0.0	0.0	0.0	0.0	0.0	0.0	0.0	0.0	0.0	0.0	0.0	0.0	0.0	0.0	0.5	0.0	0.0	0.0	0.0	0.0	0.0	0.0	0.0	0.0	0.0	0.0	
Black-capped Chickadee (<em class="sci">Poecile atricapillus</em>)	0.5	0.1428571	0.2857143	0.2222222	0.0	0.4444444	0.1666667	0.1666667	0.0	0.6666667	0.5714286	0.5454545	0.4166667	0.5714286	0.0	0.5	0.6666667	0.0	0.0	0.0	0.0	0.0	0.0	0.0	0.0	0.6666667	0.0	0.0	0.0	1.0	0.0	0.0	0.0	0.0015	0.0015	0.0	0.0	0.8	0.0	0.2727273	0.5555556	0.4	0.25	0.1428571	0.0	0.0	0.0	0.4	
Chestnut-backed Chickadee (<em class="sci">Poecile rufescens</em>)	0.0	0.0	0.0	0.1111111	0.0	0.0	0.0	0.0	0.0	0.0	0.0	0.0	0.0	0.0	0.0	0.0	0.0	0.0	0.0	0.0	0.0	0.0	0.0	0.0	0.0	0.0	0.0	0.0	0.0	0.0	0.0	0.0	0.0	0.0	0.0015	0.0	0.0	0.0	0.0	0.0	0.0	0.0	0.0	0.1428571	0.0	0.0	0.3333333	0.0	
chickadee sp. (<em class="sci">Poecile sp.</em>)	0.1666667	0.0	0.0	0.0	0.0	0.0	0.0	0.0	0.0	0.0	0.0	0.0	0.0	0.0	0.0	0.0	0.0	0.0	0.0	0.0	0.0	0.0	0.0	0.0	0.0	0.0	0.0	0.0	0.0	0.0	0.0	0.0	0.0	0.0	0.0	0.0	0.0	0.0	0.0	0.0	0.0	0.0	0.0	0.0	0.0	0.3333333	0.0	0.0	
Purple Martin (<em class="sci">Progne subis</em>)	0.0	0.0	0.0	0.0	0.0	0.0	0.0	0.0	0.0	0.0	0.0	0.0	0.0	0.0	0.3333333	0.0	0.0	0.0	0.0	0.0	0.0	0.0	0.0	0.0	0.0015	0.0	0.0	0.0015	0.5	0.0	0.0	0.0	0.0	0.0	0.0	0.0	0.0	0.0	0.0	0.0	0.0	0.0	0.0	0.0	0.0	0.0	0.0	0.0	
Tree Swallow (<em class="sci">Tachycineta bicolor</em>)	0.0	0.0	0.0	0.0	0.0	0.0	0.0	0.0	0.0	0.0	0.0	0.0	0.0	0.0	0.0	0.0	0.1666667	0.0	0.0	0.0015	0.0	0.0	0.0	0.0	0.0	0.3333333	0.0	0.0	0.0	0.0	0.0	0.0	0.0	0.0	0.0	0.0	0.0	0.0	0.0	0.0	0.0	0.0	0.0	0.0	0.0	0.0	0.0	0.0	
Violet-green Swallow (<em class="sci">Tachycineta thalassina</em>)	0.0	0.0	0.0	0.0	0.0	0.0	0.0	0.0	0.0	0.0	0.0	0.0	0.0833333	0.0	0.0	0.0	0.3333333	0.0	0.0	1.0	0.0	0.0	0.0	0.0	1.0	0.6666667	0.0	0.0	0.0	0.0	0.0	0.0	0.0	0.0	0.0	0.0	0.0	0.0	0.0	0.0	0.0	0.0	0.0	0.0	0.0	0.0	0.0	0.0	
Barn Swallow (<em class="sci">Hirundo rustica</em>)	0.0	0.0	0.0	0.0	0.0	0.0	0.0	0.0	0.0	0.0	0.0	0.0	0.0	0.0	0.0	0.0	0.3333333	0.0	0.0	1.0	0.5	0.0	0.0	0.0	0.0	0.3333333	0.0	0.0	0.0	0.0	0.0	0.0	0.0	0.0	0.0	0.0	0.0	0.0	0.0	0.0	0.0	0.0	0.0	0.0	0.0	0.0	0.0	0.0	
Cliff Swallow (<em class="sci">Petrochelidon pyrrhonota</em>)	0.0	0.0	0.0	0.0	0.0	0.0	0.0	0.0	0.0	0.0	0.0	0.0	0.0	0.0	0.0	0.0	0.0	0.0	0.0	0.0	0.0	0.0	0.0	0.0	0.0	0.0	0.0	0.0	0.5	0.0	0.0	0.0	0.0	0.0	0.0	0.0	0.0	0.0	0.0	0.0	0.0	0.0	0.0	0.0	0.0	0.0	0.0	0.0	
swallow sp. (<em class="sci">Hirundinidae sp.</em>)	0.0	0.0	0.0	0.0	0.0	0.0	0.0	0.0	0.0	0.0	0.0	0.0	0.0	0.0	0.0	0.0	0.1666667	0.5	0.0	0.0	0.0	0.0	0.0	0.0	0.0	0.0	0.0	0.0	0.0	0.0	0.0	0.0	0.0	0.0	0.0	0.0	0.0	0.0	0.0	0.0	0.0	0.0	0.0	0.0	0.0	0.0	0.0	0.0	
Bushtit (<em class="sci">Psaltriparus minimus</em>)	0.0	0.0	0.1428571	0.2222222	0.1666667	0.1111111	0.0	0.0	0.2	0.0015	0.5714286	0.4545455	0.5	0.7142857	0.3333333	0.5	0.8333333	0.5	0.0	0.0	0.5	1.0	0.0	0.0	0.0	0.6666667	0.0	0.0	0.0	1.0	0.0	0.0	0.0	1.0	0.0	0.0	0.0	0.0	0.0	0.2727273	0.4444444	0.2	0.0015	0.2857143	0.0	0.3333333	0.6666667	0.2	
Golden-crowned Kinglet (<em class="sci">Regulus satrapa</em>)	0.1666667	0.0	0.0	0.0	0.0	0.0	0.0	0.0	0.0	0.0	0.0	0.0	0.0	0.0	0.0	0.0	0.0	0.0	0.0	0.0	0.0	0.0	0.0	0.0	0.0	0.0	0.0	0.0	0.0	0.0	0.0	0.0	0.0	0.0	0.0	0.0	0.0	0.0	0.0	0.0	0.1111111	0.0	0.0	0.0	0.0	0.0	0.3333333	0.0	
Ruby-crowned Kinglet (<em class="sci">Regulus calendula</em>)	0.1666667	0.0	0.1428571	0.1111111	0.0	0.2222222	0.0	0.0	0.2	0.0	0.2857143	0.0015	0.0	0.0	0.0	0.0	0.0	0.0	0.0	0.0	0.0	0.0	0.0	0.0	0.0	0.0	0.0	0.0	0.0	0.0	0.0	0.0	0.0	0.0	0.0	0.0	0.0	0.0	0.0	0.0	0.2222222	0.0	0.0	0.0	0.0	0.0	0.0	0.0	
Pacific Wren (<em class="sci">Troglodytes pacificus</em>)	0.1666667	0.0	0.0	0.1111111	0.0	0.0	0.0	0.0	0.0	0.0	0.0	0.0	0.0	0.0	0.0	0.0	0.0	0.0	0.0	0.0	0.0	0.0	0.0	0.0	0.0	0.0	0.0	0.0	0.0	0.0	0.0	0.0	0.0	0.0	0.0	0.0	0.0	0.0	0.0	0.0	0.0	0.0	0.0	0.0	0.0	0.0	0.0	0.0	
Bewick's Wren (<em class="sci">Thryomanes bewickii</em>)	0.0	0.0	0.1428571	0.0	0.3333333	0.1111111	0.0	0.1666667	0.0	0.0	0.1428571	0.0909091	0.1666667	0.0	0.0	0.0	0.3333333	0.0	0.0	0.0	0.0	0.0	0.0	0.0	0.0	0.0	0.0	0.0	0.0	0.0	0.0	0.0	0.0	0.0	0.0015	0.0	0.0	0.0	0.0	0.0	0.1111111	0.0	0.0	0.0	0.25	0.0	0.0	0.2	
European Starling (<em class="sci">Sturnus vulgaris</em>)	0.8333333	0.7142857	0.2857143	0.3333333	0.6666667	0.7777778	0.25	0.3333333	0.2	0.6666667	0.7142857	1.0	0.75	0.8571429	0.6666667	0.5	1.0	1.0	1.0	1.0	1.0	1.0	0.0	0.0	1.0	1.0	0.0	0.0015	1.0	1.0	0.0	0.0	0.0	0.0	0.0	1.0	0.0	0.0	0.0	0.2727273	0.4444444	0.4	0.25	0.2857143	0.0	0.6666667	0.6666667	0.0	
American Robin (<em class="sci">Turdus migratorius</em>)	0.1666667	0.0	0.1428571	0.1111111	0.3333333	0.1111111	0.0833333	0.0	0.2	0.6666667	0.1428571	0.2727273	0.1666667	0.1428571	0.3333333	0.0	0.6666667	0.0	0.0	0.0	0.0	0.0	0.0	0.0	0.0	0.0	0.0	0.0	0.5	0.0	0.0	0.0	0.0	0.0	0.0	0.0	0.5	0.0	0.0	0.0	0.0	0.0	0.0	0.2857143	0.0	0.0	0.3333333	0.3	
House Sparrow (<em class="sci">Passer domesticus</em>)	0.6666667	0.2857143	0.4285714	0.2222222	0.6666667	0.7777778	0.0833333	0.5	0.4	0.3333333	0.7142857	0.4545455	0.6666667	0.2857143	0.3333333	0.5	1.0	0.0	1.0	1.0	0.5	0.0	0.0	0.0	1.0	1.0	0.5	0.0	0.0	0.0	0.0	0.0	0.0	1.0	0.0	0.3333333	0.0	0.4	0.5	0.0909091	0.5555556	0.4	0.0015	0.1428571	0.25	1.0	1.0	0.5	
American Pipit (<em class="sci">Anthus rubescens</em>)	0.0	0.0	0.0	0.0	0.0	0.1111111	0.0	0.0	0.0	0.0	0.0	0.0	0.0	0.0	0.0	0.0	0.0	0.0	0.0	0.0	0.0	0.0	0.0	0.0	0.0	0.0	0.0	0.0	0.0	0.0	0.0	0.0	0.0	0.0	0.0	0.0	0.0	0.0	0.0	0.0	0.0	0.0	0.0	0.0	0.0	0.0	0.0	0.0	
House Finch (<em class="sci">Haemorhous mexicanus</em>)	0.3333333	0.1428571	0.1428571	0.0	0.0	0.0015	0.0833333	0.1666667	0.2	0.0	0.4285714	0.3636364	0.5	0.5714286	0.3333333	1.0	0.6666667	0.5	0.0	0.0	0.0	1.0	0.0	0.0	0.0	0.6666667	0.5	0.0	0.0	0.0	0.0	0.0	0.0	0.0	0.5	0.0	0.5	0.2	0.0	0.1818182	0.4444444	0.6	0.125	0.1428571	0.25	0.3333333	0.6666667	0.3	
Pine Siskin (<em class="sci">Spinus pinus</em>)	0.0	0.0	0.1428571	0.0	0.0	0.0	0.0	0.0	0.0	0.0	0.0	0.0	0.0	0.0	0.0	0.5	0.0	0.0	0.0	0.0	0.0	0.0	0.0	0.0	0.0	0.0	0.0	0.0	0.0	0.0	0.0	0.0	0.0	0.0	0.0	0.0	0.0	0.0	0.0	0.0	0.1111111	0.0	0.0	0.0	0.0	0.0	0.0	0.0	
American Goldfinch (<em class="sci">Spinus tristis</em>)	0.1666667	0.0	0.1428571	0.0	0.1666667	0.0	0.0833333	0.0	0.0	0.3333333	0.1428571	0.0909091	0.1666667	0.0	0.0	0.0	0.1666667	0.0	0.0	0.0	0.0	0.0	0.0	0.0	0.0	0.0	0.0	0.0	0.0	0.0	0.0	0.0	0.0	0.0	0.0	0.0	0.5	0.0	0.0	0.0	0.1111111	0.0	0.0	0.0	0.0	0.0	0.0	0.0	
Chipping Sparrow (<em class="sci">Spizella passerina</em>)	0.0	0.0	0.0	0.0	0.0	0.0	0.0	0.0	0.0	0.0	0.0	0.0	0.0	0.0	0.0	0.0	0.1666667	0.0	0.0	0.0	0.0	0.0	0.0	0.0	0.0	0.0	0.0	0.0	0.0	0.0	0.0	0.0	0.0	0.0	0.0	0.0	0.0	0.0	0.0	0.0	0.0	0.0	0.0	0.0	0.0	0.0	0.0	0.0	
Fox Sparrow (<em class="sci">Passerella iliaca</em>)	0.0	0.0	0.0	0.1111111	0.1666667	0.0	0.0	0.0	0.0	0.0	0.0	0.0	0.0	0.0	0.0	0.0	0.0	0.0	0.0	0.0	0.0	0.0	0.0	0.0	0.0	0.0	0.0	0.0	0.0	0.0	0.0	0.0	0.0	0.0	0.0	0.0	0.5	0.0	0.0	0.0	0.0	0.2	0.0	0.1428571	0.0	0.0	0.0	0.0	
Dark-eyed Junco (<em class="sci">Junco hyemalis</em>)	0.5	0.1428571	0.5714286	0.3333333	0.1666667	0.5555556	0.1666667	0.1666667	0.0	0.3333333	0.2857143	0.0909091	0.0	0.0015	0.0	0.0	0.0	0.0	0.0	0.0	0.0	0.0	0.0	0.0	0.0	0.0	0.0	0.0	0.0	0.0	0.0	0.0	0.0	0.0015	0.0	0.0	0.0	0.2	0.0	0.0909091	0.3333333	0.0	0.0	0.0	0.0	0.3333333	0.0	0.4	
White-crowned Sparrow (<em class="sci">Zonotrichia leucophrys</em>)	0.1666667	0.0015	0.0	0.1111111	0.0	0.2222222	0.0	0.0015	0.2	0.0	0.2857143	0.3636364	0.8333333	0.7142857	0.6666667	0.5	0.8333333	0.5	1.0	1.0	0.5	1.0	0.0	0.0	1.0	1.0	1.0	0.0	0.5	0.0	0.0	0.0	0.0	0.0	0.5	0.0	0.0	0.4	0.0	0.1818182	0.3333333	0.2	0.0	0.0	0.0	0.0	0.6666667	0.2	
Golden-crowned Sparrow (<em class="sci">Zonotrichia atricapilla</em>)	0.1666667	0.1428571	0.0	0.0	0.0	0.4444444	0.0	0.0	0.2	0.0	0.1428571	0.0	0.0833333	0.0015	0.0	0.0	0.1666667	0.0	0.0	0.0	0.0	0.0	0.0	0.0	0.0	0.0	0.0	0.0	0.0	0.0	0.0	0.0	0.0	0.0	0.0	0.0	0.0	0.0	0.0	0.0	0.1111111	0.0	0.0	0.0	0.0	0.0	0.3333333	0.2	
White-throated Sparrow (<em class="sci">Zonotrichia albicollis</em>)	0.0	0.0	0.0	0.0	0.0	0.0	0.0	0.0	0.0	0.0	0.0	0.0	0.0	0.0	0.0	0.0	0.1666667	0.0	0.0	0.0	0.0	0.0	0.0	0.0	0.0	0.0	0.0	0.0	0.0	0.0	0.0	0.0	0.0	0.0	0.0	0.0	0.0	0.0	0.0	0.0	0.0	0.0	0.0	0.0	0.0	0.0	0.0	0.0	
Savannah Sparrow (<em class="sci">Passerculus sandwichensis</em>)	0.0	0.0	0.0	0.0	0.0	0.0	0.0	0.0	0.0	0.0	0.0	0.0	0.0	0.0	0.0	0.0	0.3333333	0.0	0.0	0.0	0.0	0.0	0.0	0.0	0.0	0.0	0.0	0.0	0.0	0.0	0.0	0.0	0.0	0.0	0.5	0.3333333	0.0	0.0	0.0	0.0	0.0	0.0	0.0	0.0	0.0	0.0	0.0	0.0	
Song Sparrow (<em class="sci">Melospiza melodia</em>)	0.6666667	0.2857143	0.4285714	0.5555556	0.3333333	0.4444444	0.5	0.3333333	0.4	0.3333333	0.1428571	0.6363636	0.6666667	0.7142857	0.3333333	0.5	0.8333333	0.0	0.0	0.0	0.0	0.0	0.0	0.0	0.0	0.6666667	0.5	0.0	0.0	0.0	0.0	0.0	0.0	0.0	0.5	0.3333333	1.0	0.6	0.5	0.2727273	0.5555556	0.4	0.375	0.1428571	0.0	0.3333333	1.0	0.6	
Spotted Towhee (<em class="sci">Pipilo maculatus</em>)	0.0	0.0	0.1428571	0.0	0.0	0.0015	0.0	0.0	0.0	0.0	0.0	0.0	0.0	0.0	0.0	0.0	0.0	0.0	0.0	0.0	0.0	0.0	0.0	0.0	0.0	0.0	0.0	0.0	0.0	0.0	0.0	0.0	0.0	0.0	0.0	0.0	0.0	0.0	0.0	0.0	0.0	0.2	0.0	0.0	0.0	0.0	0.3333333	0.1	
sparrow sp. (<em class="sci">Passerellidae sp. (sparrow sp.)</em>)	0.0	0.0	0.0	0.0	0.0	0.0	0.0	0.0	0.0	0.3333333	0.0	0.0909091	0.0	0.1428571	0.0	0.0	0.0	0.0	0.0	0.0	0.0	0.0	0.0	0.0	0.0	0.0	0.0	0.0	0.0	0.0	0.0	0.0	0.0	0.0	0.0	0.0	0.0	0.0	0.0	0.0	0.0	0.0	0.0	0.0	0.0	0.0	0.0	0.0	
Red-winged Blackbird (<em class="sci">Agelaius phoeniceus</em>)	0.0	0.0	0.0	0.0	0.0	0.0	0.0	0.0	0.0	0.0	0.0	0.0	0.0	0.0	0.0	0.0	0.0	0.0	0.0	0.0	0.0	0.0	0.0	0.0	0.0	0.0	0.0	0.0	0.0	0.0	0.0	0.0	0.0	0.0	0.0	0.0	0.0	0.0	0.0	0.0	0.0	0.0	0.0	0.0	0.0	0.3333333	0.0	0.0	
Brown-headed Cowbird (<em class="sci">Molothrus ater</em>)	0.0	0.0	0.0	0.0	0.0	0.0	0.0	0.0	0.0	0.0	0.0	0.0	0.0	0.0	0.0	0.0	0.5	0.0	1.0	1.0	0.0	0.0	0.0	0.0	0.0	0.0	0.0	0.0	0.0	0.0	0.0	0.0	0.0	0.0	0.0	0.0	0.0	0.0	0.0	0.0	0.0	0.0	0.0	0.0	0.0	0.0	0.0	0.0	
Brewer's Blackbird (<em class="sci">Euphagus cyanocephalus</em>)	0.0	0.0	0.0	0.0	0.0	0.0	0.0	0.0	0.0	0.0	0.0	0.0	0.0	0.0	0.0	0.0	0.0	0.0	0.0	0.0	0.0015	0.0	0.0	0.0	0.0	0.0	0.5	0.0	0.0	0.0	0.0	0.0	0.0	0.0	0.0	0.0	0.0	0.0	0.0	0.0	0.0	0.0	0.0	0.0	0.0	0.0	0.0	0.0	
Orange-crowned Warbler (<em class="sci">Leiothlypis celata</em>)	0.0	0.0	0.1428571	0.0	0.0	0.1111111	0.0	0.0	0.0	0.0	0.0	0.0	0.0	0.0	0.3333333	0.0	0.0	0.0	0.0	0.0	0.0	0.0	0.0	0.0	0.0	0.0	0.0	0.0	0.0	0.0	0.0	0.0	0.0	0.0	0.0	0.0	0.0	0.0	0.0	0.0	0.0	0.0	0.0	0.0	0.0	0.0	0.0	0.1	
Common Yellowthroat (<em class="sci">Geothlypis trichas</em>)	0.0	0.0	0.0	0.0	0.0	0.0	0.0	0.0	0.0	0.0	0.0	0.0	0.0	0.0	0.0	0.0015	0.0	0.0	0.0	0.0	0.0	0.0	0.0	0.0	0.0	0.0	0.0	0.0	0.0	0.0	0.0	0.0	0.0	0.0	0.0	0.0	0.0	0.0	0.0	0.0	0.0	0.0	0.0	0.0	0.0	0.0	0.0	0.0	
Yellow Warbler (<em class="sci">Setophaga petechia</em>)	0.0	0.0	0.0	0.0	0.0	0.0	0.0	0.0	0.0	0.0	0.0	0.0	0.0	0.0	0.0	0.0	0.1666667	0.0	0.0	0.0	0.0	0.0	0.0	0.0	0.0	0.0	0.0	0.0	0.0	0.0	0.0	0.0	0.0	0.0	0.0	0.0	0.0	0.0	0.0	0.0	0.0	0.0	0.0	0.0	0.0	0.0	0.0	0.0	
Yellow-rumped Warbler (<em class="sci">Setophaga coronata</em>)	0.6666667	0.0	0.4285714	0.1111111	0.0	0.6666667	0.0833333	0.0	0.0	0.0	0.2857143	0.0909091	0.0	0.0	0.0	0.0	0.0	0.0	0.0	0.0	0.0	0.0	0.0	0.0	0.0	0.0	0.0	0.0	0.0	0.0	0.0	0.0	0.0	0.0	0.0	0.0	0.5	0.0	0.0	0.0909091	0.2222222	0.2	0.125	0.5714286	0.0	0.0	0.6666667	0.2	
Townsend's Warbler (<em class="sci">Setophaga townsendi</em>)	0.0	0.0	0.0	0.1111111	0.0	0.0	0.0	0.0	0.0	0.0	0.0	0.0	0.0	0.0	0.0	0.0	0.0	0.0	0.0	0.0	0.0	0.0	0.0	0.0	0.0	0.0	0.0	0.0	0.0	0.0	0.0	0.0	0.0	0.0	0.0	0.0	0.0	0.0	0.0	0.0	0.0	0.0	0.0	0.1428571	0.0	0.0	0.0	0.1	
warbler sp. (Parulidae sp.) (<em class="sci">Parulidae sp.</em>)	0.1666667	0.0	0.0	0.0	0.0	0.0	0.0	0.0	0.0	0.0	0.0	0.0	0.0	0.0	0.0	0.0	0.0	0.0	0.0	0.0	0.0	0.0	0.0	0.0	0.0	0.0	0.0	0.0	0.0	0.0	0.0	0.0	0.0	0.0	0.0	0.0	0.0	0.0	0.0	0.0	0.0	0.0	0.0	0.0	0.0	0.0	0.0	0.0	
passerine sp. (<em class="sci">Passeriformes sp.</em>)	0.0	0.0	0.0	0.0	0.0	0.0	0.0	0.0	0.0	0.0	0.0	0.0	0.0	0.0	0.0	0.0	0.0	0.0	0.0	0.0	0.5	0.0	0.0	0.0	0.0	0.0	0.0	0.0	0.0	0.0	0.0	0.0	0.0	0.0	0.0	0.0	0.0	0.0	0.0	0.0	0.0	0.0	0.0	0.0	0.0	0.0	0.0	0.0	

