









Frequency of observations in the selected location(s).:
Number of taxa: 	136

	Jan				Feb				Mar				Apr				May				Jun				Jul				Aug				Sep				Oct				Nov				Dec				
Sample Size:	5.0	6.0	2.0	2.0	3.0	4.0	7.0	8.0	0.0	4.0	3.0	4.0	0.0	1.0	3.0	0.0	4.0	3.0	0.0	1.0	1.0	2.0	0.0	6.0	1.0	1.0	1.0	8.0	1.0	2.0	2.0	0.0	1.0	3.0	1.0	2.0	1.0	1.0	5.0	5.0	1.0	1.0	3.0	2.0	3.0	1.0	2.0	5.0	

Domestic goose sp. (Domestic type) (<em class="sci">Anser sp. (Domestic type)</em>)	0.0	0.0	0.0	0.0	0.0	0.0	0.0	0.0	0.0	0.0	0.0	0.0	0.0	0.0	0.0	0.0	0.25	0.0	0.0	0.0	0.0	0.0	0.0	0.0	0.0	0.0	0.0	0.0	0.0	0.0	0.0	0.0	0.0	0.0	0.0	0.0	0.0	0.0	0.0	0.0	0.0	0.0	0.0	0.0	0.0	0.0	0.0	0.0	
Black Swan (<em class="sci">Cygnus atratus</em>)	0.0	0.0	0.0	0.0	0.0	0.0	0.0	0.0	0.0	0.0	0.0	0.0	0.0	0.0	0.0	0.0	0.0	0.0	0.0015	0.0	0.0	0.0	0.0	0.0	0.0015	0.0	0.0	0.0	1.0	0.5	0.0	0.0	0.0	0.0	0.0	0.0	0.0015	0.0015	0.0	0.0	0.0	0.0	0.0	0.0	0.0	0.0	0.0	0.4	
Muscovy Duck (Domestic type) (<em class="sci">Cairina moschata (Domestic type)</em>)	0.0	0.0	0.0	0.0	0.0	0.0	0.0	0.0	0.0	0.0	0.0	0.0	0.0	0.0	0.0	0.0	0.0	0.0	0.0015	0.0	0.0	0.0	0.0	0.0	0.0	0.0	0.0	0.0	0.0	0.0	0.0	0.0	0.0	0.0	0.0	0.0	0.0015	0.0	0.0	0.0	0.0	0.0	0.0	0.0	0.0	0.0	0.0	0.0	
Maned Duck (<em class="sci">Chenonetta jubata</em>)	0.6	0.1666667	1.0	0.5	0.3333333	0.5	0.4285714	0.375	0.0	0.5	0.3333333	0.0	0.0	1.0	0.6666667	0.0	0.5	0.6666667	0.0015	1.0	1.0	0.5	0.0	0.6666667	1.0	0.0	1.0	0.375	0.0	0.0	0.0	0.0015	0.0	0.3333333	0.0	0.5	1.0	0.0	0.4	0.6	1.0	0.0	0.6666667	0.0	0.0015	0.0	0.5	0.0	
Pacific Black Duck (<em class="sci">Anas superciliosa</em>)	0.8	0.6666667	1.0	0.5	0.6666667	0.5	0.4285714	0.5	0.0	0.25	0.3333333	0.25	0.0	1.0	0.3333333	0.0	0.25	0.3333333	0.0015	1.0	1.0	0.5	0.0	0.3333333	1.0	1.0	0.0	0.25	1.0	0.0	0.0	0.0015	0.0015	0.6666667	0.0	0.0	1.0	1.0	0.8	0.6	1.0	1.0	0.6666667	0.5	0.0015	1.0	0.5	0.8	
Mallard (Domestic type) (<em class="sci">Anas platyrhynchos (Domestic type)</em>)	0.0	0.0	0.0	0.0	0.0	0.0	0.0	0.0	0.0	0.0	0.0	0.0	0.0	0.0	0.0	0.0	0.0	0.0	0.0015	0.0	0.0	0.0	0.0	0.0	0.0015	0.0	0.0	0.0	0.0	0.0	0.0	0.0	0.0	0.0	0.0	0.0	0.0	0.0	0.0	0.0	0.0	0.0	0.0	0.0	0.0	0.0	0.0	0.0	
Gray Teal (<em class="sci">Anas gracilis</em>)	0.0	0.0	0.0	0.0	0.0	0.0	0.0	0.0	0.0	0.0	0.0	0.0	0.0	0.0	0.0	0.0	0.0	0.0	0.0015	0.0	0.0	0.0	0.0	0.0	0.0	0.0	0.0	0.0	1.0	0.0	0.0	0.0	0.0	0.0	0.0	0.0	0.0	0.0	0.0	0.0	0.0	0.0	0.0	0.0	0.0	0.0	0.0	0.2	
Chestnut Teal (<em class="sci">Anas castanea</em>)	0.2	0.1666667	0.0	0.0	0.0	0.0	0.0	0.0	0.0	0.0	0.0	0.0	0.0	0.0	0.0	0.0	0.0	0.0	0.0015	0.0	0.0	0.0	0.0	0.0	0.0015	1.0	0.0	0.0	0.0	0.0	0.0	0.0	1.0	0.0	0.0	0.0	0.0015	0.0	0.0	0.2	0.0	0.0	0.0	0.0	0.0	0.0	0.0	0.2	
Hardhead (<em class="sci">Aythya australis</em>)	0.0	0.0	0.0	0.0	0.0	0.0	0.0	0.0	0.0	0.0	0.0	0.0	0.0	0.0	0.0	0.0	0.0	0.0	0.0015	0.0	0.0	0.0	0.0	0.0	0.0	0.0	0.0	0.125	1.0	0.0	0.0	0.0	0.0	0.0	0.0	0.0	0.0	0.0	0.0	0.0	0.0	0.0	0.0	0.0	0.0	0.0	0.0	0.2	
Australian Brushturkey (<em class="sci">Alectura lathami</em>)	0.8	0.8333333	1.0	0.5	1.0	1.0	0.7142857	0.625	0.0	0.5	1.0	0.5	0.0	1.0	0.6666667	0.0015	0.5	1.0	0.0015	0.0015	1.0	1.0	0.0	0.5	1.0	0.0015	1.0	0.75	0.0	0.5	0.0015	0.0015	0.0	0.6666667	0.0015	0.5	0.0015	0.0	1.0	1.0	1.0	0.0	1.0	1.0	0.0	0.0	0.5	0.6	
Helmeted Guineafowl (Domestic type) (<em class="sci">Numida meleagris (Domestic type)</em>)	0.2	0.1666667	0.0	0.0	0.3333333	0.25	0.0	0.125	0.0	0.0	0.0	0.0	0.0	0.0	0.0015	0.0	0.0	0.0	0.0015	0.0	0.0	0.0015	0.0	0.1666667	0.0	0.0	0.0	0.125	0.0	0.0	0.0	0.0	0.0	0.0	0.0	0.0	0.0	0.0	0.2	0.2	0.0	0.0	0.3333333	0.0	0.0	0.0	0.0	0.0	
Indian Peafowl (Domestic type) (<em class="sci">Pavo cristatus (Domestic type)</em>)	0.2	0.0	0.0	0.0	0.0	0.0	0.0	0.125	0.0	0.0	0.0	0.0	0.0	0.0015	0.0	0.0	0.0	0.0	0.0015	0.0	0.0015	0.0015	0.0	0.0	1.0	0.0	0.0	0.0	1.0	0.0	0.0	0.0	0.0	0.0	0.0	0.0	0.0	0.0	0.0	0.0	0.0	0.0	0.3333333	0.0	0.0	0.0	0.0	0.0	
Red Junglefowl (Domestic type) (<em class="sci">Gallus gallus (Domestic type)</em>)	0.2	0.0	0.0	0.0	0.0	0.0	0.0	0.0	0.0	0.0	0.0	0.0	0.0	0.0	0.0	0.0	0.0	0.0	0.0015	0.0	0.0	0.0	0.0	0.0	0.0	0.0	0.0	0.0	0.0	0.0	0.0	0.0	0.0	0.0	0.0	0.0	0.0	0.0	0.0	0.0	0.0	0.0	0.0	0.0	0.0	0.0	0.0	0.0	
Australasian Grebe (<em class="sci">Tachybaptus novaehollandiae</em>)	0.0	0.0	0.0	0.0	0.0	0.0	0.0	0.0	0.0	0.0	0.0	0.0	0.0	0.0	0.0	0.0	0.0	0.0	0.0015	0.0	0.0	0.0	0.0	0.0	0.0	0.0	0.0	0.0	0.0	0.0	0.0	0.0	0.0	0.0	0.0	0.0	0.0	0.0	0.0	0.0	0.0	0.0	0.0	0.0	0.0	0.0	0.0	0.0	
grebe sp. (<em class="sci">Podicipedidae sp.</em>)	0.0	0.0	0.0	0.0	0.0	0.0	0.0	0.0	0.0	0.0	0.0	0.0	0.0	0.0	0.0	0.0	0.0	0.0	0.0	0.0	0.0	0.0	0.0	0.0	0.0	0.0	0.0	0.0	1.0	0.0	0.0	0.0	0.0	0.0	0.0	0.0	0.0	0.0	0.0	0.0	0.0	0.0	0.0	0.0	0.0	0.0	0.0	0.0	
Rock Pigeon (<em class="sci">Columba livia</em>)	0.8	0.6666667	1.0	0.5	0.0	0.5	0.4285714	0.5	0.0	0.25	0.3333333	0.5	0.0	1.0	0.3333333	0.0	0.0	0.6666667	0.0015	1.0	1.0	1.0	0.0	0.5	1.0	1.0	0.0015	0.5	1.0	0.0	0.0	0.0015	0.0015	1.0	0.0	0.0015	1.0	1.0	0.6	0.4	1.0	0.0	0.3333333	0.5	0.0015	1.0	0.5	0.6	
White-headed Pigeon (<em class="sci">Columba leucomela</em>)	0.0	0.0	0.0	0.0	0.0	0.0	0.0	0.0	0.0	0.0	0.0	0.0	0.0	0.0	0.0	0.0	0.0	0.0	0.0015	0.0	0.0	0.0	0.0	0.0	0.0	0.0	0.0	0.0	0.0	0.0	0.0	0.0	0.0	0.0	0.0	0.0	0.0	0.0	0.0	0.0	0.0	0.0	0.0	0.0	0.0	0.0	0.0	0.0	
Spotted Dove (<em class="sci">Streptopelia chinensis</em>)	0.2	0.0	0.0	0.0	0.0	0.0	0.4285714	0.0	0.0	0.25	0.0	0.25	0.0	0.0	0.0	0.0	0.0	0.0	0.0015	0.0	0.0015	0.0015	0.0	0.1666667	0.0015	0.0	0.0	0.0	0.0	0.0	0.5	0.0	0.0015	0.0	0.0	0.0	0.0	0.0	0.0	0.2	0.0	0.0	0.0	0.0	0.0015	0.0	0.0	0.4	
Brown Cuckoo-Dove (<em class="sci">Macropygia phasianella</em>)	0.0	0.0	0.0	0.0	0.3333333	0.0	0.0	0.0	0.0	0.0	0.0	0.0	0.0	0.0	0.0	0.0	0.0	0.0	0.0015	0.0	0.0	0.0	0.0	0.0	0.0	0.0	0.0	0.0	0.0	0.0	0.0	0.0	0.0	0.0	0.0	0.0	0.0	0.0	0.0	0.0	0.0	0.0	0.0	0.0	0.0	0.0	0.0	0.0	
Common Bronzewing (<em class="sci">Phaps chalcoptera</em>)	0.0	0.0	0.0	0.0	0.0	0.0	0.0	0.0	0.0	0.0	0.0	0.0	0.0	0.0	0.0	0.0	0.0	0.0	0.0015	0.0	0.0	0.0	0.0	0.0	0.0	0.0	0.0	0.0	0.0	0.0	0.0	0.0	0.0	0.0	0.0	0.0	0.0	0.0	0.0	0.0	0.0	0.0	0.0	0.0	0.0	0.0	0.0	0.0	
Brush Bronzewing (<em class="sci">Phaps elegans</em>)	0.0	0.0	0.0	0.0	0.0	0.0	0.0	0.0	0.0	0.0	0.0	0.0	0.0	0.0	0.0	0.0	0.0	0.0	0.0015	0.0	0.0	0.0	0.0	0.0	0.0	0.0	0.0	0.0	0.0	0.0	0.0	0.0	0.0	0.0	0.0	0.0	0.0	0.0	0.0	0.0	0.0	0.0	0.0	0.5	0.0	0.0	0.0	0.0	
Crested Pigeon (<em class="sci">Ocyphaps lophotes</em>)	0.4	0.1666667	0.0	0.5	0.3333333	0.5	0.2857143	0.25	0.0	0.25	0.3333333	0.0015	0.0	0.0	0.3333333	0.0	0.0	0.3333333	0.0015	1.0	0.0015	1.0	0.0015	0.3333333	0.0015	0.0015	0.0015	0.375	0.0	0.0	0.5	0.0015	0.0015	0.3333333	1.0	0.5	0.0015	0.0	0.0	0.2	0.0	1.0	0.0	0.0	0.0015	1.0	0.5	0.4	
Wonga Pigeon (<em class="sci">Leucosarcia melanoleuca</em>)	0.0	0.0	0.0	0.0	0.0	0.0	0.0	0.0	0.0	0.0	0.0	0.0	0.0	0.0	0.0	0.0	0.0	0.0	0.0015	0.0	0.0	0.0	0.0	0.0	0.0	0.0	0.0	0.0	0.0	0.0	0.0	0.0	0.0	0.0	0.0	0.0	0.0	0.0	0.0	0.0	0.0	0.0	0.0	0.0	0.0	0.0	0.0	0.0	
Bar-shouldered Dove (<em class="sci">Geopelia humeralis</em>)	0.0	0.0	0.0	0.0	0.0	0.0	0.0	0.0	0.0	0.0	0.0	0.0	0.0	0.0	0.0	0.0	0.0	0.0	0.0	0.0	0.0	0.0	0.0	0.0	0.0	0.0	0.0	0.0	0.0	0.0	0.0	0.0	0.0	0.0	0.0	0.0	0.0	0.0	0.2	0.0	0.0	0.0	0.0	0.0	0.0	0.0	0.0	0.0	
Rose-crowned Fruit-Dove (<em class="sci">Ptilinopus regina</em>)	0.0	0.0	0.0	0.0	0.0	0.0	0.0	0.0	0.0	0.0	0.0	0.0	0.0	0.0	0.0	0.0	0.0	0.0	0.0015	0.0	0.0	0.0	0.0	0.0	0.0	0.0	0.0	0.0	0.0	0.0	0.0	0.0	0.0	0.0	0.0	0.0	0.0	0.0	0.0	0.0	0.0	0.0	0.0	0.0	0.0	0.0	0.0	0.0	
Topknot Pigeon (<em class="sci">Lopholaimus antarcticus</em>)	0.0	0.0	0.0	0.0	0.0	0.0	0.1428571	0.25	0.0	0.0	0.0	0.0	0.0	0.0	0.0	0.0	0.0	0.0	0.0015	0.0	0.0	0.0	0.0	0.0	0.0	0.0	0.0	0.0	0.0	0.0	0.0	0.0	0.0	0.3333333	0.0	0.0	0.0	0.0	0.0	0.0	0.0	0.0	0.0	0.0	0.0	0.0	0.0	0.0	
Pacific Koel (<em class="sci">Eudynamys orientalis</em>)	0.2	0.1666667	0.0	0.0	0.0	0.0	0.1428571	0.125	0.0	0.0	0.0	0.0	0.0015	0.0	0.0	0.0	0.0	0.0	0.0015	0.0	0.0	0.0	0.0	0.0	0.0	0.0	0.0	0.0	0.0	0.0	0.0	0.0	0.0	0.0	0.0	0.0015	0.0	0.0	0.4	0.0	0.0	0.0	0.3333333	0.0	0.3333333	0.0	0.0	0.2	
Channel-billed Cuckoo (<em class="sci">Scythrops novaehollandiae</em>)	0.6	0.0015	0.5	0.0	0.0	0.5	0.2857143	0.375	0.0	0.0	0.0	0.25	0.0	0.0	0.0	0.0	0.0	0.0	0.0015	0.0	0.0	0.0	0.0	0.0	0.0	0.0	0.0	0.0	0.0	0.0	0.0	0.0	0.0	0.0	0.0	0.0	0.0	1.0	0.0	0.2	0.0	0.0	0.3333333	0.0	0.0	0.0	0.0	0.2	
Fan-tailed Cuckoo (<em class="sci">Cacomantis flabelliformis</em>)	0.0	0.0	0.0	0.0	0.0	0.0	0.0	0.0	0.0	0.0	0.0	0.0	0.0	0.0	0.0	0.0	0.0	0.0015	0.0	0.0	0.0	0.0	0.0	0.0	0.0	0.0	0.0	0.0	0.0	0.0	0.0	0.0	0.0	0.0	0.0015	0.0	0.0	0.0	0.0	0.0	0.0	0.0	0.0	0.0	0.0	0.0	0.0	0.0	
Tawny Frogmouth (<em class="sci">Podargus strigoides</em>)	0.0	0.0	0.0	0.0	0.0	0.0	0.0	0.0015	0.0	0.0	0.0	0.0	0.0	0.0	0.0	0.0	0.0	0.0	0.0015	0.0	0.0	0.0	0.0	0.0	0.0	0.0	0.0	0.0	0.0	0.0	0.0	0.0015	0.0	0.0	0.0	0.0	0.0	0.0	0.0	0.2	0.0	0.0	0.0	0.0	0.0	0.0	0.0	0.0	
White-throated Needletail (<em class="sci">Hirundapus caudacutus</em>)	0.0	0.0015	0.0	0.0	0.0	0.0015	0.1428571	0.0	0.0	0.0	0.0	0.0	0.0	0.0	0.0	0.0	0.0	0.0	0.0	0.0	0.0	0.0	0.0	0.0	0.0	0.0	0.0	0.0	0.0	0.0	0.0	0.0	0.0	0.0	0.0	0.0	0.0	0.0	0.0	0.0	0.0	0.0	0.0	0.0	0.0	0.0	0.0	0.2	
Lewin's Rail (<em class="sci">Lewinia pectoralis</em>)	0.0	0.0	0.0	0.0	0.0	0.0	0.0	0.0	0.0	0.0	0.0	0.0	0.0	0.0	0.0	0.0	0.0	0.0	0.0	0.0	0.0	0.0	0.0	0.0	0.0	0.0	0.0	0.0	0.0	0.0	0.0	0.0	0.0	0.0	0.0	0.0015	0.0	0.0	0.0	0.0	0.0	0.0	0.0	0.0	0.0	0.0	0.0	0.0	
Buff-banded Rail (<em class="sci">Gallirallus philippensis</em>)	0.0	0.0	0.0	0.0	0.0	0.0	0.0	0.0	0.0	0.0	0.0	0.0	0.0	0.0	0.0	0.0	0.0	0.0	0.0015	0.0	0.0	0.0	0.0	0.0	0.0	0.0	0.0	0.0	0.0	0.0	0.0	0.0	0.0	0.0	0.0	0.0	0.0	0.0	0.0	0.0	0.0	0.0	0.0	0.0	0.0	0.0	0.0	0.0	
Dusky Moorhen (<em class="sci">Gallinula tenebrosa</em>)	0.6	0.8333333	1.0	1.0	0.3333333	0.5	0.4285714	0.375	0.0	0.25	0.3333333	0.25	0.0	0.0	0.6666667	0.0	0.25	1.0	0.0015	1.0	1.0	0.5	0.0	0.5	0.0015	1.0	0.0	0.625	1.0	0.0	0.0	0.0	0.0	0.3333333	0.0	0.0	0.0015	1.0	0.6	0.6	1.0	0.0	0.6666667	1.0	0.0015	0.0	0.5	0.2	
Eurasian Coot (<em class="sci">Fulica atra</em>)	0.0	0.0	0.0	0.0	0.0	0.0	0.0	0.0	0.0	0.0	0.0	0.0	0.0	0.0	0.0	0.0	0.25	0.0	0.0015	0.0	0.0	0.0	0.0	0.0	0.0	0.0	0.0	0.0	1.0	0.0	0.0	0.0	0.0	0.0	0.0	0.0	0.0	0.0	0.0	0.2	0.0	0.0	0.0	0.0	0.0	0.0	0.0	0.4	
Australasian Swamphen (<em class="sci">Porphyrio melanotus</em>)	0.0	0.0	0.0	0.0	0.0	0.25	0.0	0.0	0.0	0.0	0.0	0.0	0.0	0.0	0.0	0.0	0.0	0.0	0.0015	0.0	0.0	0.0	0.0	0.0	0.0	0.0	0.0	0.0015	1.0	0.0	0.0	0.0	0.0	0.0	0.0	0.0	0.0	0.0	0.0	0.0	0.0	0.0	0.0	0.0	0.0	0.0	0.0	0.0	
Masked Lapwing (<em class="sci">Vanellus miles</em>)	0.0	0.1666667	0.0	0.0	0.0	0.5	0.2857143	0.25	0.0	0.25	0.0	0.0	0.0	0.0	0.0	0.0	0.0	0.3333333	0.0015	0.0	1.0	0.5	0.0	0.0	0.0	0.0	0.0	0.25	0.0	0.5	0.0	0.0	0.0	0.3333333	0.0	0.0	0.0	1.0	0.2	0.0	0.0	0.0	0.3333333	0.5	0.0015	0.0	0.0	0.0	
Parasitic Jaeger (<em class="sci">Stercorarius parasiticus</em>)	0.0	0.0	0.0	0.0	0.0	0.0	0.0	0.0	0.0	0.25	0.0	0.0	0.0	0.0	0.0	0.0	0.0	0.0	0.0	0.0	0.0	0.0	0.0	0.0	0.0	0.0	0.0	0.0	0.0	0.0	0.0	0.0	0.0	0.0	0.0	0.0	0.0	0.0	0.0	0.0	0.0	0.0	0.0	0.0	0.0	0.0	0.0	0.0	
Silver Gull (<em class="sci">Chroicocephalus novaehollandiae</em>)	0.8	0.3333333	0.5	0.0	0.3333333	0.5	0.5714286	0.625	0.0015	0.5	0.3333333	0.5	0.0	1.0	1.0	0.0	0.75	1.0	0.0015	0.0	1.0	1.0	0.0	0.8333333	1.0	0.0	0.0	0.5	1.0	0.0	0.5	0.0015	0.0015	1.0	1.0	0.0015	1.0	1.0	0.6	0.6	1.0	1.0	1.0	0.5	0.3333333	1.0	1.0	0.6	
White-fronted Tern (<em class="sci">Sterna striata</em>)	0.0	0.0	0.0	0.0	0.0	0.0	0.0	0.0	0.0	0.0	0.0	0.0	0.0	0.0	0.0	0.0	0.0	0.0	0.0	0.0	0.0	0.0	0.0	0.0	0.0	0.0	0.0	0.0	0.0	0.0	0.5	0.0	0.0	0.0	0.0	0.0	0.0	0.0	0.0	0.0	0.0	0.0	0.0	0.0	0.0	0.0	0.0	0.0	
Great Crested Tern (<em class="sci">Thalasseus bergii</em>)	0.0	0.0	0.0	0.0	0.0	0.0	0.0	0.125	0.0015	0.0	0.0	0.0015	0.0	0.0	0.0	0.0	0.0	0.0	0.0	0.0	0.0	0.0015	0.0	0.0	0.0	0.0	0.0	0.125	0.0	0.0	0.0	0.0	0.0	0.3333333	0.0	0.0	0.0	0.0	0.0	0.0	0.0	0.0	0.0	0.0	0.3333333	0.0	0.0	0.0	
Little Penguin (<em class="sci">Eudyptula minor</em>)	0.0	0.0	0.0	0.0	0.0	0.0	0.0	0.0	0.0	0.0	0.0	0.0	0.0	0.0	0.0	0.0	0.0	0.0	0.0015	0.0	0.0	0.0	0.0	0.0	0.0	0.0	0.0	0.0	0.0	0.0	0.0	0.0	0.0	0.0	0.0	0.0	0.0	0.0	0.0	0.0	0.0	0.0	0.0	0.0	0.0	0.0	0.0	0.0	
Australasian Gannet (<em class="sci">Morus serrator</em>)	0.0	0.0	0.0	0.0	0.0	0.0	0.0	0.0	0.0	0.0	0.0	0.0	0.0	0.0	0.0	0.0	0.0	0.0	0.0015	0.0	0.0	0.0015	0.0	0.0	0.0	0.0	0.0	0.125	0.0	0.0	0.0	0.0	0.0	0.0	0.0	0.0	0.0	0.0	0.0	0.0	0.0	0.0	0.0	0.0	0.0	0.0	0.0	0.0	
Australasian Darter (<em class="sci">Anhinga novaehollandiae</em>)	0.0	0.1666667	0.0	0.0	0.0	0.0	0.0	0.0	0.0	0.25	0.3333333	0.0	0.0	0.0	0.0	0.0	0.0	0.0	0.0015	0.0	0.0	0.0	0.0	0.0	0.0	0.0	0.0	0.0	0.0	0.0	0.0	0.0	0.0	0.0	0.0	0.0	0.0	0.0	0.0	0.0	0.0	0.0	0.0	0.0	0.0	0.0	0.0	0.0	
Little Pied Cormorant (<em class="sci">Microcarbo melanoleucos</em>)	0.0	0.3333333	0.5	0.5	0.6666667	0.25	0.4285714	0.375	0.0015	0.0	0.0	0.0	0.0	0.0	0.0	0.0	0.0	0.3333333	0.0015	0.0	1.0	0.5	0.0	0.3333333	1.0	0.0015	0.0	0.25	0.0	0.0	0.0	0.0	0.0	0.6666667	0.0	0.0	0.0	1.0	0.4	0.2	1.0	0.0	0.3333333	0.5	0.0	0.0	1.0	0.4	
Great Cormorant (<em class="sci">Phalacrocorax carbo</em>)	0.0	0.0	0.0	0.0	0.0015	0.0	0.0	0.0	0.0	0.25	0.0	0.0	0.0	0.0	0.0	0.0	0.0	0.0	0.0015	0.0	0.0	0.0	0.0	0.1666667	0.0015	0.0	0.0	0.0	0.0	0.0	0.0	0.0	0.0	0.0	0.0	0.0	0.0	0.0	0.0	0.0	0.0	0.0	0.0	0.0	0.0015	0.0	0.0	0.0	
Little Black Cormorant (<em class="sci">Phalacrocorax sulcirostris</em>)	0.0	0.1666667	0.5	0.0	0.0	0.25	0.0015	0.0	0.0	0.25	0.0	0.0	0.0	0.0	0.0	0.0	0.0	0.0	0.0015	0.0	0.0	0.0015	0.0	0.1666667	0.0015	0.0	0.0	0.125	0.0	0.0	0.0	0.0	1.0	0.6666667	0.0	0.5	0.0	1.0	0.0	0.2	1.0	1.0	0.0	0.0	0.0	0.0	0.0015	0.0	
Pied Cormorant (<em class="sci">Phalacrocorax varius</em>)	0.4	0.0	0.0	0.0	0.0	0.0	0.1428571	0.125	0.0	0.0	0.0	0.0	0.0	0.0	0.0	0.0	0.0	0.0	0.0	0.0	1.0	0.5	0.0	0.1666667	0.0	0.0	0.0	0.0015	0.0	0.0	0.0	0.0	0.0	0.6666667	0.0	0.5	0.0	0.0	0.0	0.0	0.0	0.0	0.0015	0.0	0.3333333	0.0	0.0	0.0	
cormorant sp. (<em class="sci">Phalacrocoracidae sp.</em>)	0.0	0.0	0.0	0.0	0.0	0.0	0.0	0.0	0.0	0.0	0.0	0.0	0.0	0.0	0.0	0.0	0.0	0.0	0.0	0.0	0.0	0.0	0.0	0.0	0.0	0.0	0.0	0.0	1.0	0.0	0.0	0.0	0.0	0.0	0.0	0.0	0.0	0.0	0.0	0.0	0.0	0.0	0.0	0.0	0.0	0.0	0.0	0.0	
Australian Pelican (<em class="sci">Pelecanus conspicillatus</em>)	0.0	0.0	0.0	0.0015	0.0	0.0	0.0	0.0	0.0	0.0	0.0015	0.0	0.0	0.0	0.0	0.0	0.0	0.3333333	0.0015	0.0	0.0	0.0015	0.0	0.1666667	0.0	0.0	0.0	0.0	1.0	0.0	0.0	0.0	0.0	0.0	0.0	0.0	0.0	0.0	0.2	0.0	0.0	0.0	0.0	0.0	0.0	0.0	0.0	0.0	
Pacific Heron (<em class="sci">Ardea pacifica</em>)	0.0	0.0	0.0	0.0	0.0	0.0	0.0	0.0	0.0	0.0	0.0	0.0	0.0	0.0	0.0	0.0	0.0	0.0	0.0015	0.0	0.0	0.0	0.0	0.0	0.0	0.0	0.0	0.0	0.0	0.0	0.0	0.0	0.0	0.0	0.0	0.0	0.0	0.0	0.0	0.0	0.0	0.0	0.0	0.0	0.0	0.0	0.0	0.0	
Great Egret (<em class="sci">Ardea alba</em>)	0.0	0.0	0.0	0.0	0.0	0.0	0.0	0.0	0.0	0.0	0.0	0.0	0.0	0.0	0.0	0.0	0.0	0.0	0.0015	0.0	0.0	0.0	0.0	0.0	0.0	0.0	0.0	0.0	0.0	0.0	0.0	0.0	0.0	0.0	0.0	0.0	0.0	0.0	0.0	0.0	0.0	0.0	0.0	0.0	0.0	0.0	0.0	0.0	
Intermediate Egret (<em class="sci">Ardea intermedia</em>)	0.0	0.0	0.0	0.0	0.0	0.0	0.0	0.0	0.0	0.0	0.0	0.0	0.0	0.0	0.0	0.0	0.0	0.0	0.0015	0.0	0.0	0.0	0.0	0.0	0.0	0.0	0.0	0.0	0.0	0.0	0.0	0.0	0.0	0.0	0.0	0.0	0.0	0.0	0.0	0.0	0.0	0.0	0.0	0.0	0.0	0.0	0.0	0.0	
White-faced Heron (<em class="sci">Egretta novaehollandiae</em>)	0.4	0.3333333	0.0	0.0	0.0	0.0	0.0	0.0	0.0	0.0	0.0	0.0	0.0	0.0	0.0	0.0015	0.0	0.0	0.0015	0.0	0.0	0.0	0.0	0.0	0.0	0.0	0.0	0.125	0.0	0.0	0.0	0.0	0.0	0.0	0.0	0.0	0.0	0.0	0.0	0.0	0.0	0.0	0.3333333	0.0	0.0	0.0	0.0	0.4	
Little Egret (<em class="sci">Egretta garzetta</em>)	0.0	0.0	0.0	0.0	0.0	0.0	0.0	0.0	0.0	0.0	0.0	0.0	0.0	0.0	0.0	0.0	0.0	0.0	0.0015	0.0	0.0	0.0	0.0	0.0	0.0	0.0	0.0	0.0	0.0	0.0	0.0	0.0	0.0	0.0	0.0	0.0	0.0	0.0	0.0	0.0	0.0	0.0	0.0	0.0	0.0	0.0	0.0	0.0	
Cattle Egret (<em class="sci">Bubulcus ibis</em>)	0.0	0.0	0.0	0.0	0.0	0.0	0.0	0.0	0.0	0.0	0.0	0.0	0.0	0.0	0.0	0.0	0.0	0.0	0.0015	0.0	0.0	0.0	0.0	0.0	0.0	0.0	0.0	0.0	0.0	0.0	0.0	0.0	0.0	0.0	0.0	0.0	0.0	0.0	0.0	0.0	0.0	0.0	0.0	0.0	0.0	0.0	0.0	0.0	
Striated Heron (<em class="sci">Butorides striata</em>)	0.0	0.0	0.0	0.0	0.0	0.0	0.0	0.0	0.0	0.0	0.0	0.0	0.0	0.0	0.0	0.0	0.0	0.0	0.0	0.0	0.0	0.0	0.0	0.0	0.0	0.0	0.0	0.125	0.0	0.0	0.0	0.0	0.0	0.0	0.0	0.0	0.0	0.0	0.0	0.0	0.0	0.0	0.0	0.0	0.0	0.0	0.0	0.0	
Rufous Night-Heron (<em class="sci">Nycticorax caledonicus</em>)	0.0	0.0	0.0	0.0	0.0015	0.0	0.0	0.0	0.0	0.0	0.0	0.25	0.0	0.0	0.0	0.0	0.0	0.0	0.0	0.0	0.0	0.0	0.0	0.0	0.0	0.0	0.0	0.0	0.0	0.0	0.0	0.0	0.0	0.0	0.0	0.0	0.0	0.0	0.0	0.0	0.0	0.0	0.0	0.0	0.0	0.0	0.0	0.0	
Glossy Ibis (<em class="sci">Plegadis falcinellus</em>)	0.0	0.0	0.0	0.0	0.0	0.0	0.0	0.0	0.0	0.0	0.0	0.0	0.0	0.0	0.0	0.0	0.0	0.0	0.0015	0.0	0.0	0.0	0.0	0.0	0.0	0.0	0.0	0.0	0.0	0.0	0.0	0.0	0.0	0.0	0.0	0.0	0.0	0.0	0.0	0.0	0.0	0.0	0.0	0.0	0.0	0.0	0.0	0.0	
Australian Ibis (<em class="sci">Threskiornis molucca</em>)	0.8	0.8333333	1.0	1.0	0.6666667	0.75	0.7142857	0.625	0.0	0.75	0.3333333	0.5	0.0	1.0	1.0	0.0015	1.0	1.0	0.0015	1.0	1.0	1.0	0.0015	0.5	1.0	0.0	1.0	0.75	1.0	0.5	0.0	0.0015	0.0015	0.6666667	1.0	0.5	1.0	1.0	0.8	0.8	1.0	0.0	1.0	1.0	0.3333333	1.0	1.0	0.8	
Royal Spoonbill (<em class="sci">Platalea regia</em>)	0.0	0.0	0.0	0.0	0.0	0.0	0.0	0.0	0.0	0.0	0.0	0.0	0.0	0.0	0.0	0.0	0.0	0.0	0.0015	0.0	0.0	0.0	0.0	0.0	0.0	0.0	0.0	0.0	0.0	0.0	0.0	0.0	0.0	0.0	0.0	0.0	0.0	0.0	0.0	0.0	0.0	0.0	0.0	0.0	0.0	0.0	0.0	0.0	
Wedge-tailed Eagle (<em class="sci">Aquila audax</em>)	0.0	0.0	0.0	0.0	0.0	0.0	0.0	0.0	0.0	0.0	0.0	0.0	0.0	0.0	0.0	0.0	0.0	0.0	0.0015	0.0	0.0	0.0	0.0	0.0	0.0	0.0	0.0	0.0	0.0	0.0	0.0	0.0	0.0	0.0	0.0	0.0	0.0	0.0	0.0	0.0	0.0	0.0	0.0	0.0	0.0	0.0	0.0	0.0	
Gray Goshawk (<em class="sci">Accipiter novaehollandiae</em>)	0.0	0.0	0.0	0.0015	0.0	0.0	0.0	0.0	0.0	0.0	0.0	0.0	0.0	0.0	0.0	0.0	0.0	0.0	0.0	0.0	0.0	0.0	0.0	0.0	0.0	0.0	0.0	0.0	0.0	0.0	0.0	0.0015	0.0	0.0	0.0	0.0	0.0	0.0	0.0	0.0	0.0	0.0	0.0	0.0	0.0	0.0	0.0	0.0	
Brown Goshawk (<em class="sci">Accipiter fasciatus</em>)	0.0	0.0	0.0	0.0	0.0	0.0	0.1428571	0.125	0.0	0.0	0.0	0.0	0.0	0.0	0.0	0.0	0.0	0.0	0.0	0.0	0.0015	0.0	0.0	0.0	0.0	0.0	0.0	0.125	0.0	0.0	0.0	0.0	0.0	0.0	0.0015	0.0	0.0	0.0	0.2	0.0	0.0	0.0	0.0	0.0	0.0	0.0	0.5	0.0	
Whistling Kite (<em class="sci">Haliastur sphenurus</em>)	0.0	0.0	0.0	0.0	0.0	0.0	0.0	0.0	0.0	0.0	0.0	0.0	0.0	0.0	0.0	0.0	0.0	0.0	0.0	0.0	0.0	0.0	0.0	0.0	0.0015	0.0	0.0	0.125	0.0	0.0	0.0	0.0	0.0	0.0	0.0	0.0	0.0	0.0	0.0	0.0	0.0	0.0	0.0	0.0	0.0	0.0	0.0	0.0	
White-bellied Sea-Eagle (<em class="sci">Haliaeetus leucogaster</em>)	0.0	0.0	0.0	0.0	0.0	0.0	0.0	0.0	0.0	0.0	0.0	0.0	0.0	0.0	0.0	0.0	0.0	0.0	0.0	0.0	0.0	0.0	0.0	0.0	0.0	0.0	0.0	0.25	0.0	0.0	0.5	0.0	0.0	0.0	0.0	0.0	0.0	0.0	0.0	0.0	0.0	0.0	0.0	0.0	0.0	0.0	0.0	0.0	
Barn Owl (<em class="sci">Tyto alba</em>)	0.0	0.0	0.0	0.0	0.0	0.0	0.0	0.0	0.0	0.0	0.0	0.0	0.0	0.0	0.0	0.0	0.0	0.0	0.0015	0.0	0.0	0.0	0.0	0.0	0.0	0.0	0.0	0.0	0.0	0.0	0.0	0.0	0.0	0.0	0.0	0.0	0.0	0.0	0.0	0.0	0.0	0.0	0.0	0.0	0.0	0.0	0.0	0.0	
Barking Owl (<em class="sci">Ninox connivens</em>)	0.0	0.0	0.0	0.0	0.0	0.0	0.0	0.0	0.0	0.0	0.0	0.0	0.0	0.0	0.0	0.0	0.0	0.0	0.0	0.0	0.0	0.0015	0.0	0.0	0.0	0.0	0.0	0.0	0.0	0.0	0.0	0.0	0.0	0.0	0.0	0.0	0.0	0.0	0.0	0.0	0.0	0.0	0.0	0.0	0.0	0.0	0.0	0.0	
Laughing Kookaburra (<em class="sci">Dacelo novaeguineae</em>)	1.0	0.5	0.5	0.5	0.3333333	0.25	0.7142857	0.5	0.0015	0.5	0.6666667	0.25	0.0	1.0	0.0	0.0015	0.0015	0.6666667	0.0015	1.0	1.0	1.0	0.0	0.5	1.0	1.0	0.0015	0.5	0.0015	0.5	0.0	0.0015	0.0015	0.3333333	0.0015	0.5	0.0015	1.0	0.2	0.4	0.0015	1.0	0.6666667	1.0	0.0015	1.0	0.5	0.2	
Sacred Kingfisher (<em class="sci">Todiramphus sanctus</em>)	0.0	0.0	0.0	0.0	0.0	0.0	0.0	0.0	0.0	0.0	0.0	0.0	0.0	0.0	0.0	0.0	0.0	0.0	0.0015	0.0	0.0	0.0	0.0	0.0	0.0	0.0	0.0	0.0	0.0	0.0	0.0	0.0	0.0	0.0	0.0015	0.0	0.0	1.0	0.0	0.0	0.0	0.0	0.0	0.0	0.0	0.0	0.0	0.0	
Brown Falcon (<em class="sci">Falco berigora</em>)	0.0	0.0	0.0	0.0	0.0	0.0	0.0	0.0	0.0	0.0	0.0	0.0	0.0	0.0	0.0	0.0	0.0	0.0	0.0	0.0	0.0	0.0	0.0	0.0	0.0	0.0	0.0	0.125	0.0	0.0	0.0	0.0	0.0	0.0	0.0	0.0	0.0	0.0	0.0	0.0	0.0	0.0	0.0	0.0	0.0	0.0	0.0	0.0	
Peregrine Falcon (<em class="sci">Falco peregrinus</em>)	0.0	0.0	0.0	0.0	0.0	0.0	0.0	0.0	0.0	0.0	0.0	0.0	0.0	0.0	0.0	0.0	0.0	0.0	0.0	0.0	0.0	0.0	0.0	0.0	0.0	0.0	0.0	0.0	0.0	0.0	0.0	0.0015	0.0	0.0	0.0	0.0	0.0	0.0	0.0	0.0	0.0	0.0	0.0	0.0	0.0	0.0	0.0	0.0	
Glossy Black-Cockatoo (<em class="sci">Calyptorhynchus lathami</em>)	0.0	0.0	0.0	0.0	0.0	0.0	0.0	0.0	0.0	0.0	0.0	0.0	0.0	0.0	0.0	0.0	0.0	0.0	0.0015	0.0	0.0	0.0	0.0	0.0	0.0	0.0	0.0	0.0	0.0	0.0	0.0	0.0	0.0	0.0	0.0	0.0	0.0	0.0	0.0	0.0	0.0	0.0	0.0	0.0	0.0	0.0	0.0	0.0	
Yellow-tailed Black-Cockatoo (<em class="sci">Calyptorhynchus funereus</em>)	0.0	0.0	0.0	0.0	0.0	0.0	0.0	0.0	0.0	0.0	0.0	0.0015	0.0	1.0	0.0	0.0	0.0	0.0	0.0015	0.0	0.0	0.0	0.0	0.0	0.0	0.0	0.0	0.0	0.0	0.0	0.0	0.0	0.0	0.0	0.0	0.0	0.0	0.0	0.0	0.0	0.0	0.0	0.0	0.0	0.0	0.0	0.0015	0.0	
Gang-gang Cockatoo (<em class="sci">Callocephalon fimbriatum</em>)	0.0	0.0	0.0	0.0	0.0	0.0	0.0	0.0	0.0	0.0	0.0	0.0	0.0	0.0	0.0	0.0	0.0	0.0	0.0015	0.0	0.0	0.0	0.0	0.0	0.0	0.0	0.0	0.0	0.0	0.0	0.0	0.0	0.0	0.0	0.0	0.0	0.0	0.0	0.0	0.0	0.0	0.0	0.0	0.0	0.0	0.0	0.0	0.0	
Galah (<em class="sci">Eolophus roseicapilla</em>)	0.0	0.0	0.0	0.0	0.0	0.0	0.0	0.0	0.0	0.0	0.0	0.0	0.0	0.0	0.0	0.0	0.0	0.0	0.0015	1.0	0.0	0.0	0.0	0.0	0.0	0.0	0.0	0.0	0.0	0.0	0.0	0.0	0.0	0.0	0.0	0.0	0.0	0.0	0.0	0.0	0.0	0.0	0.0	0.0	0.0	0.0	0.0	0.2	
Long-billed Corella (<em class="sci">Cacatua tenuirostris</em>)	0.0	0.0	0.0	0.0	0.0	0.0	0.0	0.0	0.0	0.0	0.0	0.0	0.0	0.0	0.0	0.0	0.0	0.0	0.0015	0.0	0.0	0.0	0.0	0.0	0.0	0.0	0.0	0.0	0.0	0.0	0.0	0.0	0.0	0.0	0.0	0.0	0.0	0.0	0.0	0.0	0.0	0.0	0.0	0.0	0.0	0.0	0.0	0.2	
Little Corella (<em class="sci">Cacatua sanguinea</em>)	0.0	0.0	0.0	0.0	0.0	0.0	0.1428571	0.0	0.0	0.0	0.0	0.0	0.0	0.0	0.0	0.0	0.0	0.0	0.0015	0.0	0.0	0.0	0.0	0.0	0.0	0.0	0.0	0.0	0.0	0.0	0.0	0.0	0.0	0.0	0.0	0.0	0.0	0.0	0.0015	0.0	0.0	0.0	0.0	0.0	0.0	0.0	0.0	0.0	
Sulphur-crested Cockatoo (<em class="sci">Cacatua galerita</em>)	0.6	0.5	1.0	0.0	0.3333333	0.5	0.7142857	0.75	0.0	0.25	0.0015	0.0	0.0	1.0	0.3333333	0.0	0.25	0.6666667	0.0015	0.0	1.0	1.0	0.0	0.3333333	1.0	0.0	0.0	0.5	1.0	0.0	0.5	0.0015	0.0	0.3333333	0.0	0.0	0.0015	1.0	1.0	0.4	1.0	0.0	0.6666667	1.0	0.3333333	0.0	0.5	0.4	
Australian King-Parrot (<em class="sci">Alisterus scapularis</em>)	0.0	0.0	0.0	0.0015	0.0	0.0	0.2857143	0.125	0.0	0.25	0.0	0.0	0.0	0.0	0.0	0.0	0.0	0.0	0.0015	0.0	0.0015	0.5	0.0	0.1666667	0.0	0.0	0.0	0.25	0.0	0.0	0.0	0.0	0.0	0.0	0.0015	0.5	0.0	1.0	0.2	0.2	1.0	0.0	0.0015	0.0	0.0015	0.0	0.0015	0.0	
Swift Parrot (<em class="sci">Lathamus discolor</em>)	0.0	0.0	0.0	0.0	0.0	0.0	0.0	0.0	0.0	0.0	0.0	0.0	0.0	0.0	0.0	0.0015	0.0	0.0	0.0	0.0	0.0	0.0	0.0	0.0	0.0	0.0	0.0	0.0	0.0	0.0	0.0	0.0	0.0	0.0	0.0	0.0	0.0	0.0	0.0	0.0	0.0	0.0	0.0	0.0	0.0	0.0	0.0	0.0	
Crimson Rosella (<em class="sci">Platycercus elegans</em>)	0.0	0.0	0.0	0.0	0.0	0.0015	0.0	0.0	0.0	0.0	0.0	0.0	0.0	0.0	0.0	0.0	0.0	0.0	0.0015	0.0	0.0	0.5	0.0	0.0	0.0	0.0	0.0	0.0	0.0015	0.0	0.0	0.0	0.0	0.0	0.0	0.0	0.0	0.0	0.0	0.0	1.0	0.0	0.0	0.0015	0.0	0.0	0.0	0.0	
Eastern Rosella (<em class="sci">Platycercus eximius</em>)	0.0	0.0	0.0	0.0	0.0	0.0	0.0	0.0	0.0	0.0	0.0	0.0	0.0	0.0	0.0	0.0	0.0	0.0	0.0015	0.0	0.0	0.0	0.0	0.0	0.0	0.0	0.0	0.0	0.0	0.0	0.0	0.0	0.0	0.0	0.0	0.0	0.0	0.0	0.0	0.0	0.0	0.0	0.0	0.0	0.0	0.0	0.0	0.0	
Musk Lorikeet (<em class="sci">Glossopsitta concinna</em>)	0.0	0.0	0.0	0.0	0.0	0.0	0.0	0.0	0.0	0.0	0.3333333	0.0	0.0	0.0	0.0	0.0	0.0	0.0	0.0	0.0	0.0015	0.0	0.0	0.0	0.0	0.0	0.0	0.0	0.0	0.0	0.0	0.0	0.0	0.0	0.0	0.0	0.0	0.0	0.0	0.0	0.0	0.0	0.0	0.0	0.0	0.0	0.0	0.0	
Rainbow Lorikeet (<em class="sci">Trichoglossus moluccanus</em>)	0.8	0.5	1.0	0.0015	0.6666667	1.0	0.7142857	0.625	0.0015	0.5	1.0	0.5	0.0	1.0	0.6666667	0.0	0.5	1.0	0.0015	1.0	1.0	1.0	0.0015	0.6666667	1.0	0.0	1.0	0.75	0.0015	0.0	0.0	0.0015	0.0015	0.6666667	0.0015	0.5	1.0	1.0	1.0	0.6	1.0	0.0	0.6666667	0.5	0.0015	1.0	0.5	0.4	
Scaly-breasted Lorikeet (<em class="sci">Trichoglossus chlorolepidotus</em>)	0.2	0.0	0.0	0.0	0.0	0.0	0.0	0.0	0.0	0.0	0.0	0.0	0.0	0.0	0.0	0.0	0.0	0.0	0.0	0.0	0.0	0.5	0.0	0.0	0.0	0.0	0.0	0.0	0.0	0.0	0.0	0.0	0.0	0.0	0.0	0.0	0.0	0.0	0.0	0.2	0.0	0.0	0.0	0.0	0.0	0.0	0.0	0.0	
parakeet sp. (<em class="sci">Psittaciformes sp. (parakeet sp.)</em>)	0.0	0.0	0.0	0.0	0.0	0.0	0.0	0.0	0.0	0.25	0.0	0.0	0.0	0.0	0.0	0.0	0.0	0.0	0.0	0.0	0.0	0.0	0.0	0.0	0.0	0.0	0.0	0.0	0.0	0.0	0.0	0.0	0.0	0.0	0.0	0.0	0.0	0.0	0.0	0.0	0.0	0.0	0.0	0.0	0.0	0.0	0.0	0.0	
parrot sp. (<em class="sci">Psittaciformes sp. (parrot sp.)</em>)	0.0	0.0	0.0	0.0	0.0	0.0	0.0	0.0	0.0	0.0015	0.0	0.0	0.0	0.0	0.0	0.0	0.0	0.0	0.0	0.0	0.0	0.0	0.0	0.0	0.0	0.0	0.0	0.0	0.0	0.0	0.0	0.0	0.0	0.0	0.0	0.0	0.0	0.0	0.0	0.0	0.0	0.0	0.0	0.0	0.0	0.0	0.0	0.0	
Noisy Pitta (<em class="sci">Pitta versicolor</em>)	0.0	0.0	0.0	0.0	0.0	0.0	0.0	0.0	0.0	0.0	0.0	0.0	0.0	0.0	0.0	0.0	0.0	0.0	0.0015	0.0	0.0	0.0	0.0	0.0	0.0	0.0	0.0	0.0	0.0	0.0	0.0	0.0	0.0	0.0	0.0	0.0	0.0	0.0	0.0	0.0	0.0	0.0	0.0	0.0	0.0	0.0	0.0	0.0	
Superb Lyrebird (<em class="sci">Menura novaehollandiae</em>)	0.0	0.0	0.0	0.0	0.0	0.0	0.0	0.0	0.0	0.0	0.0	0.0	0.0	0.0	0.0	0.0	0.0	0.0	0.0015	0.0	0.0	0.0	0.0	0.0	0.0	0.0	0.0	0.0	0.0	0.0	0.0	0.0	0.0	0.0	0.0	0.0	0.0	0.0	0.0	0.0	0.0	0.0	0.0	0.0	0.0	0.0	0.0	0.0	
Regent Bowerbird (<em class="sci">Sericulus chrysocephalus</em>)	0.0	0.0	0.0	0.0	0.0	0.0	0.0	0.0	0.0	0.0	0.0	0.0	0.0	0.0	0.0	0.0	0.0	0.0	0.0015	0.0	0.0	0.0	0.0	0.0	0.0	0.0	0.0	0.0	0.0	0.0	0.0	0.0	0.0	0.0	0.0	0.0	0.0	0.0	0.0	0.0	0.0	0.0	0.0	0.0	0.0	0.0	0.0	0.0	
Satin Bowerbird (<em class="sci">Ptilonorhynchus violaceus</em>)	0.0	0.0	0.0	0.0	0.0	0.0	0.0	0.0	0.0	0.0	0.0	0.0	0.0	0.0	0.0	0.0	0.0	0.0	0.0015	0.0	0.0	0.0	0.0	0.0	0.0	0.0	0.0	0.0	0.0	0.0	0.0	0.0	0.0	0.0	0.0	0.0	0.0	0.0	0.0	0.0	0.0	0.0	0.0	0.0	0.0	0.0	0.0	0.0	
White-throated Treecreeper (<em class="sci">Cormobates leucophaea</em>)	0.0	0.0	0.0	0.0	0.0	0.0	0.0	0.0	0.0	0.0	0.3333333	0.0	0.0	0.0	0.0	0.0	0.0	0.0	0.0	0.0	0.0	0.0	0.0	0.0	0.0	0.0	0.0	0.0	0.0	0.0	0.0	0.0	0.0	0.0	0.0	0.0	0.0	0.0	0.0	0.0	0.0	0.0	0.0	0.0	0.0	0.0	0.0	0.0	
Variegated Fairywren (<em class="sci">Malurus lamberti</em>)	0.0	0.0	0.0	0.0	0.0	0.0	0.0	0.0	0.0	0.0	0.0015	0.0	0.0	0.0	0.0	0.0015	0.0	0.0	0.0	0.0	0.0	0.0	0.0	0.0	0.0	0.0	0.0	0.0	0.0	0.0	0.5	0.0	0.0	0.0	0.0015	0.0	0.0	1.0	0.0	0.0	0.0	0.0	0.0	0.0	0.0	0.0	0.0	0.0	
Superb Fairywren (<em class="sci">Malurus cyaneus</em>)	0.0	0.1666667	0.0	0.0	0.0	0.0	0.0	0.125	0.0	0.0	0.0	0.25	0.0	0.0015	0.0	0.0	0.0	0.0	0.0015	0.0	0.0	0.0015	0.0	0.0	0.0	0.0	0.0	0.0	1.0	0.0	0.0	0.0	0.0	0.0	0.0	0.0	0.0	0.0	0.0	0.0	0.0	0.0	0.0	0.0	0.0	0.0	0.0	0.0	
Eastern Spinebill (<em class="sci">Acanthorhynchus tenuirostris</em>)	0.0	0.0	0.0	0.0	0.0	0.0	0.0	0.0	0.0	0.0	0.0	0.0	0.0	0.0	0.0	0.0	0.0	0.0	0.0015	0.0	0.0	0.0	0.0	0.0	0.0	0.0	0.0	0.0	0.0	0.0	0.0	0.0	0.0	0.0	0.0	0.0	0.0	0.0	0.0	0.0	0.0	0.0	0.0	0.0	0.0	0.0	0.0	0.0	
Yellow-faced Honeyeater (<em class="sci">Caligavis chrysops</em>)	0.0	0.0	0.0	0.0	0.0	0.0	0.0	0.0	0.0	0.0	0.0	0.0	0.0	0.0	0.0	0.0	0.0	0.0	0.0015	0.0	0.0	0.0	0.0	0.0	0.0	0.0	0.0	0.0	0.0	0.0	0.0	0.0	0.0	0.0	0.0	0.0	0.0	0.0	0.0	0.0	0.0	0.0	0.0	0.0	0.0	0.0	0.0	0.0	
Bell Miner (<em class="sci">Manorina melanophrys</em>)	0.0	0.0	0.0	0.0	0.0	0.0	0.0	0.0	0.0	0.0	0.0	0.0	0.0	0.0	0.0	0.0	0.0	0.0	0.0	0.0	0.0	0.0	0.0	0.0	0.0	0.0	0.0	0.0	0.0	0.0	0.0	0.0	0.0	0.0	0.0	0.0	0.0	0.0	0.0015	0.0	0.0	0.0	0.0	0.0	0.0	0.0	0.0	0.0	
Noisy Miner (<em class="sci">Manorina melanocephala</em>)	0.6	0.5	1.0	0.0	1.0	0.75	0.7142857	0.75	0.0015	0.75	0.3333333	0.75	0.0	1.0	0.6666667	0.0	0.5	1.0	0.0015	1.0	1.0	1.0	0.0015	0.5	1.0	0.0	1.0	0.75	0.0015	0.0	0.0	0.0015	0.0015	0.6666667	1.0	1.0	1.0	1.0	1.0	1.0	1.0	1.0	1.0	0.5	0.3333333	0.0	0.5	0.4	
Little Wattlebird (<em class="sci">Anthochaera chrysoptera</em>)	0.0	0.0	0.0	0.0	0.0015	0.0015	0.0	0.0	0.0	0.0	0.0	0.0	0.0	0.0	0.0	0.0	0.0	0.0	0.0015	0.0015	0.0	0.0	0.0	0.0	0.0	0.0	0.0	0.0	0.0	0.0	0.5	0.0	0.0	0.0	0.0	0.0	0.0	0.0	0.0	0.0	1.0	0.0	0.0	0.0	0.0	0.0	0.0	0.0	
Red Wattlebird (<em class="sci">Anthochaera carunculata</em>)	0.0	0.1666667	0.0	0.0	0.0	0.0	0.1428571	0.125	0.0	0.0	0.0	0.5	0.0	0.0	0.0	0.0	0.0	0.0	0.0015	0.0	0.0015	0.5	0.0	0.0	0.0	0.0	0.0	0.0	0.0	0.0	0.0	0.0015	0.0	0.3333333	0.0	0.0	0.0	0.0	0.0	0.0015	0.0015	0.0	0.0	0.0	0.0	0.0	0.0	0.2	
New Holland Honeyeater (<em class="sci">Phylidonyris novaehollandiae</em>)	0.0	0.0	0.0	0.0	0.0015	0.0	0.0	0.0	0.0	0.25	0.0	0.0	0.0	0.0	0.0	0.0015	0.0	0.0	0.0015	0.0	0.0	0.0	0.0	0.0	0.0	0.0	0.0	0.0	0.0	0.0	0.0	0.0	0.0	0.0	0.0	0.0	0.0	1.0	0.0	0.0	0.0	0.0	0.0	0.0	0.0	0.0	0.0	0.0	
White-eared Honeyeater (<em class="sci">Nesoptilotis leucotis</em>)	0.0	0.0	0.0	0.0	0.0	0.0	0.0	0.0	0.0	0.0	0.0	0.0	0.0	0.0	0.0	0.0	0.0	0.0	0.0	0.0	0.0	0.0	0.0	0.0	0.0	0.0	0.0	0.125	0.0	0.0	0.0	0.0	0.0	0.0	0.0	0.0	0.0	0.0	0.0	0.0	0.0	0.0	0.0	0.0	0.0	0.0	0.0	0.0	
Spotted Pardalote (<em class="sci">Pardalotus punctatus</em>)	0.0	0.1666667	0.5	0.0	0.0	0.25	0.1428571	0.0	0.0	0.0	0.0	0.0	0.0	1.0	0.0	0.0015	0.0	0.6666667	0.0015	0.0	1.0	0.0015	0.0	0.0	0.0	0.0	0.0	0.0	0.0	0.0	0.5	0.0	0.0	0.3333333	0.0	0.0	0.0	0.0	0.0	0.0	1.0	0.0	0.0	0.0	0.0	0.0	0.0	0.0	
White-browed Scrubwren (<em class="sci">Sericornis frontalis</em>)	0.2	0.1666667	0.0	0.0	0.0015	0.25	0.2857143	0.375	0.0	0.0	0.0	0.25	0.0	1.0	0.3333333	0.0	0.0	0.3333333	0.0015	0.0	1.0	0.5	0.0015	0.1666667	0.0	0.0	0.0	0.375	0.0	0.0	0.0	0.0	0.0	0.3333333	0.0015	0.0	0.0	1.0	0.2	0.4	1.0	1.0	0.0015	0.0	0.0015	0.0	0.5	0.4	
Brown Thornbill (<em class="sci">Acanthiza pusilla</em>)	0.0	0.0	0.0	0.0	0.0	0.0	0.0	0.0	0.0	0.0	0.0	0.0	0.0	0.0	0.0	0.0	0.0	0.0	0.0015	0.0	0.0	0.0	0.0	0.0	0.0	0.0	0.0	0.0	0.0	0.0	0.5	0.0	0.0	0.0	0.0	0.0	0.0	0.0	0.0	0.0	0.0	0.0	0.0	0.0	0.0	0.0	0.0	0.0	
Black-faced Cuckooshrike (<em class="sci">Coracina novaehollandiae</em>)	0.4	0.0	0.0	0.0	0.0	0.25	0.1428571	0.375	0.0	0.0	0.0	0.0	0.0	1.0	0.0	0.0	0.0	0.3333333	0.0	0.0	0.0	0.5	0.0	0.0	1.0	0.0	0.0	0.0	0.0	0.0	0.0	0.0	0.0	0.3333333	0.0	0.0	0.0	0.0	0.4	0.4	0.0015	0.0	0.0	0.0	0.0	0.0	0.0	0.0	
Eastern Whipbird (<em class="sci">Psophodes olivaceus</em>)	0.2	0.0	0.0	0.0	0.0	0.0015	0.0	0.0	0.0	0.0	0.0	0.0	0.0	0.0	0.0	0.0	0.0	0.3333333	0.0015	0.0	0.0	0.0	0.0	0.0	0.0	0.0	0.0	0.0	0.0	0.0	0.0	0.0	0.0	0.0	0.0015	0.0	0.0	0.0	0.2	0.0	0.0	0.0	0.0	0.0	0.0	0.0	0.0	0.0	
Gray Shrikethrush (<em class="sci">Colluricincla harmonica</em>)	0.0	0.0	0.0	0.0	0.0	0.0	0.0	0.0	0.0	0.0	0.0	0.0	0.0	0.0	0.0	0.0	0.0	0.0	0.0015	0.0	0.0	0.0	0.0	0.0	0.0	0.0	0.0	0.0	0.0	0.0	0.0	0.0	0.0	0.0	0.0	0.0	0.0	0.0	0.0	0.0	0.0	0.0	0.0	0.0	0.0	0.0	0.0	0.0	
Golden Whistler (<em class="sci">Pachycephala pectoralis</em>)	0.0	0.0	0.0	0.0	0.0	0.0	0.0	0.0	0.0	0.0	0.0	0.0	0.0	0.0	0.0	0.0	0.0	0.0	0.0015	0.0	0.0	0.0	0.0	0.0	0.0	0.0	0.0	0.0	0.0	0.0	0.0	0.0	0.0	0.0	0.0	0.0	0.0	0.0	0.0	0.0	0.0	0.0	0.0	0.0	0.0	0.0	0.0	0.0	
Rufous Whistler (<em class="sci">Pachycephala rufiventris</em>)	0.0	0.0	0.0	0.0	0.0	0.0	0.0	0.0	0.0	0.0	0.0	0.0	0.0	0.0	0.0	0.0	0.0	0.0	0.0015	0.0	0.0	0.0	0.0	0.0	0.0	0.0	0.0	0.0	0.0	0.0	0.0	0.0	0.0	0.0	0.0015	0.0	0.0	0.0	0.0	0.0	0.0	0.0	0.0	0.0	0.0	0.0	0.0	0.0	
Olive-backed Oriole (<em class="sci">Oriolus sagittatus</em>)	0.0	0.0	0.0	0.0	0.0	0.0	0.0	0.0	0.0	0.0015	0.0	0.0	0.0	0.0	0.0	0.0	0.0	0.0	0.0015	0.0	0.0	0.0	0.0	0.0	0.0	0.0	0.0	0.0	0.0	0.0	0.0	0.0	0.0	0.0	0.0	0.0	0.0	0.0	0.0	0.0	0.0	0.0	0.0	0.0	0.0	0.0	0.0	0.0	
Australasian Figbird (<em class="sci">Sphecotheres vieilloti</em>)	0.4	0.0	0.5	0.0	0.0	0.25	0.1428571	0.5	0.0	0.0	0.0015	0.0	0.0	0.0	0.0	0.0	0.0	0.3333333	0.0	0.0	0.0	0.0015	0.0015	0.0	0.0	0.0	0.0	0.375	0.0	0.0	0.0	0.0015	0.0	0.3333333	0.0	0.0	0.0	0.0	0.4	0.0	1.0	0.0	0.3333333	0.0	0.0015	0.0	0.0	0.2	
White-browed Woodswallow (<em class="sci">Artamus superciliosus</em>)	0.0	0.0	0.0	0.0	0.0	0.0	0.0	0.0	0.0	0.0	0.0	0.0	0.0	0.0	0.0	0.0	0.0	0.0	0.0015	0.0	0.0	0.0	0.0	0.0	0.0	0.0	0.0	0.0	0.0	0.0	0.0	0.0	0.0	0.0	0.0	0.0	0.0	0.0	0.0	0.0	0.0	0.0	0.0	0.0	0.0	0.0	0.0	0.0	
Gray Butcherbird (<em class="sci">Cracticus torquatus</em>)	0.2	0.0	0.5	0.5	0.0	0.25	0.2857143	0.125	0.0	0.25	0.3333333	0.0	0.0	1.0	0.3333333	0.0	0.0	0.0015	0.0015	1.0	1.0	0.5	0.0015	0.0	0.0	0.0	0.0	0.375	0.0	0.0	0.5	0.0015	0.0	0.3333333	0.0	0.0	1.0	0.0	0.4	0.4	1.0	0.0	0.3333333	0.5	0.0	0.0	0.0015	0.0	
Australian Magpie (<em class="sci">Gymnorhina tibicen</em>)	0.8	0.3333333	1.0	0.5	0.3333333	0.25	0.7142857	0.5	0.0	0.5	0.3333333	0.0	0.0	1.0	0.3333333	0.0	0.5	0.6666667	0.0015	0.0015	1.0	0.5	0.0	0.3333333	1.0	1.0	0.0015	0.25	1.0	0.0	0.0	0.0015	0.0	0.0	1.0	1.0	1.0	1.0	0.6	0.6	1.0	1.0	1.0	0.0015	0.3333333	1.0	0.0015	0.8	
Pied Currawong (<em class="sci">Strepera graculina</em>)	0.8	0.5	1.0	0.5	0.6666667	0.75	0.5714286	0.875	0.0015	0.5	0.0	0.5	0.0	0.0	0.0015	0.0015	0.0015	0.6666667	0.0015	0.0	1.0	1.0	0.0	0.3333333	1.0	0.0	0.0	0.875	1.0	0.0	0.0	0.0015	0.0	0.3333333	0.0015	1.0	1.0	1.0	0.4	0.4	1.0	1.0	0.6666667	1.0	0.3333333	1.0	0.0015	0.0	
Willie-wagtail (<em class="sci">Rhipidura leucophrys</em>)	0.0	0.0	0.0	0.0	0.0	0.25	0.0	0.0	0.0	0.0	0.0	0.0	0.0	0.0	0.0	0.0	0.0	0.0	0.0015	0.0	0.0	0.0	0.0	0.1666667	0.0015	0.0	0.0	0.375	0.0	0.0	0.0	0.0	0.0015	0.3333333	0.0	0.0	0.0015	0.0	0.0	0.2	0.0	0.0	0.0	0.0015	0.3333333	1.0	0.0	0.0	
Rufous Fantail (<em class="sci">Rhipidura rufifrons</em>)	0.0	0.0	0.0	0.0	0.0	0.0	0.0	0.0	0.0	0.0	0.0	0.0	0.0	0.0015	0.0	0.0	0.0	0.0	0.0	0.0	0.0	0.0	0.0	0.0	0.0	0.0	0.0	0.0	0.0	0.0	0.0	0.0	0.0	0.0	0.0	0.0	0.0	0.0	0.0	0.0	0.0	0.0	0.0	0.0	0.0	0.0	0.0	0.0	
Gray Fantail (<em class="sci">Rhipidura albiscapa</em>)	0.0	0.0	0.0	0.0	0.0	0.0	0.0	0.0	0.0	0.0	0.0	0.0	0.0	0.0	0.0	0.0	0.0	0.0	0.0015	0.0	0.0	0.0	0.0	0.0	0.0	0.0	0.0	0.0	0.0	0.0	0.5	0.0	0.0	0.0	0.0	0.0	0.0	0.0015	0.0	0.0	0.0	0.0	0.0	0.0	0.0	0.0	0.0	0.0	
Magpie-lark (<em class="sci">Grallina cyanoleuca</em>)	0.0	0.3333333	0.5	0.0	0.6666667	0.25	0.2857143	0.375	0.0	0.25	0.0015	0.0	0.0	1.0	0.0	0.0	0.0	0.6666667	0.0015	0.0	1.0	0.5	0.0015	0.1666667	1.0	0.0	0.0	0.5	1.0	0.0	0.0	0.0015	0.0	0.6666667	0.0015	0.5	1.0	0.0	0.4	0.2	1.0	0.0	0.0	1.0	0.3333333	0.0	0.0015	0.2	
Australian Raven (<em class="sci">Corvus coronoides</em>)	0.6	0.3333333	0.5	0.5	0.0	0.5	0.4285714	0.875	0.0	0.25	0.0015	0.5	0.0	1.0	0.3333333	0.0015	0.5	0.3333333	0.0015	1.0	1.0	1.0	0.0	0.3333333	1.0	0.0	0.0	0.625	0.0015	0.0	0.0	0.0015	0.0015	1.0	1.0	0.5	1.0	1.0	0.4	0.8	1.0	1.0	0.3333333	1.0	0.0015	1.0	0.5	0.4	
crow/raven sp. (<em class="sci">Corvus sp.</em>)	0.0	0.0	0.0	0.0	0.0	0.0	0.0	0.0	0.0	0.0	0.0	0.0	0.0	0.0	0.0	0.0	0.0	0.0	0.0	0.0	0.0	0.0	0.0	0.0	0.0	0.0	0.0	0.0	0.0	0.0	0.5	0.0	0.0	0.0	0.0	0.0	0.0	0.0	0.0	0.0	0.0	0.0	0.0	0.0	0.0	0.0	0.0	0.0	
Eastern Yellow Robin (<em class="sci">Eopsaltria australis</em>)	0.0	0.0	0.0	0.0	0.0	0.0	0.0	0.0	0.0	0.0	0.0	0.0	0.0	0.0	0.0	0.0	0.0	0.0	0.0015	0.0	0.0	0.0	0.0	0.0	0.0	0.0	0.0	0.0	0.0	0.0	0.5	0.0	0.0	0.0	0.0	0.0	0.0	0.0	0.0	0.0	0.0	0.0	0.0	0.0	0.0	0.0	0.0	0.0	
Welcome Swallow (<em class="sci">Hirundo neoxena</em>)	0.8	0.3333333	0.5	0.0	0.0015	0.75	0.4285714	0.625	0.0015	0.25	0.0015	0.5	0.0	1.0	0.3333333	0.0	0.0	0.3333333	0.0015	0.0015	1.0	1.0	0.0	0.1666667	0.0015	0.0	0.0	0.75	1.0	0.0	0.0	0.0015	0.0015	1.0	0.0	0.5	1.0	1.0	0.4	0.6	1.0	1.0	1.0	0.5	0.0015	0.0	1.0	0.2	
Fairy Martin (<em class="sci">Petrochelidon ariel</em>)	0.2	0.0	0.0	0.0	0.0	0.0	0.0	0.0	0.0	0.0	0.0	0.0	0.0	0.0	0.0	0.0	0.0	0.0	0.0	0.0	0.0	0.0	0.0	0.0	0.0	0.0	0.0	0.0	0.0	0.0	0.0	0.0	0.0	0.0	0.0	0.0	0.0	0.0	0.0	0.0	0.0	0.0	0.0	0.0	0.0	0.0	0.0	0.0	
Tree Martin (<em class="sci">Petrochelidon nigricans</em>)	0.0	0.0	0.0	0.0	0.0	0.0	0.1428571	0.0	0.0	0.0	0.0	0.0	0.0	0.0	0.0	0.0	0.0	0.0	0.0	0.0	0.0	0.0	0.0	0.0	0.0	0.0	0.0	0.0	0.0	0.0	0.0	0.0	0.0	0.0	0.0	0.0	0.0	0.0	0.0	0.0	0.0	0.0	0.0	0.0	0.0	0.0	0.0	0.0	
swallow sp. (<em class="sci">Hirundinidae sp.</em>)	0.0	0.0	0.0	0.0	0.0	0.0	0.0	0.0	0.0	0.0	0.0	0.0	0.0	0.0	0.0	0.0	0.0	0.0	0.0	0.0	0.0	0.0	0.0	0.0	0.0	0.0	0.0	0.0	0.0	0.0	0.0	0.0	0.0	0.0	0.0	0.0	0.0	0.0	0.0	0.2	0.0	0.0	0.0	0.0	0.0	0.0	0.0	0.0	
Red-whiskered Bulbul (<em class="sci">Pycnonotus jocosus</em>)	0.0015	0.1666667	0.0	0.0	0.0015	0.0	0.0	0.0	0.0	0.0	0.0	0.0	0.0	0.0	0.0	0.0	0.0	0.0	0.0015	0.0	0.0	0.0	0.0	0.0	0.0	0.0	0.0	0.0	0.0	0.0	0.5	0.0	0.0	0.0	0.0015	0.0	0.0	0.0	0.0	0.0015	0.0	0.0	0.0	0.0	0.0015	0.0	0.0	0.0015	
Silvereye (<em class="sci">Zosterops lateralis</em>)	0.0	0.0	0.0	0.0	0.0015	0.25	0.1428571	0.0	0.0	0.0	0.0	0.25	0.0	0.0	0.0	0.0015	0.0	0.0	0.0015	0.0	0.0	0.0	0.0	0.1666667	0.0	0.0	0.0	0.125	0.0	0.0	0.5	0.0	0.0	0.3333333	0.0	0.0	0.0	0.0	0.0	0.2	0.0	0.0	0.3333333	0.0	0.0015	0.0	0.0	0.0	
European Starling (<em class="sci">Sturnus vulgaris</em>)	0.0	0.0	0.0	0.0	0.0015	0.0	0.0	0.125	0.0	0.0	0.0	0.25	0.0	0.0	0.0	0.0	0.0	0.0	0.0	0.0	0.0	0.0015	0.0	0.0	0.0	0.0	0.0	0.125	1.0	0.0	0.0	0.0	0.0	0.3333333	0.0	0.0	0.0	0.0	0.0	0.0	0.0	1.0	0.3333333	0.0	0.0	0.0	0.0	0.0	
Common Myna (<em class="sci">Acridotheres tristis</em>)	0.8	0.5	1.0	0.5	0.6666667	0.5	0.5714286	0.625	0.0015	0.5	0.3333333	0.75	0.0	1.0	0.6666667	0.0	0.5	1.0	0.0015	1.0	1.0	0.5	0.0015	0.5	1.0	1.0	0.0	0.75	1.0	0.0	0.0	0.0015	0.0015	0.6666667	1.0	0.5	1.0	1.0	0.4	0.8	1.0	1.0	0.6666667	1.0	0.3333333	1.0	0.5	0.6	
Eurasian Blackbird (<em class="sci">Turdus merula</em>)	0.0015	0.0	0.0	0.0	0.0	0.0	0.0	0.0	0.0	0.0	0.0	0.0	0.0	0.0	0.0	0.0	0.0	0.0	0.0015	0.0	0.0	0.0	0.0	0.0	0.0	0.0	0.0	0.0	1.0	0.0	0.0	0.0	0.0	0.0	0.0	0.0	0.0	0.0	0.0	0.0	0.0	0.0	0.0	0.0	0.0	0.0	0.0	0.0	
Mistletoebird (<em class="sci">Dicaeum hirundinaceum</em>)	0.0	0.0	0.0	0.0	0.0	0.0	0.0	0.0	0.0	0.0	0.0	0.0	0.0	0.0	0.0	0.0	0.0	0.0	0.0	0.0	0.0	0.0	0.0	0.1666667	0.0	0.0	0.0	0.0	0.0	0.0	0.0	0.0	0.0	0.0	0.0	0.0	0.0	0.0	0.0	0.0	0.0	0.0	0.0	0.0	0.0	0.0	0.0	0.0	
Red-browed Firetail (<em class="sci">Neochmia temporalis</em>)	0.0	0.0	0.0	0.0	0.0	0.0	0.0	0.0	0.0	0.0	0.0	0.0	0.0	0.0	0.0	0.0	0.0	0.0	0.0015	0.0	0.0	0.0	0.0	0.0	0.0	0.0	0.0	0.0	0.0	0.0	0.0	0.0	0.0	0.0	0.0	0.0	0.0	0.0	0.0	0.0	0.0	0.0	0.0	0.0	0.0	0.0	0.0	0.0	
House Sparrow (<em class="sci">Passer domesticus</em>)	0.2	0.0	0.0	0.0	0.0015	0.0	0.0	0.25	0.0	0.0	0.0	0.5	0.0	0.0	0.0	0.0	0.0	0.0	0.0015	0.0	0.0	0.0	0.0	0.3333333	0.0015	0.0	0.0	0.125	1.0	0.0	0.0	0.0	0.0015	0.0	0.0	0.5	0.0015	0.0	0.0	0.0	0.0	1.0	0.3333333	0.0	0.0015	0.0	0.0015	0.4	

