









Frequency of observations in the selected location(s).:
Number of taxa: 	158

	Jan				Feb				Mar				Apr				May				Jun				Jul				Aug				Sep				Oct				Nov				Dec				
Sample Size:	31.0	19.0	21.0	22.0	19.0	35.0	26.0	31.0	17.0	18.0	26.0	30.0	21.0	20.0	15.0	18.0	11.0	13.0	11.0	23.0	16.0	14.0	16.0	37.0	23.0	13.0	16.0	28.0	28.0	21.0	33.0	23.0	24.0	25.0	35.0	47.0	65.0	28.0	35.0	46.0	23.0	38.0	31.0	24.0	25.0	24.0	13.0	32.0	

Plumed Whistling-Duck (<em class="sci">Dendrocygna eytoni</em>)	0.0	0.0	0.0	0.0	0.0	0.0	0.0	0.0	0.0	0.0	0.0	0.0	0.0	0.0	0.0	0.0	0.0	0.0	0.0	0.0	0.0	0.0	0.0	0.0	0.0	0.0	0.0	0.0015	0.0	0.0	0.0	0.0	0.0	0.0	0.0	0.0425532	0.0	0.0	0.0	0.0	0.0	0.0	0.0	0.0	0.04	0.0	0.0	0.0625	
Wandering Whistling-Duck (<em class="sci">Dendrocygna arcuata</em>)	0.0	0.0	0.0	0.0	0.0015	0.0	0.0	0.0645161	0.0	0.0	0.0	0.0	0.0	0.0	0.0	0.0015	0.0	0.0	0.0	0.0	0.0625	0.0	0.0	0.0	0.0	0.0769231	0.0	0.0	0.0357143	0.0952381	0.0	0.0434783	0.0	0.0	0.0	0.0	0.0	0.0	0.0	0.0	0.0	0.0263158	0.0	0.0	0.0	0.0	0.0	0.0	
Black Swan (<em class="sci">Cygnus atratus</em>)	0.0015	0.0526316	0.0	0.0	0.0	0.0	0.0	0.0	0.0588235	0.0	0.0384615	0.0333333	0.0	0.0	0.0	0.0	0.0	0.0	0.0	0.0869565	0.0	0.0	0.0625	0.0015	0.0434783	0.0	0.0	0.0015	0.0015	0.0	0.0015	0.0	0.0416667	0.0	0.0	0.0425532	0.0153846	0.0	0.0285714	0.0217391	0.0	0.0	0.0322581	0.0015	0.0	0.0	0.0	0.0	
Australian Shelduck (<em class="sci">Tadorna tadornoides</em>)	0.0	0.0	0.0	0.0	0.0	0.0	0.0	0.0	0.0	0.0	0.0	0.0	0.0	0.0	0.0	0.0	0.0	0.0	0.0	0.0	0.0	0.0	0.0	0.027027	0.0	0.0	0.0	0.0	0.0	0.0	0.0	0.0	0.0	0.0	0.0	0.0	0.0	0.0	0.0	0.0	0.0	0.0	0.0322581	0.0	0.0	0.0	0.0	0.0	
Muscovy Duck (Domestic type) (<em class="sci">Cairina moschata (Domestic type)</em>)	0.0	0.0	0.0	0.0	0.0	0.0	0.0384615	0.0	0.0	0.0	0.0	0.0	0.0	0.0	0.0	0.0	0.0	0.0	0.0	0.0	0.0	0.0	0.0	0.0015	0.0	0.0	0.0	0.0	0.0	0.0	0.0	0.0	0.0	0.0	0.0	0.0	0.0	0.0	0.0	0.0	0.0	0.0	0.0	0.0	0.0	0.0	0.0	0.0	
Maned Duck (<em class="sci">Chenonetta jubata</em>)	0.6451613	0.4210526	0.4761905	0.6363636	0.5263158	0.5714286	0.5769231	0.6129032	0.6470588	0.6111111	0.4615385	0.6666667	0.5238095	0.55	0.6	0.6111111	0.5454545	0.6923077	0.4545455	0.6521739	0.75	0.6428571	0.625	0.4864865	0.7826087	0.7692308	0.5	0.5357143	0.6785714	0.6666667	0.6363636	0.6086957	0.875	0.76	0.6285714	0.7021277	0.6	0.6785714	0.7714286	0.7608696	0.826087	0.6052632	0.6129032	0.5416667	0.6	0.875	0.8461538	0.78125	
Australian Shoveler (<em class="sci">Spatula rhynchotis</em>)	0.0	0.0	0.0	0.0	0.0	0.0	0.0384615	0.0	0.0	0.0	0.0384615	0.0	0.0	0.0	0.0	0.0	0.0	0.0	0.0	0.0	0.0	0.0	0.0015	0.0	0.0	0.0	0.0	0.0	0.0	0.0	0.0	0.0	0.0	0.0	0.0	0.0	0.0	0.0	0.0	0.0	0.0	0.0	0.0	0.0	0.0	0.0	0.0	0.0	
Pacific Black Duck (<em class="sci">Anas superciliosa</em>)	0.516129	0.6315789	0.5238095	0.5454545	0.4210526	0.4285714	0.5384615	0.6129032	0.4705882	0.5	0.6923077	0.6666667	0.3809524	0.6	0.5333333	0.5555556	0.3636364	0.5384615	0.6363636	0.4782609	0.8125	0.5714286	0.5625	0.3513514	0.6521739	0.7692308	0.375	0.5714286	0.5357143	0.5238095	0.5454545	0.5652174	0.5833333	0.48	0.5142857	0.6808511	0.4769231	0.6785714	0.7428571	0.5869565	0.6086957	0.6315789	0.483871	0.4583333	0.48	0.5416667	0.5384615	0.6875	
Mallard (Domestic type) (<em class="sci">Anas platyrhynchos (Domestic type)</em>)	0.0	0.0	0.0	0.0	0.0	0.0	0.0384615	0.0	0.0	0.0	0.0015	0.0	0.0	0.0	0.0	0.0	0.0	0.0	0.0	0.0869565	0.0	0.0714286	0.0	0.0015	0.0	0.0	0.0	0.1071429	0.0	0.0952381	0.0	0.0	0.0416667	0.0	0.0	0.0212766	0.0307692	0.0	0.0571429	0.0434783	0.0	0.0	0.0	0.0	0.08	0.0	0.0769231	0.0	
Mallard x Pacific Black Duck (hybrid) (<em class="sci">Anas platyrhynchos x superciliosa</em>)	0.0	0.0	0.0	0.0	0.0	0.0	0.0384615	0.0	0.0	0.0	0.0	0.0	0.0	0.0	0.0666667	0.0	0.0	0.0	0.0	0.0434783	0.0	0.0	0.0	0.0	0.0	0.0	0.0	0.0	0.0	0.0	0.0	0.0015	0.0	0.0	0.0	0.0212766	0.0307692	0.0	0.0	0.0217391	0.0434783	0.0	0.0	0.0	0.0	0.0	0.0	0.0	
Gray Teal (<em class="sci">Anas gracilis</em>)	0.0645161	0.0	0.0	0.0454545	0.0	0.0285714	0.0015	0.0322581	0.0015	0.0	0.0	0.0666667	0.047619	0.0	0.0	0.0555556	0.0	0.0	0.0	0.0869565	0.0	0.0	0.125	0.0810811	0.0434783	0.1538462	0.0625	0.0357143	0.0357143	0.1428571	0.1212121	0.0434783	0.0833333	0.08	0.0571429	0.0212766	0.0615385	0.0	0.0285714	0.0434783	0.0	0.0263158	0.0322581	0.0	0.0	0.0	0.0	0.0	
Chestnut Teal (<em class="sci">Anas castanea</em>)	0.0967742	0.3157895	0.047619	0.1363636	0.2105263	0.0857143	0.0769231	0.0322581	0.0588235	0.0555556	0.2307692	0.1	0.0015	0.1	0.0666667	0.2222222	0.1818182	0.0769231	0.0909091	0.0434783	0.125	0.1428571	0.1875	0.1891892	0.0869565	0.0769231	0.1875	0.3571429	0.1071429	0.0952381	0.0606061	0.2608696	0.1666667	0.36	0.2571429	0.3404255	0.3076923	0.25	0.2285714	0.2391304	0.2173913	0.0789474	0.0645161	0.125	0.28	0.0416667	0.0769231	0.15625	
teal sp. (<em class="sci">Anatidae sp. (teal sp.)</em>)	0.0	0.0	0.0	0.0	0.0	0.0	0.0	0.0	0.0015	0.0	0.0	0.0	0.0	0.0	0.0	0.0	0.0	0.0	0.0	0.0	0.0	0.0	0.0	0.027027	0.0	0.0	0.0	0.0	0.0	0.0	0.0	0.0	0.0	0.0	0.0	0.0	0.0153846	0.0	0.0	0.0	0.0	0.0	0.0	0.0	0.0	0.0	0.0	0.0	
Pink-eared Duck (<em class="sci">Malacorhynchus membranaceus</em>)	0.0	0.0	0.0	0.0	0.0	0.0	0.0	0.0	0.0	0.0	0.0	0.0	0.0	0.0	0.0	0.0	0.0	0.0	0.0	0.0	0.0	0.0015	0.0	0.0	0.0	0.0	0.0	0.0	0.0	0.0	0.0	0.0	0.0	0.0	0.0	0.0	0.0	0.0	0.0	0.0	0.0	0.0	0.0	0.0	0.0	0.0	0.0	0.0	
Hardhead (<em class="sci">Aythya australis</em>)	0.0	0.0	0.0	0.0	0.0	0.0	0.0	0.0	0.0015	0.0555556	0.0	0.0	0.0	0.0	0.0	0.0	0.0	0.0	0.0909091	0.0	0.0	0.0015	0.0	0.0540541	0.0	0.0	0.0625	0.0015	0.0015	0.047619	0.0015	0.0434783	0.0416667	0.08	0.0	0.0	0.0153846	0.0357143	0.0571429	0.0652174	0.0	0.0	0.0	0.0	0.0	0.0416667	0.0015	0.0	
Musk Duck (<em class="sci">Biziura lobata</em>)	0.0	0.0	0.0	0.0	0.0	0.0	0.0	0.0	0.0	0.0	0.0	0.0	0.0	0.0	0.0	0.0	0.0	0.0	0.0	0.0434783	0.0	0.0	0.0	0.0	0.0	0.0	0.0	0.0	0.0	0.0	0.0	0.0	0.0	0.0	0.0	0.0	0.0	0.0	0.0	0.0217391	0.0	0.0	0.0	0.0	0.0	0.0	0.0	0.0	
duck sp. (<em class="sci">Anatinae sp.</em>)	0.0	0.0	0.0	0.0	0.0	0.0285714	0.0769231	0.0	0.0	0.0015	0.0	0.0	0.0	0.0	0.0	0.0	0.0	0.0	0.0	0.0	0.0	0.0	0.0	0.0	0.0	0.0	0.0	0.0	0.0015	0.0	0.0	0.0	0.0	0.0	0.0	0.0	0.0	0.0	0.0	0.0	0.0434783	0.0	0.0	0.0	0.0	0.0	0.0	0.0	
Australian Brushturkey (<em class="sci">Alectura lathami</em>)	0.0	0.0	0.0	0.0	0.0	0.0285714	0.0384615	0.0	0.0	0.0015	0.0	0.0	0.0	0.0	0.0	0.0	0.0	0.0	0.0015	0.0	0.0	0.0	0.0	0.027027	0.0	0.0	0.0	0.0	0.0357143	0.0	0.0	0.0	0.0416667	0.0	0.0	0.0212766	0.0153846	0.0	0.0	0.0217391	0.0	0.0	0.0	0.0	0.0	0.0	0.0	0.0	
Indian Peafowl (Domestic type) (<em class="sci">Pavo cristatus (Domestic type)</em>)	0.0	0.0	0.0	0.0	0.0	0.0015	0.0	0.0	0.0	0.0	0.0	0.0	0.0	0.0	0.0666667	0.0	0.0	0.0	0.0	0.0	0.0	0.0	0.0	0.0	0.0	0.0	0.0	0.0	0.0	0.0015	0.0	0.0	0.0	0.0	0.0	0.0	0.0	0.0	0.0	0.0	0.0	0.0	0.0	0.0	0.0	0.0	0.0	0.0	
Australasian Grebe (<em class="sci">Tachybaptus novaehollandiae</em>)	0.0	0.0	0.0	0.0	0.0	0.0285714	0.0	0.0	0.0	0.0	0.0384615	0.0	0.0015	0.0	0.0	0.0	0.0	0.0015	0.0	0.0869565	0.0	0.0	0.0015	0.0	0.0869565	0.0	0.0625	0.0	0.0714286	0.0	0.0	0.0	0.0	0.04	0.0	0.0	0.0	0.0	0.0	0.0	0.0	0.0	0.0	0.0	0.0	0.0	0.0	0.0	
Hoary-headed Grebe (<em class="sci">Poliocephalus poliocephalus</em>)	0.0	0.0	0.0	0.0	0.0	0.0	0.0	0.0	0.0	0.0	0.0	0.0	0.0	0.0	0.0	0.0	0.0	0.0	0.0	0.0	0.0	0.0	0.0	0.0	0.0	0.0	0.0	0.0	0.0	0.0	0.0	0.0	0.0	0.0	0.0	0.0	0.0153846	0.0	0.0	0.0	0.0	0.0	0.0	0.0	0.0	0.0	0.0	0.0	
Great Crested Grebe (<em class="sci">Podiceps cristatus</em>)	0.0	0.0	0.0015	0.0	0.0	0.0	0.0	0.0	0.0	0.0	0.0	0.0	0.0	0.0	0.0	0.0	0.0	0.0	0.0	0.0	0.0	0.0	0.0	0.0	0.0	0.0	0.0	0.0	0.0	0.0	0.0	0.0	0.0	0.0	0.0	0.0	0.0	0.0	0.0	0.0	0.0	0.0	0.0	0.0	0.0	0.0	0.0	0.0	
grebe sp. (<em class="sci">Podicipedidae sp.</em>)	0.0	0.0	0.0	0.0	0.0	0.0	0.0	0.0	0.0	0.0	0.0	0.0	0.0	0.0	0.0	0.0	0.0	0.0	0.0	0.0	0.0	0.0	0.0	0.0	0.0	0.0769231	0.0	0.0	0.0	0.0	0.0	0.0	0.0	0.0	0.0	0.0	0.0	0.0	0.0	0.0	0.0	0.0	0.0	0.0	0.0	0.0	0.0	0.0	
Rock Pigeon (<em class="sci">Columba livia</em>)	0.6451613	0.5263158	0.7142857	0.6818182	0.5263158	0.5714286	0.6538462	0.6774194	0.7647059	0.5	0.6538462	0.4666667	0.2857143	0.45	0.6666667	0.5	0.5454545	0.5384615	0.5454545	0.6521739	0.625	0.7857143	0.4375	0.5945946	0.5217391	0.7692308	0.4375	0.7857143	0.6428571	0.5238095	0.6363636	0.6086957	0.5833333	0.64	0.6857143	0.7021277	0.5846154	0.6428571	0.6	0.673913	0.7391304	0.6578947	0.6129032	0.7916667	0.52	0.7916667	0.6153846	0.65625	
White-headed Pigeon (<em class="sci">Columba leucomela</em>)	0.0	0.0	0.0	0.0	0.0	0.0	0.0	0.0015	0.0	0.0	0.0	0.0	0.0	0.0	0.0	0.0	0.0	0.0	0.0	0.0	0.0	0.0	0.0	0.0	0.0	0.0	0.0	0.0	0.0	0.0	0.0	0.0	0.0	0.0	0.0	0.0	0.0307692	0.0	0.0	0.0	0.0	0.0	0.0	0.0	0.0	0.0	0.0	0.0	
Spotted Dove (<em class="sci">Streptopelia chinensis</em>)	0.0322581	0.0	0.0	0.0	0.1052632	0.0571429	0.0015	0.1290323	0.1176471	0.1666667	0.1153846	0.0015	0.047619	0.0	0.2666667	0.0	0.0	0.0015	0.0	0.173913	0.0625	0.0714286	0.0	0.1081081	0.0	0.1538462	0.0	0.1071429	0.0714286	0.047619	0.0015	0.0434783	0.0416667	0.04	0.0571429	0.1276596	0.0615385	0.1071429	0.0571429	0.1304348	0.1304348	0.0263158	0.0645161	0.125	0.12	0.0	0.0769231	0.0015	
Crested Pigeon (<em class="sci">Ocyphaps lophotes</em>)	0.1612903	0.1578947	0.0952381	0.1818182	0.2631579	0.1142857	0.2307692	0.2258065	0.3529412	0.2777778	0.2307692	0.2333333	0.3333333	0.2	0.2666667	0.2222222	0.1818182	0.2307692	0.3636364	0.3043478	0.1875	0.1428571	0.125	0.1621622	0.2173913	0.3076923	0.125	0.2857143	0.1785714	0.2380952	0.3030303	0.173913	0.375	0.36	0.2	0.4255319	0.2307692	0.2142857	0.1142857	0.2173913	0.3478261	0.2894737	0.2580645	0.125	0.16	0.0833333	0.1538462	0.15625	
Bar-shouldered Dove (<em class="sci">Geopelia humeralis</em>)	0.0	0.0	0.0	0.0	0.0	0.0	0.0	0.0	0.0	0.0	0.0	0.0	0.0	0.0	0.0	0.0	0.0	0.0	0.0	0.0	0.0	0.0	0.0	0.0	0.0	0.0	0.0	0.0015	0.0	0.0	0.0	0.0	0.0	0.0	0.0	0.0	0.0153846	0.0	0.0	0.0	0.0	0.0	0.0	0.0	0.0	0.0	0.0	0.0	
Topknot Pigeon (<em class="sci">Lopholaimus antarcticus</em>)	0.0322581	0.0	0.0	0.0015	0.0	0.0	0.0384615	0.0645161	0.1764706	0.1111111	0.0384615	0.0	0.0	0.0	0.0	0.0	0.0	0.0	0.0	0.0	0.0	0.0	0.0	0.0	0.0	0.0	0.0	0.0	0.0	0.0	0.030303	0.0	0.0	0.04	0.0	0.0	0.0	0.0	0.0	0.0217391	0.0	0.0	0.0	0.0	0.0	0.0	0.0	0.0	
Pacific Koel (<em class="sci">Eudynamys orientalis</em>)	0.0322581	0.0	0.0	0.0	0.0	0.0	0.0	0.0967742	0.0015	0.0	0.0384615	0.0	0.0	0.0	0.0666667	0.0	0.0	0.0	0.0	0.0	0.0	0.0	0.0	0.0	0.0	0.0	0.0	0.0	0.0	0.0	0.0	0.0	0.0	0.04	0.0	0.0212766	0.0153846	0.0	0.0571429	0.0434783	0.1304348	0.0263158	0.0645161	0.0416667	0.0	0.0416667	0.0015	0.03125	
Channel-billed Cuckoo (<em class="sci">Scythrops novaehollandiae</em>)	0.2258065	0.0526316	0.2380952	0.0454545	0.0015	0.1142857	0.1153846	0.0	0.0	0.1111111	0.0	0.0	0.0	0.0	0.0	0.0	0.0	0.0	0.0	0.0	0.0	0.0	0.0	0.027027	0.0015	0.0	0.0	0.0	0.0	0.0	0.030303	0.0	0.0	0.04	0.0	0.0638298	0.0307692	0.0357143	0.1142857	0.1956522	0.0869565	0.0526316	0.0967742	0.0416667	0.08	0.0	0.0769231	0.09375	
Shining Bronze-Cuckoo (<em class="sci">Chrysococcyx lucidus</em>)	0.0	0.0	0.0	0.0	0.0	0.0	0.0	0.0	0.0	0.0	0.0	0.0	0.0	0.0	0.0	0.0	0.0	0.0	0.0	0.0	0.0	0.0	0.0	0.0	0.0	0.0	0.0	0.0	0.0	0.0	0.0	0.0	0.0	0.0	0.0285714	0.0	0.0	0.0	0.0	0.0	0.0	0.0	0.0	0.0	0.0	0.0	0.0	0.0	
Fan-tailed Cuckoo (<em class="sci">Cacomantis flabelliformis</em>)	0.0	0.0	0.0	0.0	0.0	0.0	0.0	0.0	0.0	0.0	0.0	0.0	0.0	0.0	0.0	0.0	0.0	0.0	0.0	0.0	0.0	0.0	0.0	0.0	0.0	0.0	0.0	0.0	0.0	0.0	0.0	0.0	0.0	0.0	0.0	0.0	0.0	0.0	0.0	0.0	0.0	0.0	0.0	0.0	0.04	0.0	0.0	0.0	
Tawny Frogmouth (<em class="sci">Podargus strigoides</em>)	0.0	0.0015	0.0	0.0909091	0.0526316	0.0	0.0	0.0015	0.0015	0.0	0.0	0.0333333	0.047619	0.0	0.0	0.0	0.0909091	0.0	0.0909091	0.0	0.0625	0.0	0.0015	0.0540541	0.0015	0.1538462	0.0625	0.0357143	0.0	0.0	0.0015	0.0434783	0.0416667	0.04	0.0285714	0.0851064	0.0153846	0.0015	0.0015	0.0434783	0.0434783	0.0526316	0.0645161	0.0416667	0.04	0.0	0.0769231	0.0	
White-throated Nightjar (<em class="sci">Eurostopodus mystacalis</em>)	0.0	0.0	0.0	0.0	0.0	0.0	0.0	0.0	0.0	0.0	0.0	0.0	0.0	0.0	0.0	0.0	0.0	0.0	0.0	0.0	0.0	0.0	0.0	0.0	0.0	0.0	0.0	0.0	0.0	0.0	0.0	0.0	0.0	0.0	0.0	0.0	0.0	0.0	0.0	0.0217391	0.0	0.0	0.0	0.0	0.0	0.0	0.0	0.0	
White-throated Needletail (<em class="sci">Hirundapus caudacutus</em>)	0.0	0.0	0.0	0.0	0.0	0.0	0.0	0.0015	0.0	0.0	0.0	0.0	0.0	0.0	0.0	0.0	0.0	0.0	0.0	0.0	0.0	0.0	0.0	0.0	0.0	0.0	0.0	0.0	0.0	0.0	0.0	0.0	0.0	0.0	0.0	0.0	0.0	0.0	0.0	0.0	0.0	0.0	0.0	0.0	0.0	0.0416667	0.0	0.0	
Pacific Swift (<em class="sci">Apus pacificus</em>)	0.0	0.0	0.047619	0.0	0.0	0.0	0.0	0.0	0.0	0.0	0.0	0.0	0.0	0.0	0.0	0.0	0.0	0.0	0.0	0.0	0.0	0.0	0.0	0.0	0.0	0.0	0.0	0.0	0.0	0.0	0.0	0.0	0.0	0.0	0.0	0.0	0.0	0.0	0.0015	0.0015	0.0	0.0	0.0	0.0833333	0.0	0.0416667	0.0769231	0.0	
Lewin's Rail (<em class="sci">Lewinia pectoralis</em>)	0.0	0.0	0.0	0.0	0.0	0.0	0.0015	0.0	0.0	0.0	0.0	0.0	0.0	0.0	0.0	0.0	0.0	0.0	0.0	0.0	0.0	0.0	0.0	0.0	0.0	0.0	0.0	0.0	0.0	0.0	0.0	0.0	0.0	0.0	0.0	0.0	0.0	0.0	0.0	0.0	0.0	0.0	0.0	0.0	0.0	0.0	0.0	0.0	
Buff-banded Rail (<em class="sci">Gallirallus philippensis</em>)	0.0322581	0.1052632	0.1904762	0.2727273	0.2105263	0.0015	0.1538462	0.0645161	0.2352941	0.0555556	0.0015	0.0333333	0.0952381	0.1	0.0	0.0555556	0.0909091	0.0769231	0.2727273	0.0869565	0.0625	0.0714286	0.0625	0.0540541	0.0434783	0.0769231	0.1875	0.1428571	0.1428571	0.1428571	0.030303	0.1304348	0.125	0.08	0.1142857	0.1276596	0.0615385	0.0714286	0.1428571	0.1521739	0.0869565	0.0263158	0.0322581	0.0416667	0.08	0.0416667	0.0769231	0.125	
Dusky Moorhen (<em class="sci">Gallinula tenebrosa</em>)	0.7741935	0.8947368	0.6190476	0.7727273	0.6315789	0.7428571	0.7307692	0.8387097	0.6470588	0.7777778	0.7692308	0.8666667	0.7619048	0.85	0.7333333	0.6111111	0.8181818	0.8461538	0.6363636	0.6956522	1.0	0.9285714	0.5625	0.6486486	0.8695652	0.8461538	0.75	0.8214286	0.8571429	0.7619048	0.6969697	0.7391304	0.9583333	0.84	0.7714286	0.787234	0.6923077	0.75	0.7142857	0.826087	0.9130435	0.7105263	0.6451613	0.625	0.76	0.9583333	0.8461538	0.84375	
Eurasian Coot (<em class="sci">Fulica atra</em>)	0.0322581	0.0526316	0.0	0.0454545	0.0	0.0015	0.1153846	0.0645161	0.1176471	0.1666667	0.0769231	0.0333333	0.0015	0.15	0.0666667	0.0555556	0.0	0.0769231	0.0	0.1304348	0.0625	0.0714286	0.125	0.0540541	0.173913	0.0769231	0.0625	0.1071429	0.0714286	0.1428571	0.0015	0.0869565	0.0416667	0.16	0.1142857	0.1276596	0.0615385	0.0357143	0.0571429	0.0869565	0.0434783	0.0	0.0645161	0.0	0.0	0.0	0.0769231	0.09375	
Australasian Swamphen (<em class="sci">Porphyrio melanotus</em>)	0.1935484	0.1052632	0.0952381	0.1818182	0.0526316	0.1142857	0.1153846	0.1935484	0.1176471	0.0555556	0.2307692	0.1333333	0.1428571	0.05	0.2	0.1111111	0.0	0.0769231	0.0	0.173913	0.125	0.1428571	0.0015	0.1081081	0.2173913	0.1538462	0.125	0.1785714	0.0714286	0.1428571	0.1212121	0.1304348	0.2916667	0.32	0.0857143	0.0638298	0.1538462	0.0357143	0.0	0.0652174	0.0	0.0526316	0.0645161	0.0833333	0.04	0.0833333	0.0	0.15625	
Pied Stilt (<em class="sci">Himantopus leucocephalus</em>)	0.0	0.0	0.0	0.0454545	0.0	0.0	0.0	0.0	0.0	0.0	0.0	0.0	0.0	0.0	0.0	0.0	0.0	0.0	0.0	0.0	0.0	0.0	0.0	0.0	0.0	0.0	0.0	0.0	0.0	0.0	0.0	0.0	0.0	0.0	0.0	0.0	0.0	0.0	0.0	0.0	0.0	0.0	0.0	0.0	0.0	0.0	0.0	0.0	
Pied Oystercatcher (<em class="sci">Haematopus longirostris</em>)	0.0	0.0	0.0	0.0	0.0	0.0	0.0	0.0	0.0	0.0	0.0	0.0	0.0	0.0	0.0	0.0	0.0	0.0	0.0	0.0	0.0	0.0	0.0	0.0	0.0	0.0	0.0	0.0	0.0	0.0	0.0	0.0	0.0	0.0	0.0	0.0	0.0	0.0	0.0	0.0	0.0	0.0263158	0.0	0.0	0.0	0.0	0.0	0.0	
Masked Lapwing (<em class="sci">Vanellus miles</em>)	0.7741935	0.8947368	0.6666667	0.8636364	0.6315789	0.8	0.7307692	0.8064516	0.7058824	0.6666667	0.6153846	0.8333333	0.5714286	0.55	0.8	0.8333333	0.7272727	0.9230769	0.5454545	0.6521739	0.8125	0.7857143	0.3125	0.5945946	0.7826087	0.4615385	0.625	0.6428571	0.6071429	0.5238095	0.6060606	0.6086957	0.7916667	0.68	0.6	0.7659574	0.5692308	0.6785714	0.7142857	0.8043478	0.826087	0.6842105	0.6774194	0.6666667	0.64	0.9166667	0.8461538	0.71875	
Black-fronted Dotterel (<em class="sci">Elseyornis melanops</em>)	0.0	0.0	0.0	0.0	0.0	0.0	0.0	0.0	0.0	0.0015	0.0	0.0	0.0	0.0	0.0	0.0	0.0	0.0	0.0	0.0	0.0	0.0	0.0	0.0	0.0	0.0	0.0	0.0	0.0	0.0	0.0	0.0	0.0	0.0	0.0	0.0	0.0	0.0	0.0	0.0	0.0	0.0	0.0	0.0	0.0	0.0	0.0	0.0	
plover sp. (<em class="sci">Charadriidae sp.</em>)	0.0	0.0	0.0	0.0	0.0	0.0	0.0	0.0	0.0015	0.0	0.0	0.0	0.0	0.0	0.0	0.0	0.0	0.0	0.0	0.0	0.0	0.0	0.0	0.0	0.0	0.0	0.0	0.0	0.0	0.0	0.0	0.0	0.0	0.0	0.0	0.0	0.0	0.0	0.0	0.0	0.0	0.0	0.0	0.0	0.0	0.0	0.0	0.0	
Silver Gull (<em class="sci">Chroicocephalus novaehollandiae</em>)	0.8064516	0.7894737	0.8571429	0.8636364	0.7894737	0.8285714	0.7307692	0.9354839	0.7647059	0.6666667	0.8076923	0.8	0.7142857	0.7	0.8666667	0.7777778	0.9090909	0.8461538	0.7272727	0.826087	0.9375	0.8571429	0.625	0.7297297	0.6956522	0.8461538	0.75	0.8214286	0.7142857	0.7142857	0.6969697	0.6521739	0.9583333	0.84	0.9142857	0.7659574	0.6769231	0.75	0.7714286	0.8043478	0.8695652	0.7894737	0.7419355	0.7916667	0.72	1.0	0.8461538	0.78125	
gull sp. (<em class="sci">Larinae sp.</em>)	0.0	0.0526316	0.0	0.0	0.0526316	0.0	0.0	0.0	0.0	0.0	0.0	0.0333333	0.0	0.0	0.0	0.0555556	0.0	0.0	0.0	0.0	0.0	0.0	0.0	0.0	0.0	0.0	0.0	0.0	0.0	0.047619	0.0606061	0.0	0.0	0.0	0.0	0.0	0.0	0.0	0.0	0.0	0.0	0.0	0.0	0.0	0.0	0.0	0.0	0.0	
Little Tern (<em class="sci">Sternula albifrons</em>)	0.0	0.0	0.0	0.0	0.0	0.0285714	0.0	0.0	0.0	0.0	0.0	0.0	0.0	0.0	0.0	0.0	0.0	0.0	0.0	0.0	0.0	0.0	0.0	0.0	0.0	0.0	0.0	0.0	0.0	0.0	0.0	0.0	0.0	0.0	0.0	0.0	0.0	0.0	0.0	0.0	0.0	0.0	0.0	0.0	0.0	0.0416667	0.0	0.0	
Caspian Tern (<em class="sci">Hydroprogne caspia</em>)	0.0	0.0	0.0	0.0	0.0	0.0	0.0	0.0	0.0	0.0	0.0	0.0	0.0	0.0	0.0666667	0.0	0.0	0.0	0.0	0.0	0.0	0.0	0.0	0.0	0.0	0.0	0.0	0.0	0.0	0.0	0.0	0.0	0.0	0.0	0.0	0.0	0.0	0.0	0.0	0.0	0.0	0.0	0.0	0.0	0.0	0.0	0.0	0.0	
Common Tern (<em class="sci">Sterna hirundo</em>)	0.0	0.0	0.0	0.0	0.0	0.0	0.0	0.0	0.0	0.0	0.0	0.0	0.0	0.0	0.0	0.0	0.0	0.0	0.0	0.0	0.0	0.0	0.0	0.0	0.0	0.0	0.0	0.0	0.0	0.0	0.0	0.0	0.0	0.0	0.0	0.0	0.0	0.0	0.0	0.0	0.0	0.0	0.0322581	0.0	0.0	0.0	0.0	0.0	
Sterna sp. (<em class="sci">Sterna sp.</em>)	0.0	0.0	0.0	0.0	0.0	0.0	0.0	0.0	0.0	0.0	0.0	0.0	0.0	0.0	0.0	0.0	0.0	0.0	0.0	0.0434783	0.0	0.0	0.0	0.0	0.0	0.0	0.0	0.0	0.0	0.0	0.0	0.0	0.0	0.0	0.0	0.0	0.0	0.0	0.0	0.0	0.0	0.0	0.0	0.0	0.0	0.0	0.0	0.0	
Great Crested Tern (<em class="sci">Thalasseus bergii</em>)	0.0015	0.0	0.0	0.0454545	0.2105263	0.0857143	0.0384615	0.0967742	0.0588235	0.0555556	0.0769231	0.0	0.0952381	0.1	0.0	0.1111111	0.0	0.0	0.0909091	0.0015	0.0	0.0714286	0.0625	0.0810811	0.0	0.0	0.0	0.0357143	0.0357143	0.0	0.0015	0.0015	0.0015	0.0	0.0	0.0425532	0.0	0.0357143	0.0	0.0217391	0.0	0.0263158	0.0322581	0.0416667	0.0	0.0416667	0.0	0.0	
tern sp. (<em class="sci">Sterninae sp.</em>)	0.0	0.0	0.0	0.0	0.0	0.0	0.0384615	0.0	0.0	0.0	0.0	0.0	0.0	0.0	0.0	0.0	0.0	0.0769231	0.0	0.0	0.0	0.0	0.0	0.027027	0.0	0.0	0.0	0.0	0.0	0.0	0.0	0.0	0.0015	0.0	0.0	0.0	0.0	0.0	0.0	0.0	0.0	0.0	0.0	0.0	0.04	0.0	0.0	0.0	
Little Penguin (<em class="sci">Eudyptula minor</em>)	0.0	0.0	0.0	0.0	0.0	0.0	0.0	0.0015	0.0	0.0	0.0	0.0	0.0	0.0	0.0	0.0	0.0	0.0	0.0	0.0	0.0	0.0	0.0	0.0	0.0	0.0	0.0	0.0	0.0	0.0	0.0	0.0	0.0	0.0	0.0	0.0	0.0	0.0015	0.0	0.0	0.0	0.0	0.0	0.0	0.0	0.0	0.0	0.0	
Gray-faced Petrel (<em class="sci">Pterodroma gouldi</em>)	0.0	0.0	0.0	0.0	0.0	0.0	0.0	0.0	0.0015	0.0	0.0	0.0	0.0	0.0	0.0	0.0	0.0	0.0	0.0	0.0	0.0	0.0	0.0	0.0	0.0	0.0	0.0	0.0	0.0	0.0	0.0	0.0	0.0	0.0	0.0	0.0	0.0	0.0	0.0	0.0	0.0	0.0	0.0	0.0	0.0	0.0	0.0	0.0	
Australasian Gannet (<em class="sci">Morus serrator</em>)	0.0	0.0	0.0	0.0	0.0	0.0	0.0	0.0	0.0	0.0	0.0	0.0	0.0	0.0	0.0	0.0	0.0	0.0	0.0	0.0	0.0625	0.0	0.0	0.027027	0.0	0.0	0.0	0.0357143	0.0	0.0	0.0	0.0	0.0	0.0	0.0	0.0212766	0.0	0.0	0.0	0.0	0.0	0.0	0.0	0.0	0.0	0.0	0.0	0.0	
Australasian Darter (<em class="sci">Anhinga novaehollandiae</em>)	0.1290323	0.0	0.0	0.0909091	0.2631579	0.1142857	0.0769231	0.1290323	0.1176471	0.0555556	0.1923077	0.0	0.0952381	0.1	0.0666667	0.0555556	0.0909091	0.0769231	0.0909091	0.173913	0.0625	0.0714286	0.125	0.027027	0.0434783	0.0	0.125	0.1428571	0.1785714	0.1428571	0.1212121	0.0869565	0.0833333	0.2	0.1428571	0.0851064	0.0769231	0.0357143	0.0	0.0434783	0.0	0.0789474	0.0967742	0.0833333	0.16	0.0833333	0.0769231	0.09375	
Little Pied Cormorant (<em class="sci">Microcarbo melanoleucos</em>)	0.483871	0.3157895	0.4761905	0.3181818	0.3157895	0.6571429	0.4230769	0.6451613	0.6470588	0.4444444	0.3076923	0.3	0.3809524	0.45	0.6	0.3888889	0.2727273	0.2307692	0.3636364	0.2173913	0.3125	0.1428571	0.25	0.1891892	0.3043478	0.3846154	0.0625	0.4285714	0.2142857	0.2857143	0.2121212	0.3043478	0.375	0.44	0.4857143	0.3191489	0.4461538	0.4285714	0.6	0.4130435	0.4782609	0.3947368	0.3225806	0.6666667	0.4	0.5	0.5384615	0.46875	
Great Cormorant (<em class="sci">Phalacrocorax carbo</em>)	0.0322581	0.1052632	0.0	0.0454545	0.0526316	0.1428571	0.0384615	0.0967742	0.0015	0.0	0.0769231	0.0333333	0.0015	0.0015	0.0	0.1111111	0.0909091	0.0	0.0909091	0.1304348	0.0	0.0	0.0625	0.0810811	0.1304348	0.0	0.0625	0.1071429	0.0357143	0.047619	0.1212121	0.0	0.0416667	0.04	0.1142857	0.106383	0.0615385	0.0015	0.0285714	0.0434783	0.0434783	0.0526316	0.1290323	0.1666667	0.08	0.0416667	0.0015	0.03125	
Little Black Cormorant (<em class="sci">Phalacrocorax sulcirostris</em>)	0.6451613	0.5263158	0.3333333	0.4090909	0.6315789	0.6	0.6923077	0.7741935	0.7058824	0.7222222	0.5769231	0.7	0.5714286	0.75	0.8	0.6666667	0.8181818	0.8461538	0.7272727	0.6521739	0.75	0.8571429	0.4375	0.5675676	0.7826087	0.6923077	0.6875	0.6428571	0.5714286	0.5714286	0.5151515	0.5217391	0.625	0.56	0.4285714	0.3617021	0.4923077	0.4642857	0.6571429	0.5217391	0.6521739	0.3421053	0.2903226	0.5416667	0.36	0.5416667	0.4615385	0.625	
Pied Cormorant (<em class="sci">Phalacrocorax varius</em>)	0.1612903	0.1052632	0.047619	0.1818182	0.1578947	0.2	0.1923077	0.0645161	0.0015	0.1666667	0.0769231	0.2666667	0.1428571	0.1	0.4	0.2222222	0.1818182	0.0769231	0.0909091	0.3043478	0.25	0.1428571	0.25	0.1351351	0.1304348	0.1538462	0.0625	0.0714286	0.1071429	0.1428571	0.0606061	0.0	0.0833333	0.08	0.0285714	0.1702128	0.0307692	0.0357143	0.1142857	0.1521739	0.1304348	0.1052632	0.1612903	0.2083333	0.08	0.0416667	0.0015	0.09375	
cormorant sp. (<em class="sci">Phalacrocoracidae sp.</em>)	0.0	0.0	0.0	0.0	0.0	0.0	0.0	0.0	0.0	0.0	0.0	0.0	0.0	0.0	0.0	0.0	0.0	0.0	0.0	0.0	0.0	0.0	0.0	0.0	0.0	0.0	0.0	0.0	0.0	0.0	0.0	0.0	0.0	0.0	0.0	0.0	0.0153846	0.0	0.0285714	0.0	0.0	0.0	0.0	0.0	0.0	0.0	0.0	0.0	
Australian Pelican (<em class="sci">Pelecanus conspicillatus</em>)	0.0322581	0.1052632	0.0	0.0015	0.0526316	0.0285714	0.0384615	0.0015	0.0	0.0015	0.1153846	0.0015	0.047619	0.05	0.0666667	0.0555556	0.0	0.0	0.0	0.0434783	0.0	0.0714286	0.0015	0.027027	0.0434783	0.1538462	0.0	0.1071429	0.1071429	0.047619	0.030303	0.0015	0.0416667	0.04	0.0285714	0.0425532	0.0461538	0.0357143	0.0285714	0.0217391	0.0869565	0.0526316	0.0645161	0.1666667	0.04	0.0015	0.0	0.0	
Pacific Heron (<em class="sci">Ardea pacifica</em>)	0.0	0.0	0.0	0.0	0.0	0.0	0.0	0.0	0.0	0.0	0.0	0.0	0.0	0.0	0.0	0.0	0.0	0.0	0.0	0.0	0.0	0.0	0.0	0.0	0.0	0.0769231	0.0	0.0	0.0	0.0	0.0	0.0	0.0	0.0	0.0	0.0015	0.0	0.0	0.0	0.0	0.0	0.0	0.0	0.0	0.04	0.0	0.0	0.0	
Great Egret (<em class="sci">Ardea alba</em>)	0.0015	0.0	0.0	0.0	0.0	0.0	0.0	0.0	0.0	0.0	0.0	0.0	0.0	0.0	0.0	0.0555556	0.0	0.0	0.0	0.0	0.0	0.0	0.0	0.0	0.0	0.0769231	0.0625	0.0	0.0	0.0	0.0	0.0	0.0	0.0	0.0	0.0	0.0153846	0.0	0.0	0.0217391	0.0	0.0263158	0.0	0.0	0.0	0.0	0.0	0.0	
White-faced Heron (<em class="sci">Egretta novaehollandiae</em>)	0.1290323	0.0526316	0.0015	0.1818182	0.0	0.1428571	0.0769231	0.0322581	0.0588235	0.0	0.1923077	0.1	0.0	0.1	0.2	0.0555556	0.1818182	0.1538462	0.0909091	0.2608696	0.125	0.0	0.125	0.2432432	0.1304348	0.0	0.0	0.1071429	0.1071429	0.047619	0.0606061	0.0434783	0.0015	0.2	0.0571429	0.0212766	0.0923077	0.0	0.0285714	0.0869565	0.0869565	0.0263158	0.0322581	0.125	0.04	0.0	0.2307692	0.03125	
Cattle Egret (<em class="sci">Bubulcus ibis</em>)	0.0	0.0	0.047619	0.0	0.0	0.0	0.0	0.0	0.0	0.0	0.0	0.0	0.0	0.0	0.0	0.0555556	0.0	0.0	0.0	0.0	0.0625	0.0	0.0015	0.0	0.0	0.0	0.0	0.0	0.0	0.0	0.0	0.0	0.0	0.0	0.0	0.0	0.0307692	0.0015	0.0	0.0217391	0.0	0.0	0.0	0.0416667	0.0	0.0416667	0.0	0.0	
Striated Heron (<em class="sci">Butorides striata</em>)	0.0	0.0	0.0	0.0	0.0	0.0	0.0	0.0	0.0	0.0	0.0	0.0	0.0	0.0	0.0	0.0	0.0	0.0	0.0	0.0	0.0	0.0	0.0	0.0	0.0	0.0	0.0	0.0357143	0.0	0.0	0.0	0.0	0.0	0.0	0.0	0.0	0.0	0.0	0.0	0.0	0.0	0.0	0.0	0.0	0.0	0.0	0.0	0.0	
Rufous Night-Heron (<em class="sci">Nycticorax caledonicus</em>)	0.0	0.0	0.0	0.0	0.0	0.0	0.0	0.0	0.0	0.0	0.0	0.0	0.0	0.0	0.0	0.0	0.0	0.0	0.0	0.0434783	0.0	0.0	0.0	0.0	0.0	0.0	0.0	0.0	0.0	0.0	0.0	0.0	0.0	0.0	0.0	0.0	0.0153846	0.0	0.0	0.0	0.0	0.0015	0.0	0.0	0.0	0.0	0.0	0.0	
Australian Ibis (<em class="sci">Threskiornis molucca</em>)	0.8709677	0.8947368	0.8571429	0.9545455	0.8947368	0.9142857	0.8846154	0.9354839	0.9411765	0.8888889	0.8846154	0.9333333	0.952381	0.95	1.0	0.8333333	0.9090909	1.0	0.9090909	0.8695652	1.0	1.0	0.5	0.7567568	0.826087	1.0	0.75	0.8928571	0.9285714	0.8571429	0.8181818	0.9565217	0.9583333	1.0	0.9714286	0.9148936	0.8	0.8571429	0.9714286	0.9565217	0.9565217	0.8947368	0.9354839	0.9166667	0.84	0.9583333	0.9230769	0.90625	
Straw-necked Ibis (<em class="sci">Threskiornis spinicollis</em>)	0.0	0.0	0.0	0.0	0.0526316	0.0	0.0384615	0.0	0.0	0.0	0.0384615	0.0	0.0	0.0	0.0	0.0	0.0015	0.0	0.0	0.0	0.0	0.0	0.0	0.0	0.0	0.0	0.0	0.0	0.0	0.0	0.0	0.0	0.0	0.04	0.0	0.0212766	0.0	0.0	0.0	0.0015	0.0	0.0263158	0.0	0.0	0.0	0.0416667	0.0	0.0	
Royal Spoonbill (<em class="sci">Platalea regia</em>)	0.0	0.0	0.0	0.0	0.0	0.0	0.0	0.0	0.0	0.0	0.0384615	0.0	0.0	0.0	0.0	0.0	0.0	0.0	0.0	0.0	0.0	0.0	0.0	0.0	0.0434783	0.0	0.0	0.0	0.0	0.0	0.0	0.0434783	0.0	0.0	0.0	0.0	0.0	0.0	0.0	0.0	0.0	0.0	0.0	0.0	0.0	0.0	0.0769231	0.0	
Yellow-billed Spoonbill (<em class="sci">Platalea flavipes</em>)	0.0	0.0	0.0	0.0015	0.0526316	0.0	0.0	0.0	0.0	0.0	0.0	0.0	0.0	0.0	0.0	0.0	0.0	0.0	0.0	0.0	0.0	0.0	0.0	0.0	0.0	0.0	0.0	0.0	0.0	0.0	0.0	0.0	0.0	0.0	0.0	0.0	0.0	0.0	0.0	0.0	0.0	0.0	0.0	0.0	0.0	0.0416667	0.0	0.0	
Osprey (<em class="sci">Pandion haliaetus</em>)	0.0	0.0	0.0	0.0	0.0	0.0	0.0	0.0322581	0.0	0.0	0.0	0.0	0.0	0.0	0.0	0.0	0.0	0.0	0.0	0.0	0.0	0.0	0.0	0.0	0.0	0.0	0.0	0.0	0.0	0.0	0.0	0.0	0.0	0.0	0.0	0.0	0.0	0.0	0.0	0.0	0.0	0.0	0.0	0.0	0.0	0.0	0.0	0.0	
Black-shouldered Kite (<em class="sci">Elanus axillaris</em>)	0.0	0.0	0.0	0.0	0.0	0.0	0.0	0.0	0.0	0.0	0.0384615	0.0	0.0	0.0	0.0	0.0	0.0	0.0	0.0	0.0	0.0	0.0	0.0	0.0	0.0	0.0	0.0	0.0	0.0	0.0	0.0	0.0	0.0	0.0	0.0	0.0	0.0	0.0	0.0	0.0	0.0	0.0	0.0	0.0	0.0	0.0	0.0	0.0	
Brown Goshawk (<em class="sci">Accipiter fasciatus</em>)	0.0	0.0	0.0	0.0	0.0	0.0	0.0384615	0.0322581	0.0	0.0	0.0	0.0333333	0.0	0.0	0.0666667	0.0	0.0	0.0	0.0	0.0	0.0	0.0	0.0	0.0	0.0	0.0	0.0	0.0	0.0	0.0	0.0	0.0	0.0	0.0	0.0	0.0	0.0	0.0	0.0571429	0.0	0.0	0.0	0.0	0.0	0.0	0.0	0.0	0.0	
Black Kite (<em class="sci">Milvus migrans</em>)	0.0	0.0	0.0	0.0	0.0	0.0	0.0	0.0	0.0	0.0	0.0	0.0	0.0	0.0	0.0	0.0	0.0	0.0	0.0	0.0	0.0	0.0	0.0	0.0	0.0	0.0	0.0	0.0	0.0	0.0	0.0	0.0	0.0	0.04	0.0	0.0	0.0	0.0	0.0	0.0	0.0	0.0	0.0	0.0	0.0	0.0	0.0	0.0	
Whistling Kite (<em class="sci">Haliastur sphenurus</em>)	0.0	0.0	0.0	0.0	0.0	0.0	0.0	0.0	0.0015	0.0	0.0384615	0.0	0.0	0.0	0.0	0.0	0.0	0.0	0.0	0.0	0.0	0.0	0.0	0.0	0.0	0.0	0.0	0.0	0.0	0.0	0.0	0.0	0.0	0.0	0.0	0.0	0.0	0.0	0.0	0.0217391	0.0	0.0	0.0	0.0	0.0	0.0	0.0	0.0	
White-bellied Sea-Eagle (<em class="sci">Haliaeetus leucogaster</em>)	0.0	0.0	0.0	0.0	0.0	0.0	0.0	0.0322581	0.0015	0.0	0.0	0.0	0.0	0.0	0.0	0.0	0.0	0.0	0.0	0.0	0.0	0.0	0.0	0.0	0.0	0.0	0.0	0.0	0.0	0.0	0.0	0.0015	0.0	0.0	0.0	0.0212766	0.0	0.0	0.0	0.0	0.0	0.0	0.0	0.0	0.04	0.0	0.0	0.03125	
hawk sp. (<em class="sci">Accipitridae sp. (hawk sp.)</em>)	0.0	0.0	0.0	0.0	0.0	0.0	0.0	0.0	0.0	0.0	0.0	0.0	0.0	0.0	0.0	0.0	0.0	0.0	0.0	0.0	0.0	0.0	0.0	0.0	0.0	0.0	0.0	0.0	0.0	0.0	0.0	0.0	0.0015	0.0	0.0	0.0	0.0153846	0.0	0.0	0.0	0.0	0.0	0.0	0.0	0.0	0.0	0.0	0.0	
Powerful Owl (<em class="sci">Ninox strenua</em>)	0.0015	0.0	0.0952381	0.0909091	0.0526316	0.0285714	0.0	0.0645161	0.0015	0.1111111	0.0384615	0.0666667	0.1428571	0.05	0.1333333	0.1111111	0.2727273	0.0769231	0.0909091	0.1304348	0.1875	0.1428571	0.0	0.1081081	0.2608696	0.0769231	0.1875	0.1785714	0.1428571	0.1428571	0.1818182	0.3913043	0.125	0.28	0.1428571	0.2553191	0.1846154	0.1071429	0.1142857	0.2173913	0.0434783	0.1842105	0.1290323	0.0416667	0.16	0.1666667	0.0769231	0.03125	
Southern Boobook (<em class="sci">Ninox boobook</em>)	0.0	0.0	0.0	0.0	0.0015	0.0285714	0.0015	0.0	0.0	0.0015	0.0	0.0	0.047619	0.0	0.0	0.0555556	0.0	0.0	0.0	0.0	0.0	0.0	0.0	0.0	0.0	0.0	0.0	0.0	0.0	0.0	0.0	0.0	0.0	0.0	0.0	0.0	0.0	0.0	0.0015	0.0	0.0	0.0	0.0	0.0	0.0	0.0	0.0	0.0	
Laughing Kookaburra (<em class="sci">Dacelo novaeguineae</em>)	0.5806452	0.4210526	0.3809524	0.4090909	0.2105263	0.4285714	0.5	0.3870968	0.5294118	0.2777778	0.4230769	0.6	0.3333333	0.3	0.4666667	0.3333333	0.3636364	0.0769231	0.5454545	0.3478261	0.4375	0.3571429	0.375	0.2972973	0.2173913	0.4615385	0.125	0.4642857	0.2857143	0.4285714	0.3636364	0.2608696	0.625	0.6	0.4	0.5531915	0.3846154	0.5714286	0.4571429	0.6086957	0.4782609	0.3421053	0.2903226	0.5	0.32	0.375	0.4615385	0.5625	
Sacred Kingfisher (<em class="sci">Todiramphus sanctus</em>)	0.0322581	0.0	0.0	0.0	0.0	0.0	0.0	0.0	0.0588235	0.0555556	0.0	0.0	0.0	0.0	0.0	0.0	0.0	0.0	0.0	0.0	0.0	0.0	0.0	0.0	0.0	0.0	0.0	0.0	0.0	0.0	0.0	0.0	0.0	0.0	0.0	0.0	0.0	0.0	0.0	0.0217391	0.0	0.0	0.0	0.0	0.0	0.0	0.0	0.0	
Rainbow Bee-eater (<em class="sci">Merops ornatus</em>)	0.0	0.0	0.0	0.0	0.0	0.0	0.0	0.0	0.0	0.0	0.0	0.0	0.0	0.0	0.0	0.0	0.0	0.0	0.0	0.0	0.0	0.0	0.0	0.0	0.0	0.0	0.0	0.0	0.0	0.0	0.0	0.0	0.0	0.0	0.0	0.0	0.0	0.0	0.0	0.0	0.0	0.0	0.0	0.0416667	0.0	0.0	0.0	0.0	
Australian Kestrel (<em class="sci">Falco cenchroides</em>)	0.0	0.0	0.0	0.0	0.0	0.0285714	0.0	0.0	0.0	0.0	0.0	0.0	0.0	0.0	0.0666667	0.0	0.0	0.0	0.0	0.0	0.0	0.0	0.0	0.0	0.0	0.0	0.0	0.0357143	0.0	0.0	0.0	0.0	0.0	0.0	0.0	0.0	0.0	0.0	0.0	0.0	0.0	0.0	0.0	0.0833333	0.0	0.0	0.0	0.0	
Australian Hobby (<em class="sci">Falco longipennis</em>)	0.0	0.0	0.0	0.0	0.0	0.0	0.0	0.0	0.0	0.0	0.0	0.0	0.0	0.0	0.0	0.0	0.0	0.0	0.0	0.0434783	0.0	0.0	0.0	0.0	0.0	0.0	0.0	0.0	0.0	0.0	0.0	0.0	0.0	0.0	0.0	0.0	0.0	0.0	0.0	0.0	0.0	0.0	0.0	0.0	0.0	0.0	0.0	0.0	
Peregrine Falcon (<em class="sci">Falco peregrinus</em>)	0.0	0.0	0.0	0.0	0.0	0.0	0.0	0.0015	0.0588235	0.0	0.0384615	0.0015	0.0	0.0	0.0	0.0	0.0	0.0	0.0	0.0434783	0.0	0.0	0.0	0.0	0.0	0.0	0.0625	0.0357143	0.0	0.0	0.0	0.0869565	0.0416667	0.0	0.0	0.0212766	0.0153846	0.0	0.0	0.0217391	0.0	0.0	0.0	0.125	0.0	0.0	0.0	0.0	
falcon sp. (<em class="sci">Falco sp.</em>)	0.0	0.0015	0.0	0.0	0.0	0.0	0.0	0.0	0.0	0.0	0.0	0.0	0.0	0.0	0.0	0.0	0.0	0.0	0.0	0.0	0.0	0.0	0.0	0.0	0.0	0.0	0.0	0.0	0.0	0.0	0.0	0.0	0.0	0.0	0.0	0.0	0.0	0.0	0.0	0.0	0.0	0.0	0.0	0.0	0.0	0.0	0.0	0.0	
Yellow-tailed Black-Cockatoo (<em class="sci">Calyptorhynchus funereus</em>)	0.0	0.0	0.0	0.0	0.0	0.0	0.0	0.0	0.0	0.0	0.0384615	0.0	0.0	0.0	0.0	0.0	0.0	0.0015	0.0909091	0.0869565	0.1875	0.1428571	0.0015	0.0	0.1304348	0.0	0.0625	0.0357143	0.0	0.047619	0.0606061	0.0015	0.0	0.04	0.0015	0.0	0.0	0.0	0.0	0.0	0.0	0.0	0.0	0.0	0.0	0.0	0.0	0.0	
Galah (<em class="sci">Eolophus roseicapilla</em>)	0.0	0.0	0.0	0.0015	0.0	0.0285714	0.0	0.0322581	0.0	0.0555556	0.0	0.0333333	0.047619	0.05	0.0015	0.0	0.0	0.0015	0.0	0.0434783	0.0	0.0	0.0	0.0540541	0.0	0.1538462	0.0	0.0	0.0	0.047619	0.030303	0.0434783	0.0416667	0.12	0.0285714	0.106383	0.0015	0.0357143	0.0571429	0.0217391	0.0434783	0.0263158	0.0645161	0.125	0.0	0.0416667	0.0	0.0	
Long-billed Corella (<em class="sci">Cacatua tenuirostris</em>)	0.0	0.0	0.0	0.0	0.0526316	0.0285714	0.1153846	0.0322581	0.1176471	0.0555556	0.0384615	0.1	0.0952381	0.1	0.0666667	0.0	0.0909091	0.0769231	0.1818182	0.0	0.0	0.0	0.125	0.1081081	0.0869565	0.0	0.0	0.0015	0.0357143	0.047619	0.030303	0.0434783	0.0015	0.0	0.0285714	0.106383	0.0461538	0.0	0.0285714	0.0869565	0.0434783	0.0263158	0.0645161	0.0	0.04	0.0	0.0	0.0	
Little Corella (<em class="sci">Cacatua sanguinea</em>)	0.0322581	0.1052632	0.047619	0.0	0.0526316	0.0	0.0015	0.0645161	0.1176471	0.0555556	0.0384615	0.1333333	0.047619	0.05	0.1333333	0.0555556	0.0909091	0.0769231	0.2727273	0.173913	0.0	0.0714286	0.125	0.1081081	0.0869565	0.0769231	0.125	0.0	0.0	0.047619	0.030303	0.0	0.1666667	0.12	0.0285714	0.0	0.0153846	0.0357143	0.0285714	0.0434783	0.0	0.0789474	0.0	0.0	0.0	0.0416667	0.0	0.09375	
corella sp. (<em class="sci">Cacatua sp. (corella sp.)</em>)	0.0	0.0015	0.0	0.0	0.0	0.0	0.0	0.0	0.0	0.0	0.0	0.0	0.0	0.0	0.0	0.0	0.0	0.0	0.0	0.0	0.0	0.0	0.0	0.0	0.0015	0.0	0.0	0.0	0.0	0.0	0.0	0.0	0.0	0.0	0.0	0.0212766	0.0	0.0	0.0	0.0	0.0	0.0	0.0	0.0	0.0	0.0	0.0	0.0	
Sulphur-crested Cockatoo (<em class="sci">Cacatua galerita</em>)	0.5806452	0.6842105	0.7142857	0.7727273	0.7368421	0.8285714	0.8461538	0.8064516	0.8823529	0.7777778	0.6923077	0.8	0.8095238	0.95	0.8	0.7777778	0.8181818	0.9230769	0.7272727	0.7391304	0.9375	0.7142857	0.625	0.5405405	0.7826087	0.8461538	0.5	0.9285714	0.7857143	0.7619048	0.7575758	0.7391304	0.7916667	0.76	0.8	0.8510638	0.6461538	0.75	0.7142857	0.7391304	0.826087	0.8157895	0.5483871	0.7083333	0.6	0.75	0.3846154	0.5625	
corella/cockatoo sp. (<em class="sci">Cacatua sp.</em>)	0.0	0.0	0.0	0.0	0.0	0.0	0.0	0.0	0.0	0.0	0.0	0.0	0.0	0.0	0.0	0.0	0.0	0.0	0.0	0.0	0.0	0.0	0.0015	0.0	0.0	0.0	0.0	0.0	0.0	0.0	0.0	0.0	0.0	0.0	0.0	0.0	0.0	0.0	0.0	0.0	0.0	0.0	0.0	0.0	0.0	0.0	0.0	0.0	
Australian King-Parrot (<em class="sci">Alisterus scapularis</em>)	0.0	0.0	0.047619	0.0	0.0	0.0	0.0015	0.0	0.0	0.0	0.0	0.0	0.0	0.05	0.0	0.0015	0.0	0.0	0.0	0.0	0.0	0.0	0.0	0.0	0.0	0.1538462	0.0015	0.0357143	0.0714286	0.0	0.0	0.0	0.0	0.0	0.0	0.0638298	0.0153846	0.0	0.0	0.0	0.0	0.0	0.0	0.0	0.0	0.0	0.0	0.0	
Crimson Rosella (<em class="sci">Platycercus elegans</em>)	0.0322581	0.0	0.0	0.0454545	0.0	0.0015	0.0384615	0.0645161	0.0	0.0	0.0	0.0	0.0	0.1	0.1333333	0.0	0.0	0.0015	0.0	0.0	0.0	0.0	0.0	0.0	0.0	0.0	0.0	0.0357143	0.0357143	0.0	0.0	0.0434783	0.0	0.04	0.0015	0.0212766	0.0307692	0.0	0.0	0.0	0.0434783	0.0263158	0.0	0.0416667	0.0	0.0	0.0	0.0	
Eastern Rosella (<em class="sci">Platycercus eximius</em>)	0.0322581	0.0	0.0	0.0	0.0	0.0285714	0.0384615	0.0	0.0	0.0555556	0.0	0.0	0.047619	0.0	0.0	0.0	0.0	0.0	0.0909091	0.0434783	0.0	0.0	0.0	0.0	0.0	0.0769231	0.0	0.0357143	0.0	0.047619	0.0	0.0434783	0.0	0.04	0.0015	0.0	0.0153846	0.0	0.0	0.0	0.0	0.0	0.0	0.0	0.0	0.0	0.0	0.0	
Red-rumped Parrot (<em class="sci">Psephotus haematonotus</em>)	0.0	0.0	0.0	0.0454545	0.0	0.0285714	0.0015	0.0	0.0	0.0	0.0	0.0	0.0	0.0	0.0	0.0	0.0	0.0	0.0	0.0	0.0	0.0	0.0	0.0	0.0	0.0	0.0	0.0	0.0	0.0	0.0	0.0	0.0	0.0	0.0	0.0	0.0	0.0	0.0	0.0	0.0	0.0	0.0	0.0	0.0	0.0	0.0	0.0	
Musk Lorikeet (<em class="sci">Glossopsitta concinna</em>)	0.0	0.0	0.0	0.0	0.0	0.0	0.0	0.0	0.0	0.0	0.0769231	0.0	0.0	0.05	0.0	0.0555556	0.0	0.0	0.0	0.0434783	0.0	0.0	0.0625	0.0	0.0	0.0	0.0	0.0	0.0	0.0	0.0	0.0	0.0	0.04	0.0	0.0	0.0	0.0	0.0	0.0	0.0	0.0	0.0	0.0	0.0	0.0	0.0	0.0	
Rainbow Lorikeet (<em class="sci">Trichoglossus moluccanus</em>)	0.7419355	0.7368421	0.7142857	0.7727273	0.8421053	0.7142857	0.9230769	0.7741935	0.7058824	0.8333333	0.6923077	0.6666667	0.7619048	0.85	0.9333333	0.7777778	0.7272727	0.6923077	0.6363636	0.826087	0.875	0.8571429	0.4375	0.5675676	0.7391304	0.8461538	0.4375	0.8928571	0.7142857	0.7619048	0.6969697	0.9130435	0.9583333	0.88	0.7428571	0.787234	0.6307692	0.6428571	0.6857143	0.8695652	0.826087	0.8684211	0.8064516	0.75	0.84	0.9583333	0.6153846	0.875	
Scaly-breasted Lorikeet (<em class="sci">Trichoglossus chlorolepidotus</em>)	0.0	0.0526316	0.0	0.0	0.0	0.0	0.0	0.0015	0.0	0.0	0.0	0.0	0.047619	0.0	0.0	0.0	0.0	0.0	0.0	0.0	0.0	0.0	0.0	0.0	0.0	0.0	0.0625	0.0	0.0357143	0.0	0.0	0.0	0.0	0.0	0.0	0.0	0.0	0.0	0.0	0.0	0.0	0.0	0.0	0.0	0.0	0.0	0.0	0.0	
lorikeet sp. (<em class="sci">Psittaculidae sp. (lorikeet sp.)</em>)	0.0	0.0	0.0	0.0	0.0	0.0	0.0	0.0	0.0	0.0	0.0	0.0	0.0	0.0	0.0	0.0	0.0	0.0769231	0.0	0.0	0.0	0.0	0.0	0.0	0.0	0.0	0.0	0.0	0.0	0.0	0.0	0.0	0.0	0.0	0.0	0.0	0.0	0.0	0.0	0.0	0.0	0.0	0.0	0.0	0.0	0.0	0.0	0.0	
parakeet sp. (<em class="sci">Psittaciformes sp. (parakeet sp.)</em>)	0.0	0.0	0.0	0.0	0.0	0.0	0.0	0.0	0.0	0.0	0.0	0.0	0.0	0.0	0.0	0.0	0.0	0.0	0.0	0.0	0.0	0.0	0.0	0.0	0.0	0.0	0.0	0.0	0.0	0.0	0.0	0.0	0.0	0.0	0.0	0.0	0.0	0.0	0.0	0.0	0.0	0.0263158	0.0	0.0	0.0	0.0	0.0	0.0	
parrot sp. (<em class="sci">Psittaciformes sp. (parrot sp.)</em>)	0.0	0.0	0.0	0.0	0.0	0.0	0.0	0.0	0.0	0.0015	0.0	0.0666667	0.0	0.0	0.0	0.0	0.0	0.0	0.0	0.0	0.0	0.0	0.0	0.0	0.0	0.0	0.0	0.0	0.0	0.0	0.0	0.0	0.0	0.0	0.0	0.0015	0.0	0.0	0.0285714	0.0	0.0	0.0	0.0	0.0	0.0	0.0	0.0	0.0	
Satin Bowerbird (<em class="sci">Ptilonorhynchus violaceus</em>)	0.0	0.0	0.0	0.0	0.0	0.0	0.0	0.0	0.0	0.0	0.0	0.0	0.0	0.0	0.0	0.0	0.0	0.0	0.0	0.0	0.0	0.0	0.0	0.0	0.0	0.0	0.0	0.0	0.0	0.0	0.0	0.0	0.0	0.04	0.0	0.0	0.0	0.0	0.0	0.0	0.0	0.0	0.0	0.0	0.0	0.0	0.0	0.0	
Superb Fairywren (<em class="sci">Malurus cyaneus</em>)	0.0015	0.0	0.047619	0.1363636	0.0526316	0.0	0.0769231	0.0967742	0.0015	0.0555556	0.0769231	0.0	0.0	0.05	0.0	0.0015	0.0	0.0015	0.0909091	0.0434783	0.125	0.0	0.0015	0.0810811	0.0434783	0.2307692	0.0	0.1071429	0.1071429	0.1428571	0.030303	0.0869565	0.0833333	0.16	0.0857143	0.0851064	0.0307692	0.0714286	0.1142857	0.0869565	0.0869565	0.0789474	0.0645161	0.0416667	0.04	0.0833333	0.0	0.0625	
fairywren sp. (<em class="sci">Malurus sp.</em>)	0.0	0.0	0.0	0.0	0.0	0.0	0.0	0.0322581	0.0	0.0	0.0	0.0	0.0	0.0	0.0	0.0	0.0	0.0	0.0	0.0	0.0	0.0	0.0	0.0	0.0	0.0	0.0	0.0	0.0	0.0	0.0	0.0	0.0	0.0	0.0	0.0	0.0	0.0	0.0	0.0	0.0	0.0	0.0	0.0	0.0	0.0	0.0	0.0	
Eastern Spinebill (<em class="sci">Acanthorhynchus tenuirostris</em>)	0.0	0.0	0.0	0.0	0.0	0.0	0.0384615	0.0	0.0	0.0	0.0	0.0	0.0	0.05	0.0	0.0	0.0	0.0	0.0	0.0	0.0	0.0	0.0	0.0	0.0	0.0769231	0.0015	0.0	0.0357143	0.0	0.0	0.0	0.0015	0.04	0.0	0.0	0.0	0.0	0.0	0.0	0.0	0.0	0.0	0.0416667	0.0	0.0	0.0	0.0	
Lewin's Honeyeater (<em class="sci">Meliphaga lewinii</em>)	0.0	0.0	0.0	0.0	0.0	0.0	0.0	0.0	0.0	0.0	0.0	0.0	0.0	0.0	0.0	0.0	0.0	0.0	0.0	0.0	0.0	0.0	0.0	0.0	0.0	0.0	0.0	0.0	0.0	0.0	0.0	0.0	0.0	0.0	0.0285714	0.0	0.0	0.0	0.0	0.0	0.0015	0.0	0.0	0.0	0.0	0.0	0.0	0.0	
Yellow-faced Honeyeater (<em class="sci">Caligavis chrysops</em>)	0.0	0.0	0.0	0.0	0.0	0.0	0.0	0.0	0.0	0.0	0.0	0.0	0.0	0.0	0.0	0.0	0.0	0.0	0.1818182	0.0	0.0	0.0	0.0	0.0	0.0	0.0	0.0	0.0	0.0	0.0	0.0	0.0	0.0	0.04	0.0	0.0	0.0	0.0	0.0	0.0	0.0	0.0	0.0	0.0	0.0	0.0	0.0	0.0	
Noisy Miner (<em class="sci">Manorina melanocephala</em>)	0.8387097	0.8947368	0.8571429	0.8181818	0.8947368	0.8285714	0.8846154	0.8064516	0.8235294	0.7777778	0.7692308	0.8666667	0.9047619	0.85	0.8666667	0.7777778	0.8181818	0.9230769	0.7272727	0.8695652	1.0	1.0	0.5625	0.8108108	0.826087	1.0	0.6875	0.8214286	0.8928571	0.8095238	0.8484848	0.8695652	0.9166667	0.8	0.8857143	0.9361702	0.6923077	0.8571429	0.9142857	0.8043478	0.9130435	0.7631579	0.8387097	0.8333333	0.8	0.8333333	0.8461538	0.90625	
Little Wattlebird (<em class="sci">Anthochaera chrysoptera</em>)	0.0	0.0	0.0	0.0	0.0	0.0	0.0	0.0	0.0	0.0	0.0015	0.0	0.0	0.0	0.0	0.0	0.0	0.0	0.0	0.0	0.0	0.0	0.0	0.0	0.0	0.0	0.0	0.0	0.0	0.047619	0.0	0.0	0.0416667	0.0	0.0	0.0212766	0.0	0.0	0.0	0.0217391	0.0	0.0	0.0	0.0416667	0.0	0.0	0.0	0.03125	
Regent Honeyeater (<em class="sci">Anthochaera phrygia</em>)	0.0	0.0	0.0	0.0	0.0	0.0	0.0	0.0	0.0	0.0	0.0	0.0	0.0	0.0	0.0	0.0	0.0	0.0	0.0	0.0	0.0	0.0	0.0	0.0	0.0	0.0	0.0	0.0	0.0	0.047619	0.0	0.0	0.0	0.0	0.0	0.0	0.0	0.0	0.0	0.0	0.0	0.0	0.0	0.0	0.0	0.0	0.0	0.0	
Red Wattlebird (<em class="sci">Anthochaera carunculata</em>)	0.0645161	0.0	0.0015	0.0	0.0	0.0015	0.0	0.0322581	0.0588235	0.0	0.0384615	0.0	0.0	0.05	0.0	0.0	0.0	0.0	0.0	0.0434783	0.0	0.0	0.0625	0.027027	0.0434783	0.0	0.0	0.0357143	0.0	0.0952381	0.030303	0.0	0.0416667	0.12	0.0571429	0.0425532	0.0307692	0.0357143	0.0285714	0.0652174	0.0	0.0263158	0.0	0.0416667	0.04	0.0	0.0	0.0	
White-plumed Honeyeater (<em class="sci">Ptilotula penicillata</em>)	0.0	0.0	0.0015	0.0	0.0	0.0285714	0.0384615	0.0	0.0	0.0555556	0.0	0.0	0.0	0.0	0.0	0.0555556	0.0	0.0	0.0	0.0	0.0	0.0	0.0625	0.0	0.0	0.0	0.0	0.0714286	0.0357143	0.0	0.0	0.0434783	0.0	0.0	0.0	0.0	0.0015	0.0	0.0	0.0	0.0434783	0.0	0.0	0.0416667	0.0	0.0416667	0.0	0.0	
New Holland Honeyeater (<em class="sci">Phylidonyris novaehollandiae</em>)	0.0	0.0	0.0	0.0	0.0	0.0571429	0.0384615	0.0322581	0.0015	0.0555556	0.0769231	0.0	0.0	0.05	0.0	0.0	0.0	0.0	0.0	0.0434783	0.0	0.0	0.0	0.0	0.0434783	0.0769231	0.0	0.0	0.0357143	0.0952381	0.030303	0.0015	0.0	0.04	0.0015	0.0	0.0	0.0015	0.0	0.0434783	0.0434783	0.0	0.0	0.125	0.0	0.0	0.0015	0.0	
White-cheeked Honeyeater (<em class="sci">Phylidonyris niger</em>)	0.0	0.0	0.0	0.0454545	0.0	0.0	0.0	0.0	0.0	0.0	0.0	0.0	0.0	0.0	0.0	0.0	0.0	0.0	0.0	0.0	0.0	0.0	0.0	0.0	0.0	0.0	0.0	0.0	0.0	0.0	0.0	0.0	0.0	0.0	0.0	0.0	0.0	0.0	0.0	0.0	0.0	0.0	0.0	0.0	0.0	0.0	0.0	0.0	
White-naped Honeyeater (<em class="sci">Melithreptus lunatus</em>)	0.0	0.0	0.0	0.0	0.0	0.0	0.0	0.0	0.0	0.0	0.0	0.0	0.0	0.0	0.0	0.0	0.0	0.0	0.0	0.0	0.0	0.0	0.0	0.0	0.0	0.0	0.0	0.0	0.0	0.0	0.030303	0.0	0.0	0.0	0.0	0.0	0.0	0.0	0.0	0.0	0.0	0.0	0.0	0.0	0.0	0.0	0.0	0.0	
Noisy Friarbird (<em class="sci">Philemon corniculatus</em>)	0.0	0.0	0.0	0.0	0.0	0.0	0.0	0.0	0.0	0.0	0.0	0.0	0.0	0.0	0.0	0.0	0.0	0.0	0.0	0.0	0.0	0.0	0.0	0.0	0.0	0.0	0.0	0.0	0.0	0.0	0.0	0.0	0.0	0.0	0.0	0.0	0.0	0.0015	0.0285714	0.0	0.0	0.0	0.0	0.0	0.0	0.0	0.0	0.0	
Spotted Pardalote (<em class="sci">Pardalotus punctatus</em>)	0.0	0.0	0.0	0.0	0.0526316	0.0	0.0	0.0	0.0	0.0	0.0	0.0	0.0	0.0	0.0	0.0	0.0	0.0	0.1818182	0.0	0.0	0.0	0.0	0.0	0.0	0.0769231	0.0	0.0	0.0714286	0.047619	0.0	0.0	0.0	0.0	0.0	0.0	0.0	0.0	0.0	0.0217391	0.0	0.0	0.0	0.0	0.0	0.0	0.0	0.0	
White-browed Scrubwren (<em class="sci">Sericornis frontalis</em>)	0.0322581	0.0	0.0	0.0015	0.0	0.0	0.0384615	0.0	0.0	0.0	0.0	0.0333333	0.0	0.0	0.0	0.0555556	0.0	0.0	0.0	0.0	0.0	0.0	0.0	0.027027	0.0	0.0	0.0	0.0	0.0	0.0	0.030303	0.0434783	0.0416667	0.04	0.0857143	0.0638298	0.0153846	0.0714286	0.0571429	0.0869565	0.0	0.0	0.0	0.0	0.0	0.0	0.0769231	0.0	
Brown Gerygone (<em class="sci">Gerygone mouki</em>)	0.0	0.0	0.0	0.0	0.0	0.0	0.0	0.0	0.0	0.0	0.0	0.0	0.0	0.0	0.0	0.0	0.0	0.0	0.0	0.0	0.0625	0.0	0.0	0.027027	0.0434783	0.0	0.0	0.0	0.0	0.0	0.0	0.0	0.0	0.0	0.0	0.0	0.0	0.0	0.0	0.0	0.0	0.0	0.0	0.0	0.0	0.0	0.0	0.0	
Black-faced Cuckooshrike (<em class="sci">Coracina novaehollandiae</em>)	0.0	0.0	0.0	0.0	0.0	0.0	0.0384615	0.0322581	0.0	0.0	0.0	0.0	0.0	0.0	0.0	0.0	0.0909091	0.0	0.0	0.0434783	0.0	0.0	0.0	0.0540541	0.0434783	0.0	0.0625	0.0	0.0	0.0	0.0	0.0	0.0	0.0	0.0	0.0	0.0153846	0.0357143	0.0	0.0217391	0.0	0.0263158	0.0	0.0833333	0.08	0.0	0.0	0.0	
Rufous Whistler (<em class="sci">Pachycephala rufiventris</em>)	0.0	0.0	0.0	0.0	0.0	0.0	0.0	0.0	0.0	0.0	0.0	0.0	0.0	0.0	0.0	0.0	0.0	0.0	0.0	0.0	0.0	0.0	0.0	0.0	0.0	0.0	0.0	0.0	0.0	0.0	0.0	0.0	0.0	0.0	0.0	0.0	0.0	0.0	0.0285714	0.0	0.0	0.0	0.0	0.0	0.0	0.0	0.0	0.0	
Olive-backed Oriole (<em class="sci">Oriolus sagittatus</em>)	0.0	0.0	0.0	0.0	0.0	0.0	0.0384615	0.0	0.0588235	0.0	0.0	0.0	0.0	0.0015	0.0	0.0	0.0	0.0	0.0	0.0	0.0	0.0	0.0	0.0	0.0	0.0	0.0	0.0	0.0	0.0	0.0	0.0	0.0	0.04	0.0	0.0	0.0153846	0.0	0.0	0.0	0.0	0.0	0.0	0.0	0.0	0.0	0.0	0.0	
Australasian Figbird (<em class="sci">Sphecotheres vieilloti</em>)	0.0645161	0.1578947	0.047619	0.0454545	0.0526316	0.1142857	0.1923077	0.0645161	0.0	0.0555556	0.0769231	0.0	0.0	0.05	0.0	0.0	0.0	0.0015	0.0909091	0.0869565	0.0	0.0	0.0	0.0	0.0	0.2307692	0.0	0.1071429	0.0357143	0.0	0.030303	0.0015	0.0	0.04	0.0571429	0.106383	0.0307692	0.0714286	0.0015	0.0217391	0.0	0.0526316	0.0645161	0.1666667	0.08	0.0416667	0.0769231	0.0	
Gray Butcherbird (<em class="sci">Cracticus torquatus</em>)	0.1935484	0.2105263	0.1428571	0.0909091	0.0526316	0.0857143	0.1923077	0.1935484	0.1764706	0.1111111	0.0769231	0.2	0.0952381	0.25	0.0	0.1111111	0.3636364	0.2307692	0.2727273	0.2173913	0.3125	0.0714286	0.0	0.0810811	0.0869565	0.1538462	0.125	0.1071429	0.1428571	0.0952381	0.1212121	0.1304348	0.125	0.16	0.0857143	0.1276596	0.0461538	0.2142857	0.2	0.1956522	0.1304348	0.1052632	0.1935484	0.2083333	0.12	0.2916667	0.2307692	0.125	
Australian Magpie (<em class="sci">Gymnorhina tibicen</em>)	0.6774194	0.5263158	0.6666667	0.7272727	0.6315789	0.6571429	0.8461538	0.8387097	0.8823529	0.6111111	0.8076923	0.8333333	0.7619048	0.65	0.8	0.6666667	0.8181818	0.6923077	0.7272727	0.5217391	0.875	0.8571429	0.5	0.5675676	0.7391304	0.7692308	0.5	0.8214286	0.7142857	0.6666667	0.7575758	0.6956522	0.9583333	0.92	0.8571429	0.8297872	0.5384615	0.7142857	0.8	0.8913043	0.7391304	0.7368421	0.6451613	0.75	0.68	0.8333333	0.6153846	0.625	
Pied Currawong (<em class="sci">Strepera graculina</em>)	0.6451613	0.5263158	0.5714286	0.5454545	0.6842105	0.6571429	0.7307692	0.7096774	0.6470588	0.7222222	0.6153846	0.6666667	0.4761905	0.6	0.8	0.5555556	0.6363636	0.3846154	0.4545455	0.5217391	0.625	0.7142857	0.625	0.5135135	0.6521739	0.9230769	0.5	0.5714286	0.7142857	0.6666667	0.6060606	0.6086957	0.75	0.88	0.8285714	0.7234043	0.5384615	0.7142857	0.7428571	0.7173913	0.7391304	0.6052632	0.516129	0.7916667	0.76	0.5833333	0.5384615	0.53125	
Willie-wagtail (<em class="sci">Rhipidura leucophrys</em>)	0.0967742	0.0526316	0.0	0.0	0.1052632	0.0015	0.0769231	0.0967742	0.0	0.1666667	0.1923077	0.1	0.0015	0.1	0.3333333	0.0555556	0.0909091	0.1538462	0.5454545	0.173913	0.125	0.1428571	0.0625	0.1351351	0.0434783	0.3076923	0.0625	0.1428571	0.1071429	0.2857143	0.1212121	0.2608696	0.2083333	0.28	0.1428571	0.2340426	0.0923077	0.0357143	0.0857143	0.0869565	0.173913	0.2105263	0.2903226	0.25	0.12	0.1666667	0.2307692	0.125	
Gray Fantail (<em class="sci">Rhipidura albiscapa</em>)	0.0	0.0	0.0	0.0	0.0	0.0015	0.0	0.0322581	0.0	0.0	0.0	0.0	0.0	0.0	0.0	0.0	0.0	0.0	0.0	0.0	0.0	0.0	0.0	0.0	0.0	0.0	0.0	0.0	0.0	0.0952381	0.0	0.0	0.0	0.04	0.0	0.0	0.0	0.0	0.0	0.0	0.0869565	0.0	0.0	0.0	0.0	0.0	0.0	0.03125	
Spangled Drongo (<em class="sci">Dicrurus bracteatus</em>)	0.0	0.0	0.0	0.0	0.0	0.0	0.0	0.0015	0.0015	0.0	0.0	0.0	0.047619	0.0	0.0	0.0	0.0	0.0	0.0	0.0	0.0	0.0	0.0	0.0	0.0	0.0	0.0625	0.0	0.0	0.0	0.0	0.0	0.0	0.0	0.0	0.0	0.0	0.0	0.0	0.0	0.0	0.0	0.0	0.0	0.0	0.0	0.0	0.0	
Magpie-lark (<em class="sci">Grallina cyanoleuca</em>)	0.3870968	0.5789474	0.3809524	0.5454545	0.4210526	0.4	0.5769231	0.6451613	0.4705882	0.4444444	0.6153846	0.5	0.3809524	0.75	0.7333333	0.4444444	0.6363636	0.3076923	0.6363636	0.3478261	0.375	0.6428571	0.1875	0.4054054	0.5217391	0.6923077	0.3125	0.7142857	0.4642857	0.3809524	0.5151515	0.5217391	0.8333333	0.4	0.3714286	0.4680851	0.4615385	0.6428571	0.5714286	0.6521739	0.6086957	0.5789474	0.3870968	0.5416667	0.48	0.4166667	0.3846154	0.625	
Australian Raven (<em class="sci">Corvus coronoides</em>)	0.3225806	0.2631579	0.5238095	0.2272727	0.3684211	0.2857143	0.2692308	0.3225806	0.4117647	0.2222222	0.5	0.2333333	0.2857143	0.25	0.3333333	0.4444444	0.3636364	0.3076923	0.2727273	0.3913043	0.3125	0.3571429	0.25	0.2702703	0.3043478	0.3846154	0.1875	0.5714286	0.4642857	0.2857143	0.3030303	0.3478261	0.5833333	0.64	0.5428571	0.5106383	0.3230769	0.3214286	0.2857143	0.3478261	0.5217391	0.1578947	0.3548387	0.5	0.32	0.5416667	0.2307692	0.40625	
crow/raven sp. (<em class="sci">Corvus sp.</em>)	0.0	0.0	0.0	0.0	0.0	0.0	0.0	0.0	0.0	0.0	0.0	0.0	0.0	0.0	0.0666667	0.0555556	0.0	0.0	0.0	0.0	0.0	0.0714286	0.0	0.0	0.0	0.0	0.0	0.0	0.0357143	0.0952381	0.0	0.0	0.0	0.04	0.0	0.0	0.0	0.0	0.0285714	0.0	0.0	0.0	0.0	0.0	0.0	0.0	0.0015	0.0	
Jacky-winter (<em class="sci">Microeca fascinans</em>)	0.0	0.0	0.0	0.0	0.0	0.0	0.0	0.0	0.0	0.0	0.0	0.0	0.0	0.0	0.0	0.0	0.0	0.0	0.0	0.0	0.0	0.0	0.0	0.0	0.0	0.0	0.0	0.0	0.0	0.0	0.0	0.0	0.0	0.0	0.0	0.0	0.0	0.0015	0.0	0.0	0.0	0.0	0.0	0.0	0.0	0.0	0.0	0.0	
Eastern Yellow Robin (<em class="sci">Eopsaltria australis</em>)	0.0	0.0	0.0	0.0	0.0	0.0285714	0.0384615	0.0	0.0	0.0	0.0	0.0	0.0	0.0	0.0	0.0	0.0	0.0	0.0	0.0	0.0	0.0	0.0	0.0	0.0	0.0	0.0	0.0	0.0	0.0	0.0	0.0	0.0	0.0	0.0	0.0	0.0	0.0	0.0	0.0	0.0	0.0	0.0	0.0	0.0	0.0	0.0	0.0	
Little Grassbird (<em class="sci">Poodytes gramineus</em>)	0.0	0.0	0.0	0.0	0.0	0.0	0.0	0.0	0.0	0.0	0.0	0.0	0.0	0.0	0.0	0.0	0.0	0.0	0.0	0.0	0.0	0.0	0.0	0.0	0.0	0.0	0.0	0.0	0.0	0.0	0.0	0.0	0.0	0.0	0.0	0.0	0.0	0.0	0.0	0.0	0.0	0.0	0.0	0.0416667	0.0	0.0	0.0	0.0	
Tawny Grassbird (<em class="sci">Cincloramphus timoriensis</em>)	0.0	0.0	0.0	0.0	0.0	0.0	0.0	0.0	0.0	0.0	0.0	0.0	0.0	0.0	0.0	0.0	0.0	0.0	0.0	0.0	0.0	0.0	0.0	0.0	0.0	0.0	0.0	0.0	0.0	0.0	0.0	0.0015	0.0	0.0	0.0	0.0	0.0	0.0	0.0	0.0	0.0	0.0	0.0	0.0	0.0	0.0	0.0	0.0	
Welcome Swallow (<em class="sci">Hirundo neoxena</em>)	0.6129032	0.6315789	0.5714286	0.4545455	0.6842105	0.4571429	0.5384615	0.5483871	0.5882353	0.5555556	0.6538462	0.4333333	0.5714286	0.55	0.8	0.4444444	0.8181818	0.6923077	0.8181818	0.4782609	0.8125	0.5714286	0.3125	0.5945946	0.5652174	0.8461538	0.5625	0.7142857	0.6785714	0.6190476	0.7272727	0.7391304	0.9583333	0.84	0.7428571	0.7659574	0.6615385	0.7142857	0.7428571	0.8043478	0.7391304	0.6052632	0.5483871	0.625	0.52	0.75	0.6153846	0.6875	
Fairy Martin (<em class="sci">Petrochelidon ariel</em>)	0.0645161	0.0526316	0.0	0.0	0.0	0.0285714	0.0769231	0.0645161	0.0	0.0	0.0	0.0015	0.0	0.05	0.0666667	0.0	0.0	0.0	0.0	0.0	0.0	0.0	0.0	0.027027	0.0434783	0.0	0.0	0.0	0.0	0.047619	0.0909091	0.0	0.0416667	0.0	0.0571429	0.0	0.0307692	0.0357143	0.0285714	0.0217391	0.0869565	0.0526316	0.0	0.0	0.0	0.0416667	0.0769231	0.0625	
Tree Martin (<em class="sci">Petrochelidon nigricans</em>)	0.0	0.0	0.0	0.0909091	0.0526316	0.0285714	0.0384615	0.0322581	0.0015	0.0	0.0384615	0.0666667	0.0952381	0.05	0.1333333	0.0555556	0.0909091	0.0769231	0.0909091	0.0434783	0.0	0.0	0.0625	0.0810811	0.0015	0.1538462	0.0015	0.0357143	0.1428571	0.1428571	0.030303	0.0	0.0416667	0.16	0.1142857	0.106383	0.1076923	0.0015	0.0285714	0.0217391	0.173913	0.0263158	0.0	0.0416667	0.12	0.0	0.0	0.09375	
Fairy/Tree Martin (<em class="sci">Petrochelidon ariel/nigricans</em>)	0.0322581	0.0	0.0	0.0	0.0	0.0285714	0.0384615	0.0	0.0	0.0555556	0.0	0.0666667	0.0	0.0	0.0	0.0	0.0	0.0	0.0909091	0.0	0.0	0.0	0.0	0.027027	0.0869565	0.0	0.0	0.0	0.0357143	0.047619	0.030303	0.0	0.0833333	0.0	0.0285714	0.0212766	0.0	0.0714286	0.0285714	0.0217391	0.0	0.0526316	0.0645161	0.0	0.0	0.0	0.0	0.0	
swallow sp. (<em class="sci">Hirundinidae sp.</em>)	0.0	0.0	0.0	0.0	0.0	0.0	0.0	0.0	0.0	0.0	0.0	0.0333333	0.0	0.0	0.0	0.0	0.0	0.0	0.0	0.0	0.0	0.0714286	0.0	0.0	0.0	0.0	0.0	0.0	0.0	0.0	0.030303	0.0434783	0.0	0.0	0.0	0.0212766	0.0	0.0	0.0	0.0	0.0	0.0	0.0322581	0.0	0.0	0.0	0.0	0.0	
Red-whiskered Bulbul (<em class="sci">Pycnonotus jocosus</em>)	0.0015	0.0015	0.047619	0.0	0.0	0.0015	0.0769231	0.0015	0.0	0.0555556	0.0384615	0.0015	0.047619	0.05	0.0666667	0.0015	0.0	0.0015	0.0	0.0	0.0	0.0	0.0	0.027027	0.0	0.1538462	0.0015	0.1071429	0.0357143	0.047619	0.0015	0.0015	0.0	0.0015	0.0571429	0.0425532	0.0153846	0.0357143	0.0571429	0.0217391	0.0	0.0526316	0.0322581	0.125	0.04	0.0	0.0	0.0625	
Silvereye (<em class="sci">Zosterops lateralis</em>)	0.0	0.0	0.0	0.0	0.0	0.0	0.0384615	0.0645161	0.0	0.0555556	0.1153846	0.0333333	0.0	0.0	0.0666667	0.1111111	0.0	0.0	0.0	0.0	0.0	0.0	0.0	0.0	0.0	0.0769231	0.0015	0.0357143	0.0357143	0.0	0.0015	0.0	0.0	0.04	0.0	0.0851064	0.0	0.1428571	0.0571429	0.0434783	0.0	0.0263158	0.0322581	0.0015	0.0	0.0	0.0	0.0	
European Starling (<em class="sci">Sturnus vulgaris</em>)	0.0645161	0.0	0.0952381	0.0909091	0.1052632	0.0285714	0.0769231	0.1290323	0.0588235	0.1111111	0.2307692	0.0015	0.0015	0.05	0.1333333	0.0555556	0.0	0.0015	0.1818182	0.1304348	0.0625	0.0	0.0625	0.0540541	0.0434783	0.1538462	0.0625	0.1428571	0.1071429	0.0952381	0.0606061	0.0869565	0.0833333	0.04	0.0571429	0.106383	0.0769231	0.2142857	0.0857143	0.1521739	0.2173913	0.1842105	0.0015	0.25	0.16	0.0833333	0.0	0.03125	
Common Myna (<em class="sci">Acridotheres tristis</em>)	0.6129032	0.7368421	0.4761905	0.5	0.4736842	0.5714286	0.4230769	0.5483871	0.4705882	0.2777778	0.5769231	0.3666667	0.3809524	0.4	0.6666667	0.5	0.3636364	0.4615385	0.5454545	0.4347826	0.5625	0.5714286	0.375	0.3783784	0.3478261	0.6153846	0.4375	0.5714286	0.6071429	0.4285714	0.4848485	0.3043478	0.625	0.44	0.6	0.5106383	0.4615385	0.6785714	0.3142857	0.5434783	0.6956522	0.5263158	0.5483871	0.625	0.6	0.6666667	0.6153846	0.65625	
Eurasian Blackbird (<em class="sci">Turdus merula</em>)	0.0	0.0015	0.0	0.0	0.0526316	0.0	0.0384615	0.0015	0.0	0.1111111	0.0015	0.0	0.0	0.0	0.0	0.0	0.0	0.0	0.0	0.0015	0.0	0.0	0.0	0.027027	0.0	0.1538462	0.0015	0.0357143	0.0357143	0.047619	0.0	0.0	0.0	0.04	0.0571429	0.0	0.0153846	0.0	0.0	0.0015	0.0434783	0.0	0.0322581	0.125	0.04	0.0416667	0.0	0.0	
Red-browed Firetail (<em class="sci">Neochmia temporalis</em>)	0.0	0.0	0.0	0.0	0.0	0.0	0.0	0.0	0.0	0.0	0.0	0.0	0.0	0.0	0.0	0.0	0.0	0.0	0.0	0.0	0.0	0.0	0.0	0.0	0.0	0.0	0.0	0.0	0.0	0.0	0.0	0.0015	0.0	0.0	0.0	0.0	0.0	0.0	0.0	0.0	0.0	0.0	0.0	0.0416667	0.0	0.0	0.0	0.0	
Scaly-breasted Munia (<em class="sci">Lonchura punctulata</em>)	0.0	0.0	0.0	0.0	0.0	0.0	0.0	0.0	0.0	0.0	0.0	0.0	0.0	0.0	0.0	0.0	0.0	0.0015	0.0	0.0	0.0	0.0	0.0	0.0	0.0	0.0	0.0	0.0	0.0	0.0	0.0	0.0	0.0	0.0	0.0	0.0	0.0	0.0	0.0285714	0.0	0.0	0.0	0.0	0.0	0.0	0.0	0.0	0.0	
Chestnut-breasted Munia (<em class="sci">Lonchura castaneothorax</em>)	0.0	0.0	0.0	0.0	0.0	0.0015	0.0	0.0	0.0	0.0	0.0	0.0	0.0	0.0	0.0	0.0	0.0	0.0	0.0	0.0	0.0	0.0	0.0	0.0	0.0	0.0	0.0	0.0	0.0	0.0	0.0	0.0	0.0	0.0	0.0	0.0	0.0	0.0	0.0285714	0.0	0.0	0.0	0.0	0.0	0.0	0.0	0.0	0.0	
House Sparrow (<em class="sci">Passer domesticus</em>)	0.0645161	0.0015	0.0952381	0.0454545	0.1052632	0.1142857	0.0384615	0.2258065	0.1176471	0.2222222	0.1538462	0.0015	0.047619	0.1	0.3333333	0.0	0.0	0.0769231	0.0	0.1304348	0.0625	0.0	0.0625	0.0540541	0.0015	0.1538462	0.0015	0.1785714	0.1428571	0.1904762	0.0606061	0.1304348	0.0833333	0.08	0.0857143	0.1276596	0.0615385	0.1428571	0.0571429	0.1521739	0.1304348	0.1315789	0.0322581	0.2916667	0.04	0.0416667	0.0769231	0.0625	
European Goldfinch (<em class="sci">Carduelis carduelis</em>)	0.0	0.0	0.0	0.0	0.0526316	0.0	0.0	0.0015	0.0	0.0	0.0	0.0	0.0	0.0	0.0	0.0	0.0	0.0015	0.0	0.0	0.0	0.0	0.0	0.0	0.0	0.0	0.0	0.0	0.0	0.0	0.0	0.0	0.0	0.0	0.0	0.0	0.0	0.0	0.0285714	0.0	0.0	0.0	0.0	0.0	0.0	0.0	0.0	0.0	

