









Frequency of observations in the selected location(s).:
Number of taxa: 	282

	Jan				Feb				Mar				Apr				May				Jun				Jul				Aug				Sep				Oct				Nov				Dec				
Sample Size:	47.0	27.0	28.0	20.0	26.0	23.0	27.0	35.0	36.0	34.0	18.0	39.0	34.0	20.0	24.0	21.0	35.0	40.0	17.0	31.0	14.0	12.0	15.0	13.0	15.0	13.0	31.0	40.0	22.0	34.0	33.0	40.0	45.0	23.0	27.0	38.0	28.0	22.0	25.0	31.0	32.0	37.0	33.0	34.0	18.0	14.0	13.0	49.0	

Black-bellied Whistling-Duck (<em class="sci">Dendrocygna autumnalis</em>)	0.0	0.0	0.0	0.0	0.0	0.0	0.0	0.0	0.0	0.0	0.0	0.0	0.0	0.0	0.0	0.0	0.0	0.0	0.0	0.0	0.0	0.0	0.0	0.0	0.0666667	0.0	0.0	0.0	0.0	0.0	0.0	0.0	0.0	0.0	0.0	0.0	0.0	0.0	0.0	0.0	0.0	0.0	0.0	0.0	0.0	0.0	0.0	0.0	
West Indian Whistling-Duck (<em class="sci">Dendrocygna arborea</em>)	0.0	0.0	0.0	0.0	0.0	0.0	0.0	0.0	0.0	0.0	0.0	0.0	0.0	0.0	0.0	0.0	0.0	0.0	0.0	0.0	0.0	0.0	0.0	0.2307692	0.0	0.0	0.0	0.0015	0.0	0.0	0.0	0.0	0.0	0.0	0.0	0.0	0.0	0.0	0.0	0.0	0.0	0.0	0.0	0.0	0.0	0.0	0.0	0.0	
Fulvous Whistling-Duck (<em class="sci">Dendrocygna bicolor</em>)	0.0015	0.0015	0.0015	0.0015	0.0015	0.0015	0.0015	0.0015	0.0015	0.0	0.0	0.0	0.0	0.0015	0.0015	0.0015	0.0015	0.0015	0.0015	0.0	0.0015	0.0015	0.0	0.0015	0.0	0.0015	0.0	0.0015	0.0015	0.0	0.0	0.0	0.0	0.0	0.0	0.0	0.0015	0.0015	0.0015	0.0015	0.0015	0.0015	0.0015	0.0015	0.0	0.0015	0.0015	0.0015	
Snow Goose (<em class="sci">Anser caerulescens</em>)	0.2340426	0.2592593	0.0714286	0.05	0.0769231	0.0434783	0.0740741	0.0015	0.0015	0.0015	0.0015	0.0015	0.0015	0.0015	0.0015	0.0015	0.0015	0.0015	0.0015	0.0015	0.0015	0.0015	0.0015	0.0	0.0	0.0015	0.0	0.0	0.0	0.0	0.0	0.0	0.0	0.0015	0.0015	0.0015	0.0	0.0	0.0015	0.0015	0.0015	0.0015	0.0015	0.0015	0.0015	0.0015	0.0015	0.0612245	
Domestic goose sp. (Domestic type) (<em class="sci">Anser sp. (Domestic type)</em>)	0.0	0.0	0.0	0.0015	0.0	0.0	0.0	0.0	0.0	0.0	0.0	0.0	0.0015	0.0	0.0015	0.0	0.0	0.0	0.0	0.0	0.0	0.0	0.0	0.0	0.0	0.0	0.0	0.0	0.0	0.0	0.0	0.0	0.0	0.0	0.0	0.0	0.0	0.0	0.0	0.0	0.0	0.0	0.0	0.0	0.0	0.0	0.0	0.0	
Brant (<em class="sci">Branta bernicla</em>)	0.0	0.0	0.0	0.0	0.0	0.0	0.0	0.0	0.0	0.0	0.0	0.0	0.0	0.0	0.0	0.0	0.0	0.0	0.0	0.0	0.0	0.0	0.0	0.0	0.0	0.0	0.0	0.0	0.0	0.0	0.0	0.0	0.0	0.0	0.0	0.0	0.0	0.0	0.0015	0.0015	0.0015	0.0015	0.0015	0.0015	0.0	0.0015	0.0	0.0	
Canada Goose (<em class="sci">Branta canadensis</em>)	0.0015	0.0015	0.0015	0.15	0.1538462	0.1304348	0.0740741	0.1142857	0.1944444	0.1470588	0.1111111	0.025641	0.0588235	0.1	0.0833333	0.0015	0.0285714	0.025	0.0	0.0	0.0	0.0	0.0	0.0	0.0	0.0	0.0	0.0	0.0	0.0	0.0	0.0	0.0	0.0	0.0	0.0	0.0	0.0454545	0.0	0.0	0.0015	0.0	0.0	0.0015	0.0	0.0	0.0015	0.0015	
Tundra Swan (<em class="sci">Cygnus columbianus</em>)	0.0	0.0	0.0	0.0	0.0	0.0	0.0	0.0	0.0	0.0	0.0	0.0	0.0	0.0	0.0	0.0	0.0	0.0	0.0	0.0	0.0	0.0	0.0	0.0	0.0	0.0	0.0	0.0	0.0	0.0	0.0	0.0	0.0	0.0	0.0	0.0	0.0	0.0	0.0	0.0	0.0	0.0	0.0	0.0588235	0.0	0.0	0.0	0.0	
Muscovy Duck (Domestic type) (<em class="sci">Cairina moschata (Domestic type)</em>)	0.0	0.0	0.0	0.0	0.0	0.0	0.0015	0.0	0.0	0.0	0.0	0.0	0.0	0.0	0.0015	0.0	0.0	0.0	0.0	0.0	0.0	0.0015	0.0	0.0	0.0	0.0	0.0	0.0	0.0	0.0	0.0	0.0	0.0	0.0	0.0	0.0	0.0	0.0	0.0	0.0	0.0	0.0	0.0	0.0294118	0.0	0.0	0.0	0.0	
Wood Duck (<em class="sci">Aix sponsa</em>)	0.0212766	0.0015	0.0015	0.05	0.0769231	0.0015	0.0	0.0571429	0.0277778	0.0588235	0.0555556	0.025641	0.1764706	0.1	0.1666667	0.1428571	0.2	0.05	0.2941176	0.0322581	0.1428571	0.0	0.0015	0.0015	0.0015	0.0	0.0	0.0015	0.0454545	0.0588235	0.0	0.0	0.0	0.0	0.0	0.0	0.0	0.0015	0.0015	0.0015	0.0015	0.0015	0.0015	0.0588235	0.0015	0.0714286	0.0015	0.0204082	
Garganey (<em class="sci">Spatula querquedula</em>)	0.0	0.0	0.0	0.0	0.0	0.0	0.0	0.0	0.0277778	0.0015	0.0	0.0	0.0	0.05	0.0416667	0.0015	0.0	0.0	0.0015	0.0	0.0	0.0	0.0	0.0	0.0	0.0	0.0	0.0	0.0	0.0	0.0	0.0	0.0	0.0	0.0	0.0	0.0	0.0015	0.0015	0.0322581	0.0	0.0	0.0	0.0	0.0	0.0	0.0	0.0	
Blue-winged Teal (<em class="sci">Spatula discors</em>)	0.8297872	0.6666667	0.7857143	0.7	0.9230769	0.8695652	0.7407407	0.8571429	0.8611111	0.7352941	0.6666667	0.8205128	0.9117647	1.0	0.75	0.5238095	0.1428571	0.05	0.0015	0.0322581	0.0015	0.0833333	0.0	0.0	0.0666667	0.0	0.0	0.025	0.1363636	0.0882353	0.0015	0.125	0.3555556	0.6086957	0.5555556	0.5526316	0.75	0.7727273	0.88	0.9354839	0.875	0.8918919	0.7272727	0.7058824	0.8333333	0.7142857	0.6153846	0.7346939	
Northern Shoveler (<em class="sci">Spatula clypeata</em>)	0.212766	0.1851852	0.1071429	0.0015	0.2692308	0.5217391	0.3333333	0.2	0.1388889	0.1764706	0.2777778	0.0512821	0.0294118	0.0	0.0416667	0.047619	0.0285714	0.0	0.0	0.0322581	0.0	0.0	0.0	0.0	0.0	0.0	0.0	0.0	0.0	0.0	0.0	0.0015	0.0	0.0434783	0.0015	0.0263158	0.0357143	0.0909091	0.04	0.0015	0.0625	0.0810811	0.1212121	0.0588235	0.1666667	0.2857143	0.0769231	0.1836735	
Gadwall (<em class="sci">Mareca strepera</em>)	0.0425532	0.0740741	0.1428571	0.05	0.1923077	0.0869565	0.0740741	0.1142857	0.1666667	0.0882353	0.0015	0.0769231	0.1176471	0.1	0.0015	0.0	0.0	0.25	0.1176471	0.1290323	0.0	0.0833333	0.0	0.0	0.0	0.0	0.0	0.0	0.0	0.0	0.0	0.0	0.0	0.0	0.0	0.0	0.0	0.0	0.0	0.0	0.0	0.0	0.0606061	0.0	0.0	0.0	0.0015	0.0408163	
Eurasian Wigeon (<em class="sci">Mareca penelope</em>)	0.0425532	0.1111111	0.0714286	0.1	0.0769231	0.0015	0.0740741	0.0285714	0.0555556	0.0015	0.0015	0.025641	0.0	0.0	0.0	0.0	0.0	0.0	0.0	0.0015	0.0	0.0	0.0	0.0015	0.0666667	0.0	0.0	0.0	0.0	0.0	0.0	0.0	0.0	0.0	0.0	0.0	0.0	0.0	0.0015	0.0015	0.0015	0.0015	0.0015	0.0015	0.0015	0.0015	0.0015	0.0612245	
American Wigeon (<em class="sci">Mareca americana</em>)	0.2553191	0.2962963	0.3571429	0.5	0.4230769	0.2173913	0.3703704	0.4	0.5	0.7058824	0.5555556	0.2051282	0.4411765	0.25	0.2083333	0.0015	0.0	0.0015	0.0015	0.0015	0.0	0.0	0.0	0.0	0.0	0.0	0.0	0.0	0.0	0.0	0.0	0.0	0.0	0.0	0.0	0.0	0.0015	0.0015	0.0015	0.0322581	0.03125	0.1351351	0.0606061	0.1176471	0.0015	0.2142857	0.0015	0.1836735	
Eurasian/American Wigeon (<em class="sci">Mareca penelope/americana</em>)	0.0	0.0	0.0	0.0	0.0	0.0	0.0	0.0	0.0	0.0	0.0	0.0	0.0	0.0	0.0	0.0	0.0	0.0	0.0	0.0	0.0	0.0	0.0	0.0	0.0	0.0	0.0	0.0	0.0	0.0	0.0	0.0	0.0	0.0	0.0	0.0	0.0	0.0	0.0	0.0	0.0	0.0	0.0	0.0015	0.0	0.0015	0.0	0.0	
Mallard (<em class="sci">Anas platyrhynchos</em>)	0.7234043	0.8148148	0.8928571	0.9	0.8461538	0.7826087	0.7037037	0.8285714	0.9444444	0.8235294	0.7777778	0.8974359	0.9117647	0.9	0.8333333	0.7619048	0.8571429	0.9	0.8235294	0.7096774	0.6428571	0.8333333	0.9333333	0.6153846	0.8	0.6923077	0.6774194	0.525	0.8636364	0.8529412	0.7575758	0.675	0.6	0.5652174	0.7037037	0.6842105	0.7142857	0.5454545	0.56	0.7741935	0.75	0.8918919	0.6363636	0.8529412	0.8888889	0.7857143	0.6153846	0.755102	
Mallard (Domestic type) (<em class="sci">Anas platyrhynchos (Domestic type)</em>)	0.0	0.0	0.0	0.0015	0.0	0.0	0.0015	0.0	0.0	0.0	0.0	0.0015	0.0	0.0015	0.0	0.0015	0.0	0.0	0.0	0.0	0.0	0.0	0.0015	0.0769231	0.0	0.0	0.0	0.0015	0.0	0.0	0.0	0.0	0.0	0.0	0.0	0.0	0.0	0.0	0.0	0.0	0.0	0.0015	0.0	0.0	0.0	0.0015	0.0	0.0015	
American Black Duck (<em class="sci">Anas rubripes</em>)	0.2978723	0.3703704	0.1785714	0.4	0.3461538	0.2173913	0.1851852	0.1714286	0.3611111	0.3235294	0.1666667	0.0769231	0.1470588	0.15	0.0833333	0.047619	0.0571429	0.025	0.0015	0.0015	0.0	0.0015	0.0015	0.0015	0.0015	0.0	0.0015	0.0015	0.0015	0.0015	0.0015	0.0015	0.0015	0.0015	0.0	0.0015	0.0357143	0.0	0.04	0.0322581	0.0015	0.027027	0.0015	0.0294118	0.0555556	0.0714286	0.0769231	0.1836735	
Mallard x American Black Duck (hybrid) (<em class="sci">Anas platyrhynchos x rubripes</em>)	0.0	0.0	0.0	0.0015	0.0	0.0015	0.0	0.0	0.0015	0.0015	0.0	0.0	0.0	0.0015	0.0	0.0015	0.0	0.0	0.0	0.0	0.0	0.0	0.0	0.0	0.0	0.0	0.0	0.0015	0.0	0.0	0.0015	0.0015	0.0	0.0	0.0015	0.0	0.0	0.0	0.0	0.0	0.0	0.0	0.0	0.0	0.0	0.0	0.0	0.0	
Northern Pintail (<em class="sci">Anas acuta</em>)	0.1702128	0.3333333	0.1071429	0.05	0.0769231	0.173913	0.1481481	0.2	0.1388889	0.2058824	0.2777778	0.2564103	0.2058824	0.05	0.2083333	0.047619	0.0015	0.0015	0.0	0.0	0.0	0.0	0.0	0.0	0.0	0.0	0.0	0.0	0.0	0.0	0.0	0.0	0.0015	0.0	0.0	0.0	0.0357143	0.0015	0.0	0.0015	0.03125	0.027027	0.0015	0.0588235	0.1666667	0.0714286	0.0015	0.1020408	
Green-winged Teal (<em class="sci">Anas crecca</em>)	0.4468085	0.4444444	0.6071429	0.55	0.4230769	0.3913043	0.4444444	0.3428571	0.4166667	0.5882353	0.3888889	0.3333333	0.5882353	0.45	0.5416667	0.2380952	0.0571429	0.025	0.0	0.0015	0.0	0.0	0.0	0.0	0.0	0.0	0.0	0.0	0.1363636	0.0294118	0.030303	0.05	0.0015	0.1304348	0.0740741	0.0015	0.0714286	0.0909091	0.16	0.1612903	0.34375	0.2162162	0.2424242	0.3235294	0.3333333	0.2857143	0.1538462	0.4285714	
Red-crested Pochard (<em class="sci">Netta rufina</em>)	0.0	0.0	0.0	0.0	0.0	0.0	0.0	0.0	0.0	0.0	0.0	0.0	0.0	0.0	0.0	0.0	0.0	0.0	0.0	0.0	0.0	0.0	0.0	0.0	0.0	0.0	0.0	0.0	0.0	0.0	0.0015	0.0015	0.0	0.0	0.0	0.0	0.0	0.0	0.0	0.0	0.0	0.0	0.0	0.0	0.0	0.0	0.0	0.0	
Rosy-billed Pochard (<em class="sci">Netta peposaca</em>)	0.0	0.0	0.0	0.0	0.0	0.0	0.0	0.0	0.0	0.0	0.0	0.0	0.0	0.0	0.0	0.0	0.0	0.0	0.0	0.0	0.0	0.0	0.0	0.0	0.0	0.0	0.0	0.0	0.0	0.0	0.0	0.0	0.0	0.0	0.0015	0.0	0.0	0.0	0.0015	0.0	0.0	0.0	0.0	0.0	0.0	0.0	0.0015	0.0	
Canvasback (<em class="sci">Aythya valisineria</em>)	0.0	0.0015	0.0015	0.05	0.0384615	0.0015	0.0015	0.0015	0.0015	0.0	0.0	0.0	0.0	0.0	0.0	0.0	0.0	0.0	0.0	0.0	0.0	0.0	0.0	0.0	0.0	0.0	0.0	0.0	0.0	0.0	0.0	0.0	0.0	0.0	0.0	0.0	0.0	0.0	0.0	0.0	0.0	0.0	0.0	0.0	0.0	0.0	0.0	0.0015	
Redhead (<em class="sci">Aythya americana</em>)	0.0015	0.0015	0.0015	0.05	0.0384615	0.0015	0.0015	0.0015	0.0015	0.0015	0.0015	0.0015	0.0015	0.0015	0.0015	0.0015	0.0	0.0015	0.0	0.0015	0.0	0.0	0.0	0.0	0.0	0.0	0.0	0.0	0.0015	0.0015	0.0015	0.0015	0.0015	0.0015	0.0015	0.0015	0.0015	0.0015	0.0	0.0	0.0	0.0	0.0	0.0	0.0015	0.0015	0.0015	0.0015	
Ring-necked Duck (<em class="sci">Aythya collaris</em>)	0.1702128	0.1481481	0.0714286	0.1	0.0384615	0.0869565	0.1481481	0.1142857	0.0555556	0.0588235	0.0015	0.0769231	0.0588235	0.1	0.0833333	0.0015	0.0571429	0.025	0.0015	0.0	0.0	0.0	0.0	0.0	0.0	0.0	0.0	0.0	0.0	0.0	0.0	0.0	0.0	0.0	0.0	0.0263158	0.0357143	0.0015	0.12	0.0322581	0.1875	0.1351351	0.1212121	0.1176471	0.1111111	0.1428571	0.2307692	0.122449	
Ferruginous Duck (<em class="sci">Aythya nyroca</em>)	0.0015	0.0	0.0	0.0	0.0015	0.0015	0.0015	0.0015	0.0	0.0	0.0	0.0	0.0	0.0	0.0	0.0	0.0	0.0	0.0	0.0	0.0	0.0	0.0	0.0	0.0	0.0	0.0	0.0	0.0	0.0	0.0	0.0	0.0	0.0	0.0	0.0	0.0	0.0	0.0	0.0	0.0	0.0	0.0	0.0	0.0	0.0	0.0	0.0	
Tufted Duck (<em class="sci">Aythya fuligula</em>)	0.0	0.0	0.0	0.0	0.0	0.0	0.0	0.0	0.0	0.0	0.0	0.0	0.0	0.0015	0.0	0.0015	0.0	0.0	0.0	0.0	0.0	0.0	0.0	0.0	0.0	0.0	0.0	0.0	0.0	0.0	0.0	0.0	0.0	0.0	0.0	0.0	0.0	0.0	0.0	0.0	0.0	0.0	0.0	0.0	0.0	0.0	0.0	0.0	
Greater Scaup (<em class="sci">Aythya marila</em>)	0.0015	0.2222222	0.0714286	0.15	0.0769231	0.0434783	0.0740741	0.0571429	0.0833333	0.0294118	0.0015	0.0015	0.0015	0.0	0.0	0.0	0.0	0.0	0.0	0.0322581	0.0714286	0.0	0.0	0.0	0.0	0.0	0.0	0.0	0.0	0.0	0.0	0.0	0.0	0.0	0.0	0.0	0.0	0.0	0.0	0.0	0.0015	0.0015	0.0015	0.0015	0.0555556	0.0015	0.0015	0.0204082	
Lesser Scaup (<em class="sci">Aythya affinis</em>)	0.3617021	0.5185185	0.2857143	0.25	0.3076923	0.173913	0.4814815	0.2	0.2222222	0.1470588	0.1111111	0.025641	0.0294118	0.0015	0.0015	0.0	0.0	0.0	0.0	0.0	0.0	0.0	0.0	0.0	0.0	0.0	0.0	0.0	0.0	0.0	0.0	0.0	0.0	0.0	0.0	0.0	0.0	0.0015	0.04	0.0322581	0.03125	0.0810811	0.2121212	0.3235294	0.2222222	0.3571429	0.0769231	0.3061224	
Greater/Lesser Scaup (<em class="sci">Aythya marila/affinis</em>)	0.0015	0.0015	0.0	0.0	0.0015	0.0015	0.0015	0.0015	0.0015	0.0015	0.0015	0.0	0.0	0.0	0.0	0.0	0.0	0.0	0.0	0.0	0.0	0.0	0.0	0.0	0.0	0.0	0.0	0.0	0.0	0.0	0.0	0.0	0.0	0.0	0.0	0.0	0.0	0.0	0.0	0.0	0.0	0.0015	0.0015	0.0015	0.0015	0.0015	0.0015	0.0015	
Surf Scoter (<em class="sci">Melanitta perspicillata</em>)	0.1914894	0.1481481	0.1785714	0.2	0.1923077	0.4782609	0.0	0.0	0.0	0.0	0.0	0.0	0.0	0.0	0.0	0.0	0.0	0.0	0.0	0.0	0.0	0.0	0.0	0.0	0.0	0.0	0.0	0.0	0.0	0.0	0.0	0.0	0.0	0.0	0.0	0.0	0.0	0.0	0.0	0.0	0.0	0.0	0.0015	0.0015	0.0	0.0	0.0	0.1836735	
Black Scoter (<em class="sci">Melanitta americana</em>)	0.1914894	0.2592593	0.0714286	0.0	0.0	0.0	0.0	0.0	0.0	0.0	0.0	0.0	0.0	0.0	0.0	0.0	0.0	0.0	0.0	0.0	0.0	0.0	0.0	0.0	0.0	0.0	0.0	0.0	0.0	0.0	0.0	0.0	0.0	0.0	0.0	0.0	0.0	0.0	0.0	0.0	0.0	0.0	0.0015	0.0	0.0	0.0	0.0	0.0204082	
Long-tailed Duck (<em class="sci">Clangula hyemalis</em>)	0.0	0.0	0.0	0.0	0.0	0.0	0.0	0.0	0.0	0.0	0.0	0.0	0.0	0.0	0.0	0.0	0.0	0.0	0.0	0.0	0.0	0.0	0.0	0.0	0.0	0.0	0.0	0.0	0.0	0.0	0.0	0.0	0.0	0.0	0.0	0.0	0.0	0.0	0.0	0.0	0.0	0.0	0.0	0.0	0.0	0.0	0.0015	0.0204082	
Bufflehead (<em class="sci">Bucephala albeola</em>)	0.106383	0.1111111	0.0015	0.15	0.1153846	0.0434783	0.037037	0.0015	0.0015	0.0015	0.0015	0.0	0.0	0.0	0.0	0.0	0.0	0.0	0.0	0.0	0.0	0.0	0.0	0.0	0.0	0.0	0.0	0.0	0.0	0.0	0.0	0.0	0.0	0.0	0.0	0.0	0.0	0.0	0.0	0.0	0.0015	0.027027	0.1515152	0.2941176	0.3333333	0.2142857	0.3846154	0.1428571	
Common Goldeneye (<em class="sci">Bucephala clangula</em>)	0.0015	0.0740741	0.0015	0.0015	0.0769231	0.0015	0.0015	0.0015	0.0015	0.0	0.0015	0.0	0.0015	0.0015	0.0	0.0	0.0	0.0	0.0	0.0	0.0	0.0	0.0	0.0	0.0	0.0	0.0	0.0	0.0	0.0	0.0	0.0	0.0	0.0	0.0	0.0	0.0	0.0	0.0	0.0	0.0	0.0	0.0015	0.0015	0.0015	0.0714286	0.0015	0.0015	
Common/Barrow's Goldeneye (<em class="sci">Bucephala clangula/islandica</em>)	0.0015	0.0	0.0	0.0015	0.0	0.0	0.0	0.0	0.0	0.0	0.0	0.0	0.0	0.0	0.0	0.0	0.0	0.0	0.0	0.0	0.0	0.0	0.0	0.0	0.0	0.0	0.0	0.0	0.0	0.0	0.0	0.0	0.0	0.0	0.0	0.0	0.0	0.0	0.0	0.0	0.0	0.0	0.0	0.0	0.0	0.0	0.0	0.0	
Hooded Merganser (<em class="sci">Lophodytes cucullatus</em>)	0.2553191	0.1851852	0.1428571	0.15	0.1923077	0.2608696	0.2962963	0.1714286	0.1388889	0.1470588	0.1666667	0.1538462	0.0294118	0.0015	0.0	0.0	0.0	0.0	0.0	0.0	0.0	0.0	0.0	0.0	0.0	0.0	0.0	0.0	0.0	0.0	0.0	0.0	0.0	0.0	0.0	0.0	0.0	0.0	0.0	0.0	0.09375	0.2702703	0.1515152	0.3529412	0.3333333	0.1428571	0.3076923	0.3061224	
Common Merganser (<em class="sci">Mergus merganser</em>)	0.0	0.0	0.0	0.0	0.0	0.0	0.0	0.0	0.0015	0.0	0.0	0.0	0.0	0.0	0.0	0.0	0.0	0.0	0.0	0.0	0.0	0.0	0.0	0.0	0.0	0.0	0.0	0.0	0.0	0.0	0.0	0.0	0.0	0.0	0.0	0.0	0.0	0.0	0.0	0.0	0.0	0.0	0.0	0.0294118	0.0	0.0	0.0015	0.0015	
Red-breasted Merganser (<em class="sci">Mergus serrator</em>)	0.0015	0.0	0.0	0.0	0.0	0.0	0.0	0.0	0.0	0.0	0.0	0.0	0.0294118	0.0	0.0	0.0	0.0	0.0	0.0	0.0	0.0	0.0	0.0	0.0	0.0	0.0	0.0	0.0	0.0	0.0	0.0	0.0	0.0	0.0	0.0	0.0	0.0	0.0	0.0	0.0	0.0	0.0015	0.030303	0.0	0.0	0.0	0.0	0.0	
Ruddy Duck (<em class="sci">Oxyura jamaicensis</em>)	0.0015	0.3333333	0.1071429	0.05	0.0384615	0.0869565	0.1481481	0.0571429	0.0833333	0.1764706	0.0555556	0.0769231	0.0015	0.0015	0.0015	0.0	0.0	0.025	0.0	0.0	0.0	0.0	0.0	0.0	0.0	0.0	0.0015	0.0	0.0015	0.0	0.0	0.0	0.0	0.0	0.0	0.0	0.0	0.0	0.0	0.0	0.0	0.0015	0.0015	0.0294118	0.0555556	0.0714286	0.0015	0.0408163	
duck sp. (<em class="sci">Anatinae sp.</em>)	0.0	0.0	0.0	0.0	0.0	0.0	0.0	0.0015	0.0	0.0	0.0	0.0	0.0	0.0	0.0	0.0	0.0	0.0	0.0	0.0	0.0	0.0	0.0	0.0	0.0	0.0	0.0	0.0	0.0	0.0	0.0	0.0	0.0	0.0	0.0	0.0	0.0	0.0	0.0015	0.0	0.0	0.0	0.0	0.0	0.0	0.0	0.0	0.0	
American Flamingo (<em class="sci">Phoenicopterus ruber</em>)	0.0425532	0.0740741	0.0015	0.0015	0.0015	0.0015	0.0015	0.0015	0.0015	0.0015	0.0015	0.0015	0.0015	0.0015	0.0015	0.0015	0.0015	0.05	0.0588235	0.0015	0.0015	0.0015	0.0	0.0769231	0.0015	0.0015	0.0015	0.0015	0.0015	0.0015	0.030303	0.0015	0.0015	0.0015	0.037037	0.0015	0.0015	0.0015	0.0015	0.0015	0.0015	0.0015	0.0015	0.0015	0.0015	0.0015	0.0015	0.0204082	
Pied-billed Grebe (<em class="sci">Podilymbus podiceps</em>)	0.7659574	0.7407407	0.8214286	0.5	0.6153846	0.7826087	0.7407407	0.5428571	0.5277778	0.5294118	0.3333333	0.3076923	0.2941176	0.15	0.0416667	0.0952381	0.0285714	0.025	0.0588235	0.0015	0.0	0.0	0.0666667	0.0015	0.0015	0.0015	0.0015	0.0015	0.1363636	0.1176471	0.0015	0.075	0.0015	0.173913	0.1111111	0.2368421	0.2857143	0.2272727	0.32	0.0645161	0.5	0.5135135	0.5454545	0.5588235	0.7222222	0.6428571	0.6153846	0.5918367	
Eared Grebe (<em class="sci">Podiceps nigricollis</em>)	0.0	0.0	0.0	0.0	0.0	0.0	0.0	0.0	0.0	0.0	0.0	0.0	0.0	0.0	0.0	0.0	0.0	0.0	0.0	0.0	0.0	0.0	0.0	0.0	0.0	0.0	0.0	0.0	0.0	0.0588235	0.0015	0.0	0.0015	0.0015	0.0	0.0	0.0	0.0	0.0	0.0	0.0	0.0	0.0	0.0	0.0	0.0	0.0	0.0	
Rock Pigeon (<em class="sci">Columba livia</em>)	0.6170213	0.4814815	0.3571429	0.5	0.3461538	0.3913043	0.5555556	0.5142857	0.6944444	0.5	0.3888889	0.5128205	0.7058824	0.75	0.8333333	0.8095238	0.7714286	0.625	0.4705882	0.516129	0.6428571	0.75	0.4666667	0.5384615	0.8	0.6923077	0.6129032	0.55	0.7272727	0.7647059	0.6363636	0.525	0.5555556	0.5217391	0.5555556	0.5	0.5	0.5	0.44	0.516129	0.5625	0.5405405	0.5151515	0.6470588	0.6666667	0.5714286	0.4615385	0.4693878	
Eurasian Collared-Dove (<em class="sci">Streptopelia decaocto</em>)	0.0	0.0	0.0	0.0	0.0	0.0	0.0	0.0	0.0	0.0	0.0	0.0	0.0	0.0	0.0	0.0	0.0	0.0	0.0	0.0	0.0	0.0	0.0	0.0	0.0	0.0	0.0	0.0	0.0	0.0	0.0	0.0	0.0	0.0	0.0	0.0015	0.0	0.0	0.0	0.0	0.0	0.0	0.0	0.0	0.0	0.0	0.0	0.0	
African Collared-Dove (Domestic type or Ringed Turtle-Dove) (<em class="sci">Streptopelia roseogrisea (Domestic type)</em>)	0.0	0.0	0.0	0.0	0.0	0.0	0.0	0.0	0.0	0.0	0.0	0.0015	0.0	0.0	0.0	0.0	0.0	0.0	0.0	0.0	0.0	0.0	0.0	0.0	0.0	0.0	0.0	0.0	0.0	0.0	0.0	0.0	0.0015	0.0	0.0	0.0	0.0	0.0	0.0	0.0	0.0	0.0	0.0	0.0	0.0	0.0	0.0	0.0	
Common Ground Dove (<em class="sci">Columbina passerina</em>)	0.4255319	0.6296296	0.3571429	0.6	0.3846154	0.2608696	0.3703704	0.5428571	0.6111111	0.5	0.2777778	0.3076923	0.5588235	0.4	0.4166667	0.6666667	0.6285714	0.55	0.5882353	0.4516129	0.5	0.5833333	0.7333333	0.5384615	0.4666667	0.5384615	0.5806452	0.525	0.5909091	0.5882353	0.6666667	0.5	0.5777778	0.4782609	0.5555556	0.6052632	0.5	0.5	0.64	0.7096774	0.6875	0.5405405	0.4545455	0.6176471	0.5555556	0.6428571	0.5384615	0.6326531	
Mourning Dove (<em class="sci">Zenaida macroura</em>)	0.7234043	0.7037037	0.7142857	0.55	0.6538462	0.7826087	0.8148148	0.8	0.9166667	0.7058824	0.6666667	0.8205128	0.8823529	0.9	0.9166667	0.9047619	0.9142857	0.825	0.6470588	0.6451613	0.7142857	0.8333333	0.8	0.7692308	0.8666667	0.7692308	0.7096774	0.575	0.7727273	0.7941176	0.7575758	0.625	0.7333333	0.6086957	0.7407407	0.6578947	0.6785714	0.5909091	0.52	0.7741935	0.90625	0.8108108	0.6969697	0.7352941	0.8333333	0.7857143	0.8461538	0.5918367	
Yellow-billed Cuckoo (<em class="sci">Coccyzus americanus</em>)	0.0	0.0	0.0	0.0	0.0	0.0	0.0	0.0	0.0	0.0	0.0	0.0	0.0	0.0	0.0	0.0	0.0	0.0	0.0	0.0	0.0	0.0	0.0	0.0	0.0	0.0	0.0	0.0	0.0	0.0	0.0	0.0	0.0	0.0	0.0	0.0789474	0.0714286	0.0454545	0.16	0.0967742	0.03125	0.0810811	0.0015	0.0015	0.0	0.0714286	0.0	0.0	
Black-billed Cuckoo (<em class="sci">Coccyzus erythropthalmus</em>)	0.0	0.0	0.0	0.0	0.0	0.0	0.0	0.0	0.0	0.0	0.0	0.0	0.0	0.0	0.0	0.0	0.0	0.125	0.0	0.0	0.0	0.0	0.0666667	0.0	0.0	0.0	0.0	0.0	0.0	0.0294118	0.0	0.0	0.0	0.0	0.0	0.0015	0.0015	0.0	0.0	0.0322581	0.0	0.0	0.0	0.0	0.0	0.0	0.0	0.0	
cuckoo sp. (Cuculidae sp.) (<em class="sci">Cuculidae sp.</em>)	0.0	0.0	0.0	0.0	0.0	0.0	0.0	0.0	0.0	0.0	0.0	0.0	0.0	0.0	0.0	0.0	0.0	0.0	0.0	0.0	0.0	0.0	0.0	0.0	0.0	0.0	0.0	0.0	0.0	0.0	0.0	0.0	0.0	0.0	0.0	0.0	0.0	0.0	0.0	0.0015	0.0	0.0	0.0	0.0	0.0	0.0	0.0	0.0	
Common Nighthawk (<em class="sci">Chordeiles minor</em>)	0.0	0.0	0.0	0.0	0.0	0.0	0.0	0.0	0.0	0.0	0.0	0.0	0.0	0.0	0.0	0.0015	0.0	0.0	0.0	0.0015	0.0	0.0	0.0	0.0	0.0	0.0	0.0	0.0	0.0	0.0	0.0	0.0	0.0	0.0	0.0	0.0	0.0357143	0.0015	0.0	0.0	0.0	0.0	0.0	0.0	0.0	0.0	0.0	0.0	
Antillean Nighthawk (<em class="sci">Chordeiles gundlachii</em>)	0.0	0.0	0.0	0.0	0.0	0.0	0.0	0.0	0.0	0.0	0.0	0.0	0.0	0.0	0.0	0.0	0.0015	0.0	0.0	0.0	0.0	0.0	0.0	0.0	0.0	0.0	0.0	0.0	0.0	0.0	0.0	0.0	0.0	0.0	0.0	0.0	0.0	0.0	0.0	0.0	0.0	0.0	0.0	0.0	0.0	0.0	0.0	0.0	
Chimney Swift (<em class="sci">Chaetura pelagica</em>)	0.0	0.0	0.0	0.0	0.0	0.0	0.0	0.0	0.0	0.0294118	0.0	0.0	0.0015	0.0015	0.0	0.0015	0.0285714	0.025	0.0	0.0322581	0.0015	0.0015	0.0	0.0	0.0	0.0	0.0	0.0	0.0	0.0	0.0	0.0	0.0	0.0015	0.0	0.0	0.0	0.0	0.0015	0.0645161	0.0	0.0	0.030303	0.0	0.0	0.0	0.0	0.0	
Ruby-throated Hummingbird (<em class="sci">Archilochus colubris</em>)	0.0015	0.0	0.0	0.0	0.0	0.0	0.0	0.0	0.0	0.0	0.0	0.0	0.0	0.0	0.0	0.0	0.0	0.0	0.0	0.0	0.0	0.0	0.0	0.0	0.0	0.0	0.0	0.0	0.0	0.0	0.0	0.0	0.0	0.0	0.0	0.0263158	0.0	0.0	0.0	0.0	0.0	0.0	0.0	0.0	0.0	0.0	0.0	0.0	
Clapper Rail (<em class="sci">Rallus crepitans</em>)	0.0	0.0	0.0	0.0	0.0	0.0	0.0	0.0	0.0	0.0	0.0	0.0	0.0	0.0	0.0	0.0	0.0	0.0	0.0	0.0	0.0	0.0	0.0	0.0	0.0	0.0	0.0	0.0	0.0	0.0	0.0	0.0	0.0	0.0	0.0	0.0	0.0015	0.0015	0.0	0.0015	0.0	0.0	0.0	0.0	0.0	0.0	0.0	0.0	
large rail sp. (<em class="sci">Rallus sp. (large Rallus sp.)</em>)	0.0	0.0	0.0	0.0	0.0	0.0	0.0	0.0	0.0	0.0	0.0	0.0	0.0	0.0	0.0	0.0	0.0	0.0	0.0	0.0	0.0	0.0	0.0	0.0	0.0	0.0	0.0	0.0	0.0	0.0	0.0	0.0	0.0	0.0	0.0	0.0	0.0	0.0	0.0	0.0	0.0	0.0	0.0	0.0	0.0015	0.0	0.0	0.0	
Virginia Rail (<em class="sci">Rallus limicola</em>)	0.0	0.0	0.0	0.0	0.0	0.0	0.0	0.0	0.0	0.0	0.0	0.0	0.0015	0.0	0.0015	0.0	0.0	0.0	0.0	0.0	0.0	0.0	0.0	0.0	0.0	0.0	0.0	0.0	0.0	0.0	0.0	0.0	0.0	0.0	0.0	0.0	0.0	0.0	0.04	0.0	0.0	0.0	0.0	0.0	0.0	0.0	0.0	0.0	
Sora (<em class="sci">Porzana carolina</em>)	0.0638298	0.037037	0.0015	0.05	0.0384615	0.0434783	0.0740741	0.1714286	0.0555556	0.1470588	0.0015	0.0512821	0.0588235	0.0015	0.125	0.047619	0.0	0.0	0.0015	0.0	0.0714286	0.0	0.0	0.0	0.0	0.0	0.0322581	0.0	0.0015	0.0882353	0.0015	0.025	0.0222222	0.0869565	0.0740741	0.0015	0.0357143	0.0015	0.2	0.0645161	0.09375	0.027027	0.030303	0.0588235	0.0	0.1428571	0.0769231	0.0015	
Common Gallinule (<em class="sci">Gallinula galeata</em>)	0.6170213	0.5555556	0.6785714	0.6	0.5384615	0.8695652	0.6296296	0.7428571	0.8611111	0.8235294	0.8888889	0.8717949	0.8529412	0.8	0.875	0.8571429	0.9428571	0.825	0.8235294	0.7741935	0.7857143	0.9166667	0.8666667	0.9230769	0.8666667	0.7692308	0.7419355	0.75	0.7727273	0.8235294	0.7272727	0.625	0.7555556	0.6086957	0.6296296	0.6578947	0.6428571	0.7727273	0.64	0.5806452	0.78125	0.5945946	0.7272727	0.7352941	0.7222222	0.9285714	0.6153846	0.6326531	
American Coot (<em class="sci">Fulica americana</em>)	0.7234043	0.7407407	0.7142857	0.8	0.5	0.7391304	0.8518519	0.7142857	0.6111111	0.6764706	0.8333333	0.7948718	0.7941176	0.65	0.5833333	0.3809524	0.2571429	0.05	0.0588235	0.2258065	0.0015	0.0015	0.1333333	0.0769231	0.0666667	0.0015	0.0322581	0.025	0.0909091	0.1470588	0.030303	0.05	0.0015	0.0434783	0.0015	0.0015	0.1071429	0.1363636	0.2	0.2258065	0.40625	0.5135135	0.6060606	0.7647059	0.7222222	0.9285714	0.6153846	0.5714286	
Purple Gallinule (<em class="sci">Porphyrio martinica</em>)	0.0	0.0	0.0	0.0	0.0	0.0434783	0.1481481	0.0571429	0.0555556	0.1764706	0.0	0.0	0.0	0.0	0.0	0.0	0.0	0.0	0.0	0.0	0.0	0.0	0.0	0.0	0.0	0.0	0.0	0.0	0.0	0.0	0.0	0.0	0.0	0.0	0.0	0.0	0.0	0.0	0.0015	0.0	0.0	0.0	0.0	0.0	0.0015	0.0	0.0	0.0	
Black-necked Stilt (<em class="sci">Himantopus mexicanus</em>)	0.0	0.0	0.0	0.0	0.0	0.0	0.0	0.0	0.0	0.0	0.0	0.0015	0.2941176	0.0015	0.0833333	0.0952381	0.0285714	0.05	0.1764706	0.1290323	0.4285714	0.5	0.4	0.1538462	0.0015	0.2307692	0.1935484	0.05	0.0	0.0882353	0.0	0.0	0.1111111	0.0	0.0740741	0.0	0.0	0.0	0.0	0.0	0.0	0.0	0.0	0.0	0.0	0.0	0.0	0.0	
American Avocet (<em class="sci">Recurvirostra americana</em>)	0.0	0.0	0.0	0.0	0.0	0.0	0.0	0.0	0.0	0.0	0.0	0.0	0.0	0.0	0.0	0.0	0.0	0.0	0.0	0.0	0.0	0.0	0.0	0.0	0.0	0.0	0.0	0.0	0.0	0.0	0.0	0.0	0.0	0.0	0.0	0.1052632	0.1428571	0.0454545	0.0015	0.0967742	0.0625	0.0015	0.0	0.0	0.0	0.0	0.0	0.0	
Black-bellied Plover (<em class="sci">Pluvialis squatarola</em>)	0.0	0.0	0.0	0.0	0.0	0.0	0.0	0.0	0.0	0.0015	0.0	0.0015	0.0	0.05	0.0	0.0	0.0	0.0015	0.0015	0.0015	0.0	0.0	0.0	0.0	0.0	0.0	0.0322581	0.0	0.0	0.0294118	0.030303	0.0	0.0	0.0869565	0.037037	0.1052632	0.0357143	0.0015	0.0015	0.0	0.0015	0.0015	0.0015	0.0294118	0.0555556	0.0	0.0015	0.0204082	
American Golden-Plover (<em class="sci">Pluvialis dominica</em>)	0.0	0.0	0.0	0.0	0.0	0.0	0.0	0.0	0.0	0.0	0.0	0.0	0.0	0.0	0.0	0.0	0.0	0.0	0.0	0.0	0.0	0.0	0.0	0.0	0.0	0.0	0.0	0.0	0.0	0.0	0.0	0.0	0.0	0.0015	0.0015	0.0015	0.0	0.0	0.0	0.0	0.0	0.0	0.0	0.0	0.1111111	0.0714286	0.0	0.0	
Wilson's Plover (<em class="sci">Charadrius wilsonia</em>)	0.0	0.0	0.0	0.0	0.0	0.0	0.0	0.0	0.0	0.0	0.0	0.0	0.0	0.0	0.0	0.0	0.0	0.0	0.0	0.0	0.0	0.0	0.0	0.0	0.0	0.0	0.0	0.0	0.0	0.0	0.0	0.0015	0.0	0.0	0.0	0.0	0.0	0.0	0.0	0.0	0.0	0.0	0.0	0.0	0.0	0.0	0.0	0.0	
Semipalmated Plover (<em class="sci">Charadrius semipalmatus</em>)	0.0	0.0	0.0	0.0	0.0	0.0	0.0	0.0	0.0	0.0	0.0	0.0	0.0	0.0	0.0	0.0	0.0857143	0.075	0.0588235	0.0967742	0.0	0.0	0.0015	0.0	0.0666667	0.0015	0.0322581	0.025	0.2272727	0.4117647	0.4242424	0.45	0.4666667	0.3913043	0.3333333	0.2631579	0.1428571	0.0909091	0.12	0.0967742	0.3125	0.0015	0.0015	0.0	0.0	0.0	0.0	0.0204082	
Piping Plover (<em class="sci">Charadrius melodus</em>)	0.0	0.0	0.0	0.0	0.0	0.0	0.0	0.0	0.0	0.0	0.0	0.0	0.0	0.0	0.0	0.0	0.0	0.0	0.0	0.0	0.0	0.0	0.0	0.0	0.0	0.0	0.0	0.0	0.0	0.0	0.0	0.0	0.0	0.0015	0.0	0.0	0.0714286	0.0	0.0	0.0	0.0	0.0	0.0	0.0	0.0	0.0	0.0	0.0	
Killdeer (<em class="sci">Charadrius vociferus</em>)	0.2340426	0.3333333	0.2142857	0.2	0.1923077	0.0869565	0.2222222	0.1714286	0.1111111	0.3235294	0.0555556	0.025641	0.0882353	0.05	0.0015	0.0	0.0	0.0	0.0	0.0	0.0	0.0	0.0	0.0	0.0	0.0	0.0	0.025	0.1363636	0.0882353	0.0606061	0.0015	0.0444444	0.0434783	0.0740741	0.1052632	0.0714286	0.0909091	0.08	0.1290323	0.21875	0.0015	0.0606061	0.0882353	0.2777778	0.1428571	0.0015	0.122449	
Upland Sandpiper (<em class="sci">Bartramia longicauda</em>)	0.0	0.0	0.0	0.0	0.0	0.0	0.0	0.0	0.0	0.0	0.0	0.0	0.0	0.0	0.0	0.0	0.0	0.0	0.0	0.0	0.0	0.0	0.0	0.0	0.0	0.0	0.0	0.0	0.0	0.0	0.0	0.0015	0.0	0.0015	0.0	0.0	0.0	0.0	0.0	0.0	0.0	0.0	0.0	0.0	0.0	0.0	0.0	0.0	
Whimbrel (<em class="sci">Numenius phaeopus</em>)	0.0	0.0	0.0	0.0	0.0	0.0	0.0	0.0	0.0	0.0	0.0555556	0.0	0.0	0.0	0.0015	0.0	0.0	0.0015	0.0	0.0	0.0	0.0	0.0	0.0	0.0	0.0	0.0	0.0015	0.0	0.0294118	0.0	0.0	0.0	0.0434783	0.0015	0.0263158	0.0357143	0.0	0.0	0.0	0.0	0.0	0.0	0.0294118	0.0555556	0.0	0.0	0.0	
Hudsonian Godwit (<em class="sci">Limosa haemastica</em>)	0.0	0.0	0.0	0.0	0.0	0.0	0.0	0.0	0.0	0.0	0.0	0.0	0.0	0.0	0.0	0.0	0.0	0.0	0.0	0.0	0.0	0.0	0.0	0.0	0.0	0.0	0.0	0.0	0.0	0.0	0.0	0.1	0.0	0.0	0.0	0.0	0.0	0.0	0.0	0.0	0.0	0.0015	0.0015	0.0015	0.0	0.0	0.0	0.0	
Ruddy Turnstone (<em class="sci">Arenaria interpres</em>)	0.0	0.0015	0.0	0.0	0.0015	0.0	0.0	0.0571429	0.0277778	0.0294118	0.0	0.025641	0.0	0.05	0.0833333	0.047619	0.1142857	0.025	0.0588235	0.0015	0.0015	0.0015	0.0666667	0.0015	0.0666667	0.0015	0.0322581	0.025	0.0454545	0.1176471	0.1212121	0.075	0.1111111	0.2173913	0.1111111	0.0789474	0.1428571	0.0015	0.0015	0.0015	0.0015	0.0015	0.0015	0.0294118	0.0015	0.0015	0.0769231	0.0408163	
Red Knot (<em class="sci">Calidris canutus</em>)	0.0	0.0	0.0	0.0	0.0	0.0	0.0	0.0	0.0	0.0	0.0	0.0	0.0	0.0	0.0	0.0	0.0015	0.0015	0.0015	0.0015	0.0	0.0	0.0	0.0	0.0	0.0	0.0	0.0	0.0	0.0	0.0	0.0015	0.0222222	0.0	0.037037	0.1052632	0.0	0.0	0.0	0.0	0.0	0.0	0.0	0.0	0.0	0.0	0.0	0.0	
Ruff (<em class="sci">Calidris pugnax</em>)	0.0	0.0	0.0	0.0	0.0	0.0	0.0	0.0	0.0	0.1176471	0.0	0.0015	0.0	0.0015	0.0015	0.0015	0.0015	0.0	0.1176471	0.0645161	0.0	0.0	0.0	0.0	0.0	0.0	0.0	0.0	0.0	0.0	0.0015	0.025	0.0	0.0	0.0015	0.0015	0.0015	0.0	0.0015	0.0015	0.0	0.0	0.0	0.0	0.0	0.0	0.0	0.0	
Sharp-tailed Sandpiper (<em class="sci">Calidris acuminata</em>)	0.0	0.0	0.0	0.0	0.0	0.0	0.0	0.0	0.0	0.0	0.0	0.0	0.0	0.0	0.0	0.0	0.0	0.0	0.0	0.0	0.0	0.0	0.0	0.0	0.0	0.0	0.0	0.0	0.0	0.0	0.0	0.0	0.0	0.0	0.0	0.0	0.0015	0.0	0.0	0.0	0.0015	0.0015	0.0015	0.0	0.0	0.0	0.0	0.0	
Stilt Sandpiper (<em class="sci">Calidris himantopus</em>)	0.0	0.0	0.0	0.0	0.0	0.0	0.0	0.0	0.0	0.0	0.0	0.0	0.0	0.0	0.0	0.0	0.0015	0.0015	0.0015	0.0015	0.0	0.0	0.0	0.0	0.0015	0.0015	0.0967742	0.25	0.4545455	0.5882353	0.6060606	0.425	0.3333333	0.0015	0.0015	0.0015	0.0015	0.0015	0.0	0.0645161	0.0015	0.0015	0.0	0.0	0.0	0.0	0.0	0.0	
Curlew Sandpiper (<em class="sci">Calidris ferruginea</em>)	0.0	0.0	0.0	0.0	0.0	0.0	0.0	0.0	0.0	0.0	0.0	0.0	0.0	0.0	0.0	0.0	0.0	0.0	0.0	0.0	0.0	0.0	0.0	0.0	0.0666667	0.0	0.0	0.0	0.0	0.0	0.0015	0.0015	0.0	0.0	0.0	0.0	0.0	0.0	0.0015	0.0322581	0.0	0.0	0.0	0.0	0.0	0.0	0.0	0.0	
Red-necked Stint (<em class="sci">Calidris ruficollis</em>)	0.0	0.0	0.0	0.0	0.0	0.0	0.0	0.0	0.0	0.0	0.0	0.0	0.0	0.0	0.0	0.0	0.0	0.0	0.0	0.0	0.0	0.0	0.0	0.0	0.0	0.0	0.0	0.0	0.0015	0.0	0.0	0.0	0.0	0.0	0.0	0.0	0.0	0.0	0.0	0.0	0.0	0.0	0.0	0.0	0.0	0.0	0.0	0.0	
Sanderling (<em class="sci">Calidris alba</em>)	0.0	0.0	0.0	0.0	0.0	0.0	0.0	0.0285714	0.0	0.0	0.0	0.0	0.0	0.05	0.0	0.0	0.0	0.0	0.0	0.0	0.0	0.0	0.0	0.0	0.0	0.0	0.0	0.0	0.0	0.0015	0.030303	0.0	0.0	0.0434783	0.0	0.0789474	0.0	0.0	0.0	0.0015	0.0	0.0	0.0	0.0	0.0	0.0	0.0	0.0204082	
Dunlin (<em class="sci">Calidris alpina</em>)	0.212766	0.2222222	0.0714286	0.0	0.0	0.0	0.0	0.0	0.0	0.0	0.0	0.0	0.0015	0.0	0.0015	0.0	0.0015	0.0	0.0	0.0	0.0	0.0	0.0	0.0	0.0	0.0	0.0	0.0	0.0	0.0	0.0	0.0015	0.0015	0.0	0.0	0.0263158	0.0	0.0	0.0015	0.0015	0.125	0.0015	0.0015	0.0015	0.0	0.0714286	0.0015	0.1428571	
Baird's Sandpiper (<em class="sci">Calidris bairdii</em>)	0.0	0.0	0.0	0.0	0.0	0.0	0.0	0.0	0.0	0.0	0.0	0.0	0.0	0.0	0.0	0.0	0.0	0.0	0.0	0.0	0.0	0.0	0.0	0.0	0.0	0.0	0.0	0.0	0.0	0.0	0.030303	0.0	0.0666667	0.0	0.0	0.0	0.0	0.0	0.0	0.0	0.0	0.0	0.0	0.0	0.0	0.0	0.0	0.0	
Least Sandpiper (<em class="sci">Calidris minutilla</em>)	0.0851064	0.0	0.0714286	0.1	0.0384615	0.0	0.0	0.0	0.0	0.0588235	0.0555556	0.0015	0.0588235	0.25	0.0833333	0.047619	0.1428571	0.175	0.0588235	0.0645161	0.0	0.0833333	0.0015	0.0769231	0.0015	0.3076923	0.6774194	0.775	0.6818182	0.5588235	0.5454545	0.575	0.3333333	0.3478261	0.3703704	0.3157895	0.1071429	0.1363636	0.12	0.1290323	0.0625	0.0810811	0.0015	0.0015	0.0	0.0714286	0.0	0.0204082	
White-rumped Sandpiper (<em class="sci">Calidris fuscicollis</em>)	0.0	0.0	0.0	0.0	0.0	0.0	0.0	0.0	0.0	0.0	0.0	0.0	0.0	0.0	0.0	0.0	0.0	0.0015	0.0	0.0	0.0	0.25	0.0015	0.0	0.0	0.0	0.0	0.025	0.0	0.0015	0.1818182	0.4	0.4	0.4347826	0.2962963	0.3684211	0.1428571	0.0909091	0.2	0.0322581	0.125	0.0810811	0.030303	0.0882353	0.0	0.0	0.0	0.0	
Pectoral Sandpiper (<em class="sci">Calidris melanotos</em>)	0.0	0.0	0.0	0.0	0.0	0.0	0.0	0.0	0.0	0.0	0.0	0.0	0.0015	0.0	0.0015	0.0	0.0	0.025	0.0015	0.0967742	0.0	0.0	0.0	0.0	0.0	0.0015	0.0015	0.1	0.0909091	0.0882353	0.1212121	0.325	0.2	0.2608696	0.2222222	0.2105263	0.1428571	0.0015	0.0015	0.2258065	0.03125	0.027027	0.0015	0.0015	0.0015	0.0	0.0015	0.0	
Semipalmated Sandpiper (<em class="sci">Calidris pusilla</em>)	0.0	0.0015	0.0	0.0	0.0	0.0	0.0	0.0	0.0	0.0	0.0	0.0	0.0	0.0	0.0	0.0952381	0.0015	0.325	0.2352941	0.1612903	0.1428571	0.25	0.0666667	0.0015	0.0015	0.0015	0.1935484	0.475	0.5454545	0.8235294	0.8181818	0.75	0.8444444	0.6956522	0.8148148	0.7105263	0.3571429	0.0909091	0.32	0.1612903	0.25	0.0540541	0.0015	0.0	0.0	0.0015	0.0	0.0	
Western Sandpiper (<em class="sci">Calidris mauri</em>)	0.0	0.2222222	0.0	0.0	0.0384615	0.0	0.0	0.0	0.0	0.0	0.0	0.0	0.0	0.0	0.0	0.0	0.0	0.0	0.0	0.0	0.0	0.0	0.0	0.0	0.0	0.0	0.0015	0.05	0.0015	0.1176471	0.030303	0.025	0.0444444	0.2608696	0.1481481	0.1842105	0.0015	0.0015	0.0015	0.0	0.0	0.0	0.0	0.0	0.0	0.0	0.0	0.0	
peep sp. (<em class="sci">Calidris sp. (peep sp.)</em>)	0.0	0.0	0.0	0.0	0.0	0.0	0.0	0.0	0.0	0.0	0.0	0.0	0.0	0.0	0.0	0.0	0.0	0.0	0.0	0.0	0.0	0.0	0.0	0.0	0.0	0.0	0.0	0.0015	0.0	0.0	0.0	0.0	0.0015	0.0	0.0	0.0	0.0	0.0	0.0	0.0	0.0	0.0	0.0	0.0	0.0	0.0	0.0	0.0	
Short-billed Dowitcher (<em class="sci">Limnodromus griseus</em>)	0.0015	0.0015	0.0	0.0015	0.0015	0.0	0.0015	0.0	0.0	0.0	0.0	0.025641	0.0015	0.05	0.1666667	0.1904762	0.2571429	0.25	0.1176471	0.0645161	0.0015	0.0015	0.0	0.0015	0.0	0.0	0.0015	0.175	0.1818182	0.2352941	0.3333333	0.35	0.4222222	0.3043478	0.1481481	0.2631579	0.1071429	0.0454545	0.0	0.0015	0.0015	0.0015	0.0015	0.0015	0.0015	0.0015	0.0015	0.0015	
Long-billed Dowitcher (<em class="sci">Limnodromus scolopaceus</em>)	0.0	0.0	0.0	0.0	0.0015	0.0	0.0015	0.0015	0.0	0.0	0.0	0.0015	0.0015	0.0015	0.0015	0.0015	0.0	0.0	0.0	0.0015	0.0	0.0015	0.0015	0.0015	0.0015	0.0	0.0	0.0	0.0015	0.0015	0.0015	0.025	0.0015	0.0	0.0	0.0015	0.0015	0.0	0.08	0.0322581	0.0	0.0	0.0	0.0	0.0	0.0	0.0	0.0	
Short-billed/Long-billed Dowitcher (<em class="sci">Limnodromus griseus/scolopaceus</em>)	0.0	0.0	0.0	0.0	0.0	0.0	0.0	0.0	0.0	0.0	0.0	0.0	0.0	0.0	0.0	0.0	0.0	0.0	0.0	0.0	0.0	0.0	0.0	0.0	0.0	0.0	0.0	0.0	0.0015	0.0	0.0	0.0	0.0	0.0	0.0	0.0	0.0	0.0	0.0	0.0015	0.0015	0.0	0.0015	0.0015	0.0	0.0	0.0	0.0	
Wilson's Snipe (<em class="sci">Gallinago delicata</em>)	0.1489362	0.2592593	0.0714286	0.05	0.1153846	0.0869565	0.037037	0.0571429	0.0555556	0.0882353	0.1111111	0.0512821	0.0588235	0.1	0.0833333	0.0015	0.0	0.0	0.0	0.0	0.0	0.0	0.0	0.0	0.0	0.0	0.0	0.0	0.0015	0.0015	0.0015	0.0015	0.0015	0.0434783	0.037037	0.0526316	0.0357143	0.0015	0.04	0.0322581	0.03125	0.0540541	0.0606061	0.0294118	0.1111111	0.1428571	0.0015	0.0612245	
Wilson's Phalarope (<em class="sci">Phalaropus tricolor</em>)	0.0	0.0	0.0	0.0	0.0	0.0	0.0	0.0	0.0	0.0	0.0	0.0	0.0	0.0	0.0015	0.0	0.0	0.025	0.0015	0.1290323	0.0015	0.0015	0.0	0.0	0.0	0.0	0.0322581	0.0	0.0015	0.0882353	0.0015	0.125	0.2	0.0869565	0.037037	0.1315789	0.0714286	0.0909091	0.08	0.0	0.0	0.0	0.0	0.0	0.0	0.0	0.0	0.0	
Red-necked Phalarope (<em class="sci">Phalaropus lobatus</em>)	0.0	0.0	0.0	0.0	0.0	0.0	0.0	0.0	0.0	0.0	0.0	0.0	0.0	0.0	0.0	0.0	0.0015	0.0	0.0	0.0	0.0	0.0	0.0	0.0	0.0	0.0	0.0	0.0	0.0	0.0	0.0	0.0	0.0	0.0	0.0	0.0	0.0	0.0	0.0	0.0	0.0	0.0	0.0	0.0588235	0.0	0.0	0.0	0.0	
Red Phalarope (<em class="sci">Phalaropus fulicarius</em>)	0.0	0.0	0.0	0.0	0.0	0.0	0.0	0.0	0.0	0.0	0.0	0.0	0.0	0.0	0.0	0.0015	0.0	0.0	0.0	0.0	0.0	0.0	0.0	0.0	0.0	0.0	0.0	0.0	0.0	0.0	0.0	0.0	0.0015	0.0015	0.0	0.0	0.0	0.0	0.0	0.0	0.0	0.0	0.0	0.0	0.0	0.0	0.0	0.0	
Spotted Sandpiper (<em class="sci">Actitis macularius</em>)	0.2340426	0.2592593	0.0714286	0.0015	0.0384615	0.1304348	0.1481481	0.1142857	0.1388889	0.2352941	0.1666667	0.1282051	0.1470588	0.5	0.125	0.1904762	0.1428571	0.1	0.0015	0.0645161	0.0015	0.25	0.0666667	0.0015	0.1333333	0.4615385	0.7096774	0.825	0.6818182	0.7352941	0.6060606	0.725	0.5333333	0.5652174	0.2222222	0.5	0.25	0.1363636	0.28	0.1290323	0.4375	0.2972973	0.3939394	0.2058824	0.3888889	0.2857143	0.0769231	0.1428571	
Solitary Sandpiper (<em class="sci">Tringa solitaria</em>)	0.0	0.0	0.0	0.0	0.0	0.0	0.0	0.0	0.0	0.0	0.0	0.0	0.0015	0.0015	0.0015	0.1428571	0.1428571	0.225	0.0588235	0.0322581	0.0	0.0015	0.0	0.0	0.0	0.0015	0.0322581	0.175	0.3636364	0.5294118	0.3939394	0.325	0.3111111	0.0015	0.2592593	0.0789474	0.0714286	0.0909091	0.12	0.0645161	0.0625	0.0540541	0.0	0.0	0.0	0.0	0.0	0.0	
Greater Yellowlegs (<em class="sci">Tringa melanoleuca</em>)	0.3829787	0.4444444	0.3214286	0.3	0.4230769	0.4347826	0.5555556	0.3428571	0.4166667	0.5588235	0.5555556	0.3589744	0.5882353	0.5	0.5833333	0.4285714	0.5428571	0.475	0.2941176	0.1935484	0.1428571	0.0833333	0.0015	0.0015	0.0	0.0015	0.0322581	0.2	0.3636364	0.6764706	0.5151515	0.75	0.4666667	0.4782609	0.6296296	0.5789474	0.5714286	0.2272727	0.48	0.483871	0.5625	0.4594595	0.1818182	0.2647059	0.4444444	0.2142857	0.3076923	0.3877551	
Common Greenshank (<em class="sci">Tringa nebularia</em>)	0.0	0.0	0.0	0.0	0.0	0.0	0.0	0.0	0.0	0.0	0.0	0.0	0.0	0.0	0.0	0.0	0.0	0.0	0.0	0.0322581	0.0	0.0	0.0	0.0	0.0	0.0	0.0	0.0	0.0	0.0	0.0	0.0	0.0	0.0	0.0	0.0	0.0	0.0	0.0	0.0	0.0	0.0	0.0	0.0	0.0	0.0	0.0	0.0	
Willet (<em class="sci">Tringa semipalmata</em>)	0.0	0.0	0.0	0.0	0.0	0.0	0.0	0.0	0.0	0.0	0.0	0.0	0.0	0.0	0.0	0.047619	0.0	0.0	0.0	0.0	0.0	0.0	0.0	0.0	0.0	0.1538462	0.0645161	0.1	0.3181818	0.1764706	0.0909091	0.25	0.0888889	0.0015	0.0015	0.0015	0.0015	0.0	0.0	0.0	0.0	0.0	0.0	0.0	0.0	0.0	0.0	0.0	
Lesser Yellowlegs (<em class="sci">Tringa flavipes</em>)	0.4893617	0.4814815	0.3214286	0.25	0.3461538	0.2608696	0.3333333	0.2285714	0.3888889	0.2941176	0.4444444	0.3589744	0.5294118	0.55	0.4583333	0.4761905	0.5428571	0.375	0.2941176	0.0322581	0.0015	0.0015	0.0	0.0015	0.0015	0.6153846	0.7741935	0.825	0.7272727	0.8529412	0.8787879	0.8	0.8444444	0.8695652	0.8148148	0.8684211	0.8571429	0.5454545	0.72	0.9032258	0.5625	0.6486486	0.3939394	0.3823529	0.5	0.5	0.5384615	0.3877551	
Greater/Lesser Yellowlegs (<em class="sci">Tringa melanoleuca/flavipes</em>)	0.0	0.0	0.0	0.0015	0.0	0.0015	0.0	0.0015	0.0	0.0	0.0015	0.0	0.0	0.0	0.0	0.0015	0.0015	0.0015	0.0	0.0	0.0	0.0	0.0	0.0	0.0	0.0	0.0	0.0	0.0	0.0	0.0015	0.0	0.0	0.0	0.0	0.0	0.0	0.0015	0.0	0.0015	0.0	0.0015	0.0015	0.0	0.0	0.0	0.0	0.0015	
Wood Sandpiper (<em class="sci">Tringa glareola</em>)	0.0	0.0	0.0	0.0	0.0	0.0	0.0	0.0	0.0	0.0	0.0	0.0	0.0	0.0	0.0	0.0	0.0	0.0015	0.0	0.0	0.0	0.0	0.0	0.0	0.0	0.0	0.0	0.0	0.0	0.0	0.0	0.0	0.0	0.0	0.0	0.0	0.0	0.0	0.0	0.0	0.0	0.0	0.0	0.0	0.0	0.0	0.0	0.0	
shorebird sp. (<em class="sci">Charadriiformes sp.</em>)	0.0	0.0	0.0	0.0	0.0	0.0	0.0	0.0	0.0	0.0	0.0	0.0	0.0	0.0	0.0	0.0	0.0	0.0	0.0	0.0	0.0	0.0	0.0	0.0	0.0	0.0	0.0	0.0	0.0015	0.0	0.0	0.0015	0.0	0.0	0.0	0.0	0.0	0.0	0.0	0.0	0.0	0.0	0.0	0.0	0.0	0.0	0.0	0.0	
Bonaparte's Gull (<em class="sci">Chroicocephalus philadelphia</em>)	0.0638298	0.2962963	0.0714286	0.05	0.0384615	0.0869565	0.037037	0.0285714	0.0555556	0.2058824	0.2777778	0.2051282	0.0294118	0.1	0.0416667	0.0952381	0.0	0.0	0.0	0.0	0.0	0.0	0.0	0.0	0.0	0.0	0.0	0.0	0.0	0.0	0.0	0.0	0.0	0.0	0.0	0.0	0.0	0.0	0.0	0.0	0.0	0.027027	0.0	0.0	0.0	0.0	0.0	0.0015	
Black-headed Gull (<em class="sci">Chroicocephalus ridibundus</em>)	0.1702128	0.037037	0.0357143	0.05	0.0	0.0434783	0.2222222	0.0571429	0.0833333	0.1176471	0.0555556	0.025641	0.0	0.0	0.0	0.0	0.0	0.0	0.0	0.0	0.0	0.0	0.0	0.0	0.0	0.0	0.0	0.0	0.0	0.0	0.0	0.0	0.0	0.0	0.0	0.0	0.0	0.0	0.0	0.0	0.0	0.0015	0.0015	0.0015	0.2777778	0.1428571	0.0015	0.1428571	
Laughing Gull (<em class="sci">Leucophaeus atricilla</em>)	0.0	0.0	0.0	0.0	0.0	0.0	0.0	0.0	0.0	0.0	0.0	0.0	0.0	0.0	0.0	0.0	0.0285714	0.175	0.0	0.0	0.0	0.0	0.0666667	0.0015	0.0	0.0	0.0	0.0	0.0	0.0	0.0	0.0	0.0	0.0	0.0	0.0	0.0	0.0	0.0	0.0015	0.0	0.0	0.0015	0.0	0.0	0.0	0.0	0.0	
Ring-billed Gull (<em class="sci">Larus delawarensis</em>)	0.0212766	0.037037	0.0	0.0	0.0384615	0.0015	0.037037	0.0857143	0.0555556	0.0	0.0	0.0	0.0294118	0.05	0.0416667	0.0	0.0	0.0	0.0	0.0	0.0015	0.0	0.0	0.0	0.0	0.0	0.0	0.0	0.0	0.0	0.0	0.0	0.0	0.0	0.037037	0.0	0.0357143	0.0	0.0015	0.0322581	0.09375	0.0	0.0	0.0588235	0.1111111	0.0015	0.0769231	0.0408163	
Herring Gull (<em class="sci">Larus argentatus</em>)	0.0212766	0.1481481	0.0714286	0.15	0.0015	0.0434783	0.0740741	0.0857143	0.1944444	0.1470588	0.0555556	0.0512821	0.0	0.0015	0.0	0.047619	0.0015	0.0	0.0	0.0	0.0	0.0	0.0	0.0	0.0	0.0	0.0	0.0	0.0	0.0	0.0	0.0	0.0	0.0	0.0015	0.0	0.0	0.0454545	0.0	0.0322581	0.03125	0.0	0.0606061	0.0588235	0.0555556	0.1428571	0.0015	0.0408163	
Iceland Gull (<em class="sci">Larus glaucoides</em>)	0.0	0.0	0.0	0.0	0.0	0.0	0.0	0.0	0.0015	0.0	0.0	0.0	0.0	0.0	0.0	0.0	0.0	0.0	0.0	0.0	0.0	0.0	0.0	0.0	0.0	0.0	0.0	0.0	0.0	0.0	0.0	0.0	0.0	0.0	0.0	0.0	0.0	0.0	0.0	0.0	0.0	0.0	0.0	0.0	0.0	0.0	0.0	0.0	
Lesser Black-backed Gull (<em class="sci">Larus fuscus</em>)	0.0851064	0.2222222	0.0357143	0.2	0.1538462	0.1304348	0.1111111	0.1714286	0.25	0.0882353	0.1111111	0.1538462	0.1764706	0.1	0.0015	0.0	0.0	0.0	0.0	0.0	0.0	0.0	0.0	0.0	0.0	0.1538462	0.1612903	0.075	0.0454545	0.0588235	0.1515152	0.0	0.0	0.0	0.0015	0.0263158	0.0714286	0.0	0.04	0.0645161	0.1875	0.027027	0.1515152	0.0294118	0.1666667	0.0714286	0.0769231	0.0612245	
Great Black-backed Gull (<em class="sci">Larus marinus</em>)	0.0425532	0.037037	0.0	0.05	0.0015	0.0434783	0.0015	0.0015	0.0555556	0.0	0.0	0.0769231	0.0294118	0.0	0.0	0.0	0.0285714	0.0	0.0	0.0	0.0	0.0	0.0	0.0	0.0	0.0	0.0	0.0	0.0	0.0	0.0	0.0	0.0	0.0	0.0015	0.0	0.0	0.0	0.0015	0.0322581	0.0625	0.0015	0.030303	0.0015	0.0	0.0015	0.0	0.0408163	
Least Tern (<em class="sci">Sternula antillarum</em>)	0.0	0.0	0.0	0.0	0.0	0.0	0.0	0.0	0.0	0.0	0.0	0.0	0.0	0.0	0.0	0.0	0.0	0.0	0.0	0.0	0.0	0.0	0.0	0.0	0.0	0.0	0.0	0.0	0.0	0.0	0.0	0.0	0.0	0.0015	0.0	0.0	0.0	0.0	0.0	0.0	0.0	0.0	0.0	0.0	0.0	0.0	0.0	0.0	
Large-billed Tern (<em class="sci">Phaetusa simplex</em>)	0.0	0.0	0.0	0.0	0.0	0.0	0.0	0.0	0.0	0.0	0.0	0.0	0.0	0.0	0.0	0.0	0.0	0.0	0.0	0.0	0.0	0.0015	0.0	0.0	0.0	0.0	0.0	0.0	0.0	0.0	0.0	0.0	0.0	0.0	0.0	0.0	0.0	0.0	0.0	0.0	0.0	0.0	0.0	0.0	0.0	0.0	0.0	0.0	
Gull-billed Tern (<em class="sci">Gelochelidon nilotica</em>)	0.0	0.0	0.0	0.0	0.0	0.0	0.0	0.0	0.0	0.0	0.0	0.0	0.0	0.0	0.0	0.0	0.0015	0.2	0.0	0.0015	0.0015	0.0	0.0	0.0	0.0	0.0	0.0	0.025	0.0	0.0	0.0	0.0015	0.1111111	0.173913	0.0	0.0	0.0	0.0	0.0	0.0	0.0	0.0	0.0	0.0	0.0	0.0	0.0	0.0	
Black Tern (<em class="sci">Chlidonias niger</em>)	0.0	0.0	0.0	0.0	0.0	0.0	0.0	0.0	0.0	0.0	0.0	0.0	0.0	0.0	0.0	0.0	0.0	0.0	0.0	0.0	0.0	0.0	0.0	0.0	0.0	0.0	0.0	0.0015	0.0	0.0	0.030303	0.0015	0.0015	0.0015	0.0015	0.0015	0.0015	0.0	0.0	0.0	0.0	0.0	0.0	0.0	0.0	0.0	0.0	0.0	
Common Tern (<em class="sci">Sterna hirundo</em>)	0.0	0.0	0.0	0.0	0.0	0.0	0.0	0.0	0.0	0.0	0.0	0.0015	0.0	0.0015	0.0	0.0	0.0285714	0.0015	0.0588235	0.0	0.0	0.0833333	0.0666667	0.0015	0.0666667	0.0015	0.0015	0.0	0.1363636	0.0294118	0.0606061	0.0015	0.0015	0.0	0.0	0.0	0.0357143	0.0	0.0	0.0322581	0.03125	0.0	0.0	0.0588235	0.0	0.0	0.0	0.0	
Arctic Tern (<em class="sci">Sterna paradisaea</em>)	0.0	0.0	0.0	0.0	0.0	0.0	0.0	0.0	0.0	0.0	0.0	0.0	0.0	0.0	0.0	0.0	0.0	0.0	0.0015	0.0	0.0	0.0	0.0	0.0	0.0	0.0	0.0	0.0	0.0	0.0	0.0	0.0	0.0	0.0	0.0	0.0	0.0	0.0	0.0	0.0	0.0	0.0	0.0	0.0	0.0	0.0	0.0	0.0	
Forster's Tern (<em class="sci">Sterna forsteri</em>)	0.0	0.0	0.0	0.0	0.0	0.0434783	0.037037	0.0	0.0	0.0	0.0	0.0	0.0	0.0	0.0	0.0	0.0	0.0	0.0	0.0	0.0	0.0	0.0	0.0	0.0	0.0	0.0	0.0	0.0	0.0	0.0	0.0	0.0	0.0	0.0	0.0	0.0	0.0	0.0	0.0	0.0	0.0	0.0	0.0	0.0	0.0	0.0	0.0	
Royal Tern (<em class="sci">Thalasseus maximus</em>)	0.0	0.0	0.0	0.0	0.0	0.0	0.0	0.0	0.0	0.0	0.0	0.0	0.0	0.0	0.0	0.0	0.0	0.0	0.0	0.0	0.0	0.0015	0.0	0.0	0.0	0.0	0.0	0.0	0.0	0.0	0.0	0.0	0.0	0.0	0.0	0.0	0.0	0.0	0.0	0.0	0.0	0.0	0.0	0.0	0.0	0.0	0.0	0.0	
White-tailed Tropicbird (<em class="sci">Phaethon lepturus</em>)	0.0	0.0	0.0	0.0	0.0	0.1304348	0.4074074	0.2857143	0.4444444	0.3235294	0.5	0.5641026	0.5	0.6	0.5833333	0.5238095	0.5142857	0.475	0.6470588	0.5806452	0.7142857	0.6666667	0.8666667	0.6923077	0.6666667	0.7692308	0.7096774	0.525	0.8636364	0.6470588	0.6060606	0.325	0.2666667	0.0869565	0.037037	0.0263158	0.1071429	0.0015	0.04	0.0015	0.0	0.0	0.0015	0.0	0.0	0.0	0.0	0.0	
Trindade Petrel (<em class="sci">Pterodroma arminjoniana</em>)	0.0	0.0	0.0	0.0	0.0	0.0	0.0	0.0	0.0	0.0	0.0	0.0	0.0	0.0	0.0	0.0	0.0	0.025	0.0	0.0	0.0	0.0	0.0	0.0	0.0015	0.0	0.0	0.0	0.0	0.0	0.0	0.0	0.0	0.0	0.0	0.0	0.0	0.0	0.0	0.0	0.0	0.0	0.0	0.0	0.0	0.0	0.0	0.0	
Cory's Shearwater (<em class="sci">Calonectris diomedea</em>)	0.0	0.0	0.0	0.0	0.0	0.0	0.0	0.0	0.0277778	0.0	0.0	0.025641	0.0	0.05	0.0	0.0	0.0	0.0	0.0	0.0322581	0.0714286	0.0	0.0	0.0	0.0	0.0	0.0322581	0.0	0.0	0.0	0.0	0.0	0.0	0.0	0.0	0.0	0.0	0.0	0.0	0.0	0.0	0.0	0.0	0.0	0.0	0.0	0.0	0.0	
Great Shearwater (<em class="sci">Ardenna gravis</em>)	0.0	0.0	0.0	0.0	0.0	0.0	0.0	0.0	0.0	0.0	0.0	0.0	0.0	0.0	0.0	0.0	0.0	0.0	0.0	0.0645161	0.0714286	0.0	0.0	0.0	0.0	0.0	0.0	0.0	0.0	0.0	0.0	0.0	0.0	0.0	0.0	0.0	0.0	0.0	0.0	0.0	0.0	0.0	0.0	0.0	0.0	0.0	0.0	0.0	
Sooty Shearwater (<em class="sci">Ardenna grisea</em>)	0.0	0.0	0.0	0.0	0.0	0.0	0.0	0.0	0.0	0.0	0.0	0.0	0.0	0.0	0.0	0.0	0.0	0.0	0.0	0.0322581	0.0	0.0	0.0	0.0	0.0	0.0	0.0	0.0	0.0	0.0	0.0	0.0	0.0	0.0	0.0	0.0	0.0	0.0	0.0	0.0	0.0	0.0	0.0	0.0	0.0	0.0	0.0	0.0	
Manx Shearwater (<em class="sci">Puffinus puffinus</em>)	0.0	0.0	0.0	0.0	0.0	0.0015	0.0	0.0285714	0.0277778	0.0	0.0	0.025641	0.0	0.05	0.0	0.0	0.0	0.0	0.0	0.0015	0.0	0.0	0.0	0.0	0.0	0.0	0.0	0.0	0.0	0.0	0.0	0.0	0.0	0.0	0.0	0.0	0.0	0.0	0.0	0.0	0.0	0.0	0.0	0.0	0.0	0.0	0.0	0.0	
Audubon's Shearwater (<em class="sci">Puffinus lherminieri</em>)	0.0	0.0	0.0	0.0	0.0	0.0015	0.0015	0.0015	0.0	0.0015	0.0015	0.0015	0.0	0.0015	0.0015	0.0015	0.0015	0.0015	0.0015	0.0015	0.0015	0.0015	0.0015	0.0	0.0015	0.0015	0.0015	0.0015	0.0	0.0	0.0	0.0	0.0	0.0	0.0	0.0	0.0	0.0	0.0	0.0	0.0	0.0	0.0	0.0	0.0	0.0	0.0015	0.0015	
shearwater sp. (<em class="sci">Procellariidae sp. (shearwater sp.)</em>)	0.0	0.0	0.0	0.0	0.0	0.0	0.0	0.0	0.0	0.0	0.0	0.0	0.0	0.0	0.0	0.0	0.0	0.0	0.0	0.0322581	0.0	0.0	0.0	0.0	0.0	0.0	0.0	0.0	0.0	0.0	0.0	0.0	0.0	0.0	0.0	0.0	0.0	0.0	0.0	0.0	0.0	0.0	0.0	0.0	0.0	0.0	0.0	0.0	
Northern Gannet (<em class="sci">Morus bassanus</em>)	0.0	0.0	0.0	0.0	0.0	0.0	0.0	0.0	0.0	0.0015	0.0	0.0	0.0	0.0	0.0	0.0015	0.0	0.0	0.0	0.0	0.0	0.0	0.0	0.0	0.0	0.0	0.0	0.0	0.0	0.0	0.0	0.0	0.0	0.0	0.0	0.0	0.0	0.0	0.0	0.0	0.0	0.0	0.0	0.0	0.0	0.0	0.0	0.0	
Double-crested Cormorant (<em class="sci">Phalacrocorax auritus</em>)	0.0	0.0	0.0	0.0	0.0	0.0	0.0	0.0285714	0.0	0.0	0.0	0.025641	0.0	0.0	0.0	0.0	0.0	0.0	0.0	0.0	0.0	0.0	0.0	0.0	0.0	0.0	0.0	0.0	0.0	0.0	0.0	0.0	0.0	0.0	0.0	0.0	0.0357143	0.0015	0.0	0.0645161	0.0	0.0810811	0.1212121	0.0588235	0.0	0.0	0.0	0.0204082	
American White Pelican (<em class="sci">Pelecanus erythrorhynchos</em>)	0.0	0.0	0.0	0.0	0.0	0.0	0.0	0.0	0.0	0.0	0.0	0.0	0.0	0.0	0.0	0.0	0.0	0.025	0.0	0.0	0.0	0.0	0.0	0.0	0.0	0.0	0.0	0.0	0.0	0.0	0.0	0.0	0.0	0.0	0.0	0.0	0.0	0.0	0.0	0.0	0.0	0.0	0.0	0.0	0.0	0.0	0.0	0.0	
American Bittern (<em class="sci">Botaurus lentiginosus</em>)	0.0212766	0.0	0.0	0.0	0.0	0.0	0.0	0.0	0.0	0.0015	0.0	0.0015	0.0	0.0	0.0	0.0	0.0	0.0	0.0	0.0	0.0	0.0	0.0	0.0	0.0	0.0	0.0	0.0	0.0	0.0	0.0	0.0	0.0	0.0	0.0	0.0	0.0015	0.0015	0.0015	0.0	0.0015	0.0810811	0.0	0.0	0.0	0.0	0.0	0.0	
Least Bittern (<em class="sci">Ixobrychus exilis</em>)	0.0	0.0	0.0	0.0	0.0	0.0	0.0	0.0	0.0	0.0	0.0	0.0	0.0015	0.0	0.0416667	0.0	0.0	0.025	0.0	0.0	0.0	0.0	0.0	0.0	0.0	0.0	0.0015	0.0	0.0454545	0.0588235	0.0	0.0	0.0444444	0.0869565	0.0015	0.0	0.0714286	0.0	0.0015	0.0322581	0.0	0.0	0.0	0.0	0.0	0.0015	0.0	0.0	
Great Blue Heron (<em class="sci">Ardea herodias</em>)	0.3829787	0.3333333	0.2857143	0.4	0.3461538	0.5217391	0.1481481	0.1142857	0.1666667	0.3529412	0.2222222	0.3333333	0.2941176	0.25	0.25	0.1904762	0.3428571	0.1	0.1764706	0.2258065	0.2142857	0.0833333	0.2666667	0.0769231	0.1333333	0.0015	0.0322581	0.05	0.2727273	0.1764706	0.0909091	0.025	0.0222222	0.0434783	0.037037	0.0789474	0.1785714	0.1363636	0.24	0.2580645	0.15625	0.3243243	0.4545455	0.2647059	0.3333333	0.4285714	0.2307692	0.3877551	
Gray Heron (<em class="sci">Ardea cinerea</em>)	0.0	0.0	0.0	0.0	0.0	0.0	0.0	0.0	0.0	0.0	0.0	0.0	0.0	0.0	0.0	0.0015	0.0015	0.0015	0.0	0.0015	0.0	0.0	0.0	0.0	0.0	0.0	0.0	0.0	0.0	0.0	0.0	0.0	0.0	0.0	0.0	0.0	0.0	0.0	0.0	0.0	0.0	0.0	0.0	0.0	0.0	0.0	0.0	0.0	
Great Egret (<em class="sci">Ardea alba</em>)	0.7021277	0.6666667	0.6428571	0.65	0.6153846	0.9130435	0.8518519	0.6857143	0.6944444	0.6176471	0.7777778	0.8205128	0.8823529	0.8	0.5	0.4761905	0.5428571	0.625	0.3529412	0.3225806	0.4285714	0.1666667	0.4	0.1538462	0.3333333	0.2307692	0.1935484	0.25	0.1818182	0.1176471	0.2121212	0.1	0.1333333	0.3043478	0.1851852	0.1315789	0.2142857	0.1818182	0.4	0.2903226	0.28125	0.3783784	0.6060606	0.5294118	0.5	0.7142857	0.6153846	0.7755102	
Little Egret (<em class="sci">Egretta garzetta</em>)	0.0	0.0	0.0	0.0	0.0384615	0.0015	0.0	0.0	0.0	0.0015	0.0015	0.0	0.0	0.0015	0.0015	0.0	0.0015	0.0	0.0	0.0015	0.0	0.0	0.0	0.0	0.0	0.0	0.0	0.0	0.0	0.0	0.0	0.0	0.0	0.0	0.0	0.0	0.0357143	0.0454545	0.04	0.0	0.0	0.0	0.0	0.0	0.0	0.0015	0.0	0.0	
Snowy Egret (<em class="sci">Egretta thula</em>)	0.5957447	0.5555556	0.5	0.5	0.6923077	0.7391304	0.5925926	0.6	0.6666667	0.6176471	0.5555556	0.6153846	0.5882353	0.55	0.75	0.7142857	0.4285714	0.6	0.0588235	0.0967742	0.0714286	0.0015	0.2	0.0769231	0.2	0.0015	0.0645161	0.15	0.2272727	0.2352941	0.1212121	0.25	0.2	0.173913	0.0740741	0.2631579	0.4642857	0.1363636	0.32	0.3548387	0.25	0.2972973	0.3030303	0.3823529	0.3333333	0.5714286	0.2307692	0.4693878	
Little Blue Heron (<em class="sci">Egretta caerulea</em>)	0.8510638	0.8148148	0.8214286	0.75	0.7307692	0.826087	0.7037037	0.8	0.8333333	0.7647059	0.7777778	0.8974359	0.7941176	0.75	0.6666667	0.6190476	0.5142857	0.45	0.2352941	0.2903226	0.2142857	0.25	0.4666667	0.0769231	0.0666667	0.2307692	0.2258065	0.15	0.4545455	0.3235294	0.2424242	0.275	0.2444444	0.5217391	0.3333333	0.3947368	0.6428571	0.6818182	0.72	0.7419355	0.65625	0.8378378	0.7878788	0.7058824	0.9444444	0.7142857	0.6923077	0.877551	
Tricolored Heron (<em class="sci">Egretta tricolor</em>)	0.4255319	0.4444444	0.3928571	0.35	0.3461538	0.3043478	0.4074074	0.3142857	0.25	0.5	0.3333333	0.3846154	0.4705882	0.65	0.5	0.2380952	0.0857143	0.225	0.0015	0.0645161	0.0015	0.0015	0.0015	0.0769231	0.0015	0.0015	0.0015	0.025	0.0454545	0.2352941	0.0606061	0.075	0.1333333	0.2608696	0.1111111	0.1578947	0.4285714	0.1363636	0.44	0.0967742	0.21875	0.2702703	0.3030303	0.1176471	0.2222222	0.2857143	0.0015	0.3061224	
Cattle Egret (<em class="sci">Bubulcus ibis</em>)	0.1702128	0.3333333	0.1785714	0.2	0.2692308	0.2173913	0.1851852	0.1714286	0.1388889	0.0882353	0.3888889	0.2051282	0.2647059	0.1	0.0416667	0.0952381	0.1428571	0.075	0.0015	0.0322581	0.1428571	0.1666667	0.1333333	0.0	0.0666667	0.0	0.0	0.0	0.0	0.0	0.0	0.0	0.0	0.0	0.037037	0.0015	0.0	0.0454545	0.08	0.0015	0.0625	0.0540541	0.1212121	0.0294118	0.0555556	0.0714286	0.0015	0.0816327	
white egret sp. (<em class="sci">Ardea/Egretta/Bubulcus sp.</em>)	0.0	0.0	0.0015	0.0015	0.0	0.0015	0.0	0.0015	0.0015	0.0015	0.0015	0.0	0.0	0.0015	0.0	0.0	0.0015	0.0015	0.0	0.0	0.0015	0.0	0.0	0.0015	0.0	0.0	0.0015	0.0	0.0	0.0	0.0	0.0	0.0	0.0	0.0	0.0	0.0	0.0015	0.0	0.0	0.0015	0.0	0.0015	0.0015	0.0015	0.0015	0.0	0.0015	
Green Heron (<em class="sci">Butorides virescens</em>)	0.6808511	0.7407407	0.6785714	0.65	0.6923077	0.6086957	0.5555556	0.6857143	0.7777778	0.5294118	0.6111111	0.6923077	0.5588235	0.6	0.4583333	0.7619048	0.5714286	0.475	0.3529412	0.4193548	0.2142857	0.5833333	0.5333333	0.3846154	0.4	0.8461538	0.5806452	0.475	0.6363636	0.5	0.5151515	0.425	0.6222222	0.4782609	0.4444444	0.4210526	0.5357143	0.4545455	0.68	0.516129	0.53125	0.5945946	0.5454545	0.5588235	0.7222222	0.5714286	0.4615385	0.7142857	
Black-crowned Night-Heron (<em class="sci">Nycticorax nycticorax</em>)	0.0212766	0.0015	0.0015	0.05	0.1538462	0.0015	0.0	0.0015	0.0277778	0.0015	0.0015	0.0015	0.0015	0.0015	0.0015	0.0015	0.0285714	0.0015	0.0015	0.0	0.0	0.0	0.0	0.0	0.0	0.0015	0.0	0.0	0.0	0.0	0.0	0.0	0.0	0.0	0.0	0.0	0.0015	0.0	0.04	0.0322581	0.0625	0.0015	0.0015	0.0588235	0.0015	0.0015	0.0015	0.0612245	
Yellow-crowned Night-Heron (<em class="sci">Nyctanassa violacea</em>)	0.7446809	0.6666667	0.6428571	0.9	0.5769231	0.5652174	0.6666667	0.5714286	0.3888889	0.4117647	0.1666667	0.2820513	0.3235294	0.4	0.4583333	0.6666667	0.5714286	0.55	0.5294118	0.3870968	0.6428571	0.75	0.6666667	0.5384615	0.5333333	0.7692308	0.6774194	0.5	0.7272727	0.6176471	0.5151515	0.35	0.5333333	0.4347826	0.2962963	0.5263158	0.6071429	0.4545455	0.6	0.483871	0.71875	0.6756757	0.6060606	0.7941176	0.7777778	0.9285714	0.4615385	0.8163265	
heron sp. (<em class="sci">Ardeidae sp.</em>)	0.0	0.0	0.0015	0.0	0.0	0.0	0.0	0.0	0.0	0.0	0.0015	0.0	0.0	0.0015	0.0	0.0	0.0	0.0	0.0	0.0	0.0	0.0	0.0	0.0	0.0	0.0	0.0	0.0	0.0	0.0	0.0	0.0	0.0	0.0	0.0	0.0	0.0	0.0	0.0	0.0	0.0	0.0	0.0015	0.0	0.0	0.0015	0.0	0.0	
White Ibis (<em class="sci">Eudocimus albus</em>)	0.0425532	0.0015	0.0015	0.05	0.0384615	0.0434783	0.0015	0.0285714	0.0	0.0	0.0	0.0015	0.0294118	0.0015	0.0	0.047619	0.0015	0.025	0.0	0.0	0.0	0.0	0.0	0.0	0.0	0.0	0.0	0.025	0.0	0.0	0.0	0.0	0.0	0.1304348	0.0015	0.0	0.0015	0.0	0.0	0.0	0.03125	0.0	0.0	0.0294118	0.0	0.0015	0.0	0.0204082	
Glossy Ibis (<em class="sci">Plegadis falcinellus</em>)	0.2978723	0.037037	0.2857143	0.1	0.0384615	0.3043478	0.037037	0.1428571	0.1111111	0.1764706	0.2222222	0.1794872	0.1764706	0.05	0.0015	0.2380952	0.1714286	0.55	0.1764706	0.0967742	0.0015	0.0015	0.0666667	0.1538462	0.0666667	0.0	0.1290323	0.0015	0.0015	0.0294118	0.0	0.025	0.0222222	0.0015	0.0015	0.0789474	0.0015	0.0	0.04	0.0967742	0.0015	0.027027	0.030303	0.0882353	0.0555556	0.2142857	0.2307692	0.2244898	
Osprey (<em class="sci">Pandion haliaetus</em>)	0.0212766	0.037037	0.0	0.0	0.0015	0.0	0.037037	0.0285714	0.0277778	0.0015	0.0555556	0.0769231	0.0294118	0.05	0.125	0.0015	0.0571429	0.0015	0.0015	0.0322581	0.0015	0.0	0.0015	0.0	0.0	0.0769231	0.0	0.025	0.0015	0.0	0.0	0.0015	0.0015	0.0	0.037037	0.1052632	0.0714286	0.0015	0.04	0.0015	0.0	0.0015	0.0	0.0015	0.0015	0.0714286	0.0015	0.0204082	
Eurasian Marsh-Harrier (<em class="sci">Circus aeruginosus</em>)	0.0	0.0	0.0	0.0	0.0	0.0	0.0	0.0	0.0	0.0	0.0	0.0	0.0	0.0	0.0	0.0015	0.0	0.0	0.0	0.0	0.0	0.0	0.0	0.0	0.0	0.0	0.0	0.0	0.0	0.0	0.0	0.0	0.0	0.0	0.0	0.0	0.0	0.0	0.0	0.0	0.0	0.0	0.0	0.0	0.0	0.0	0.0	0.0	
Northern Harrier (<em class="sci">Circus hudsonius</em>)	0.0	0.0	0.0	0.0	0.0	0.0	0.0	0.0	0.0	0.0	0.0	0.0	0.0	0.0	0.0416667	0.0015	0.0	0.0	0.0	0.0	0.0	0.0	0.0	0.0	0.0	0.0	0.0	0.0	0.0	0.0	0.0	0.0	0.0	0.0	0.0	0.0	0.0357143	0.0015	0.04	0.0	0.0625	0.0	0.0	0.0	0.0	0.0	0.0	0.0	
Sharp-shinned Hawk (<em class="sci">Accipiter striatus</em>)	0.0015	0.0	0.0	0.0	0.0015	0.0	0.0	0.0015	0.0	0.0	0.0	0.0015	0.0	0.0015	0.0015	0.0	0.0	0.0	0.0	0.0	0.0	0.0	0.0	0.0	0.0	0.0	0.0	0.0	0.0	0.0	0.0	0.0	0.0	0.0	0.0	0.0	0.0	0.0015	0.0	0.0	0.0	0.0	0.0015	0.0	0.0	0.0	0.0	0.0015	
Northern Goshawk (<em class="sci">Accipiter gentilis</em>)	0.0	0.0	0.0	0.0	0.0	0.0015	0.0	0.0	0.0	0.0	0.0	0.0	0.0	0.0015	0.0015	0.0	0.0	0.0	0.0	0.0	0.0	0.0	0.0	0.0	0.0	0.0	0.0	0.0	0.0	0.0	0.0	0.0	0.0	0.0	0.0	0.0	0.0	0.0	0.0	0.0	0.0	0.0	0.0	0.0	0.0	0.0	0.0	0.0	
Bald Eagle (<em class="sci">Haliaeetus leucocephalus</em>)	0.0	0.0	0.0	0.0	0.0	0.0	0.0	0.0	0.0	0.0	0.0	0.0	0.0	0.0	0.0	0.0	0.0	0.0	0.0	0.0	0.0	0.0	0.0	0.0	0.0	0.0	0.0	0.0	0.0	0.0	0.0	0.0	0.0	0.0	0.0	0.0	0.0	0.0	0.0	0.0	0.0	0.0	0.0	0.0	0.0015	0.0	0.0	0.0015	
Barn Owl (<em class="sci">Tyto alba</em>)	0.0015	0.0	0.0	0.0	0.0	0.0	0.0	0.0	0.0	0.0	0.0	0.0	0.0	0.0	0.0	0.0	0.0015	0.0	0.0	0.0015	0.0	0.0	0.0	0.0015	0.0	0.0	0.0	0.0	0.0	0.0	0.0	0.0	0.0	0.0015	0.0	0.0263158	0.0015	0.0	0.0	0.0	0.0	0.0	0.0	0.0	0.0	0.0	0.0	0.0	
Short-eared Owl (<em class="sci">Asio flammeus</em>)	0.0	0.0	0.0	0.0	0.0	0.0	0.0	0.0015	0.0	0.0	0.0	0.0	0.0	0.0	0.0	0.0	0.0	0.0	0.0	0.0	0.0	0.0	0.0	0.0	0.0	0.0	0.0	0.0	0.0	0.0	0.0	0.0	0.0	0.0	0.0	0.0	0.0	0.0	0.0	0.0	0.0	0.0	0.0	0.0015	0.0	0.0	0.0	0.0204082	
Belted Kingfisher (<em class="sci">Megaceryle alcyon</em>)	0.3829787	0.1481481	0.4285714	0.45	0.1538462	0.2608696	0.1851852	0.1428571	0.2222222	0.3235294	0.2777778	0.3076923	0.2941176	0.1	0.0833333	0.0952381	0.0	0.0	0.0	0.0	0.0	0.0	0.0	0.0	0.0015	0.0	0.0015	0.05	0.0909091	0.0882353	0.0015	0.05	0.0444444	0.1304348	0.2962963	0.3684211	0.3928571	0.1818182	0.44	0.4193548	0.40625	0.3513514	0.3939394	0.3235294	0.6111111	0.4285714	0.2307692	0.3061224	
Yellow-bellied Sapsucker (<em class="sci">Sphyrapicus varius</em>)	0.0	0.0	0.0	0.0	0.0	0.0	0.0	0.0285714	0.0	0.0294118	0.0	0.0	0.0015	0.0	0.0	0.0	0.0	0.0	0.0	0.0	0.0	0.0	0.0	0.0	0.0	0.0	0.0	0.0	0.0	0.0	0.0	0.0	0.0	0.0	0.0	0.0	0.0	0.0	0.0	0.0	0.0	0.0	0.0606061	0.0	0.0	0.0	0.0	0.0	
Northern Flicker (<em class="sci">Colaptes auratus</em>)	0.0	0.0	0.0	0.0	0.0	0.0	0.0	0.0	0.0	0.0	0.0	0.0	0.0	0.0	0.0	0.0	0.0	0.0	0.0	0.0	0.0	0.0	0.0	0.0	0.0	0.0	0.0	0.0	0.0	0.0	0.0	0.0	0.0	0.0	0.0	0.0	0.0	0.0	0.0	0.0	0.0015	0.0	0.0	0.0588235	0.0	0.0	0.0	0.0015	
American Kestrel (<em class="sci">Falco sparverius</em>)	0.0015	0.0015	0.0015	0.0	0.0015	0.0015	0.0015	0.0	0.0277778	0.0	0.0555556	0.025641	0.0015	0.0015	0.0	0.0	0.0571429	0.0	0.0	0.0	0.0	0.0	0.0	0.0	0.0	0.0	0.0	0.0	0.0	0.0	0.0	0.0	0.0	0.0	0.0	0.0	0.0015	0.0	0.0	0.0015	0.03125	0.0015	0.0015	0.0015	0.0015	0.0	0.0769231	0.0015	
Merlin (<em class="sci">Falco columbarius</em>)	0.0212766	0.0015	0.0015	0.15	0.1153846	0.0434783	0.1111111	0.0285714	0.0015	0.0588235	0.1111111	0.025641	0.0294118	0.05	0.0015	0.047619	0.0	0.0	0.0588235	0.0	0.0	0.0	0.0	0.0	0.0	0.0	0.0	0.0	0.0	0.0	0.0	0.0	0.0	0.0015	0.1111111	0.0526316	0.1428571	0.1363636	0.08	0.0645161	0.09375	0.027027	0.030303	0.0294118	0.0015	0.0015	0.0015	0.0204082	
Peregrine Falcon (<em class="sci">Falco peregrinus</em>)	0.0	0.0740741	0.0	0.0	0.0	0.0	0.0	0.0	0.0555556	0.0294118	0.0	0.0	0.0	0.05	0.0	0.0	0.0	0.0	0.0	0.0	0.0	0.0	0.0	0.0	0.0	0.0	0.0	0.0	0.0	0.0	0.0	0.0	0.0	0.0	0.0	0.0263158	0.1071429	0.0454545	0.04	0.0645161	0.03125	0.1351351	0.0	0.0294118	0.0	0.0	0.0015	0.0	
Sulphur-crested Cockatoo (<em class="sci">Cacatua galerita</em>)	0.0	0.0	0.0	0.0	0.0	0.0	0.0	0.0	0.0	0.0	0.0	0.0	0.0	0.0	0.0	0.0	0.0	0.0	0.0	0.0	0.0	0.0	0.0	0.0	0.0	0.0	0.0	0.0	0.0	0.0	0.0015	0.0	0.0	0.0	0.0	0.0	0.0	0.0	0.0	0.0	0.0	0.0	0.0	0.0	0.0	0.0	0.0	0.0	
Budgerigar (Domestic type) (<em class="sci">Melopsittacus undulatus (Domestic type)</em>)	0.0	0.0	0.0	0.0	0.0	0.0	0.0	0.0	0.0	0.0	0.0	0.0	0.0	0.0	0.0	0.0	0.0	0.0	0.0	0.0	0.0	0.0	0.0	0.0	0.0	0.0	0.0015	0.0	0.0	0.0	0.0015	0.0	0.0	0.0	0.0	0.0	0.0015	0.0	0.0	0.0	0.0	0.0	0.0	0.0	0.0	0.0	0.0	0.0	
lovebird sp. (<em class="sci">Agapornis sp.</em>)	0.0	0.0	0.0	0.0	0.0	0.0	0.0	0.0	0.0	0.0	0.0	0.0	0.0	0.0	0.0	0.0	0.0	0.0	0.0	0.0015	0.0	0.0	0.0	0.0	0.0	0.0	0.0	0.0	0.0	0.0	0.0	0.0	0.0	0.0	0.0	0.0	0.0	0.0	0.0	0.0	0.0	0.0	0.0	0.0	0.0	0.0	0.0	0.0	
parakeet sp. (<em class="sci">Psittaciformes sp. (parakeet sp.)</em>)	0.0	0.0	0.0	0.0	0.0	0.0	0.0	0.0	0.0	0.0	0.0	0.0	0.0	0.0	0.0	0.0	0.0	0.0	0.0	0.0	0.0	0.0	0.0	0.0	0.0	0.0	0.0015	0.0	0.0	0.0	0.0	0.0	0.0	0.0	0.0	0.0	0.0	0.0	0.0	0.0	0.0	0.0	0.0	0.0	0.0015	0.0	0.0	0.0	
Eastern Wood-Pewee (<em class="sci">Contopus virens</em>)	0.0	0.0	0.0	0.0	0.0	0.0	0.0	0.0	0.0	0.0	0.0	0.0	0.0	0.0	0.0	0.0	0.0	0.0	0.0	0.0	0.0	0.0	0.0	0.0	0.0	0.0	0.0	0.0	0.0	0.0	0.0	0.0	0.0	0.0	0.0	0.0	0.0	0.0	0.0	0.0015	0.0	0.0	0.0	0.0	0.0	0.0	0.0	0.0	
Acadian Flycatcher (<em class="sci">Empidonax virescens</em>)	0.0	0.0	0.0	0.0	0.0	0.0	0.0	0.0	0.0	0.0	0.0	0.0	0.0	0.0	0.0	0.0	0.0	0.0	0.0	0.0	0.0	0.0	0.0	0.0	0.0	0.0	0.0	0.0	0.0	0.0	0.0	0.0	0.0	0.0	0.0	0.0	0.0	0.0015	0.0	0.0	0.0	0.0	0.0	0.0	0.0	0.0	0.0	0.0	
Alder Flycatcher (<em class="sci">Empidonax alnorum</em>)	0.0	0.0	0.0	0.0	0.0	0.0	0.0	0.0	0.0	0.0	0.0	0.0	0.0	0.0	0.0	0.0	0.0	0.0	0.0	0.0	0.0	0.0	0.0	0.0	0.0	0.0	0.0	0.0	0.0	0.0	0.0	0.0	0.0	0.0	0.0	0.0	0.0015	0.0	0.0	0.0	0.0	0.0	0.0	0.0	0.0	0.0	0.0	0.0	
Alder/Willow Flycatcher (Traill's Flycatcher) (<em class="sci">Empidonax alnorum/traillii</em>)	0.0	0.0	0.0	0.0	0.0	0.0	0.0	0.0	0.0	0.0	0.0	0.0	0.0	0.0	0.0	0.0	0.0	0.0	0.0	0.0	0.0	0.0	0.0	0.0	0.0	0.0	0.0	0.0	0.0	0.0	0.0	0.0	0.0	0.0	0.037037	0.0263158	0.0	0.0015	0.0	0.0	0.03125	0.0	0.0	0.0	0.0	0.0	0.0	0.0	
Least Flycatcher (<em class="sci">Empidonax minimus</em>)	0.0	0.0	0.0	0.0	0.0	0.0	0.0	0.0	0.0	0.0	0.0	0.0	0.0	0.0	0.0	0.0	0.0	0.0	0.0	0.0	0.0	0.0	0.0	0.0	0.0	0.0	0.0	0.0	0.0	0.0	0.0	0.0	0.0	0.0015	0.0	0.0015	0.0015	0.0	0.0	0.0	0.0	0.0	0.0	0.0	0.0	0.0	0.0	0.0	
Empidonax sp. (<em class="sci">Empidonax sp.</em>)	0.0	0.0	0.0	0.0	0.0	0.0	0.0	0.0	0.0	0.0	0.0	0.0	0.0	0.0	0.0	0.0	0.0	0.0	0.0	0.0	0.0	0.0	0.0	0.0	0.0	0.0	0.0	0.0	0.0	0.0	0.0	0.0	0.0	0.0	0.0	0.0015	0.0	0.0	0.0	0.0	0.0	0.0	0.0	0.0	0.0	0.0	0.0	0.0	
Eastern Phoebe (<em class="sci">Sayornis phoebe</em>)	0.0425532	0.0	0.1071429	0.1	0.1153846	0.0434783	0.037037	0.0571429	0.0833333	0.0294118	0.0015	0.0015	0.0	0.0	0.0	0.0	0.0	0.0	0.0	0.0	0.0	0.0	0.0	0.0	0.0	0.0	0.0	0.0	0.0	0.0	0.0	0.0	0.0	0.0	0.0	0.0	0.0357143	0.0	0.04	0.1290323	0.3125	0.1351351	0.0606061	0.0882353	0.1111111	0.1428571	0.0769231	0.0015	
Great Kiskadee (<em class="sci">Pitangus sulphuratus</em>)	0.893617	0.8518519	0.8571429	0.95	0.6923077	0.9130435	0.8888889	0.8571429	0.9444444	0.7352941	0.7222222	0.8974359	0.8823529	0.9	0.9583333	0.952381	0.9142857	0.9	0.7647059	0.7741935	0.7142857	0.75	0.9333333	0.8461538	0.8	0.8461538	0.6774194	0.6	0.9090909	0.8529412	0.8484848	0.875	0.7555556	0.6956522	0.8148148	0.7105263	0.7857143	0.7272727	0.72	0.9677419	0.90625	0.8648649	0.6969697	0.8235294	0.7777778	0.9285714	0.8461538	0.9183673	
Western Kingbird (<em class="sci">Tyrannus verticalis</em>)	0.0212766	0.0	0.0	0.0	0.0	0.0	0.0	0.0	0.0	0.0	0.0	0.0	0.0	0.0	0.0	0.0	0.0	0.0	0.0	0.0	0.0	0.0	0.0	0.0	0.0	0.0	0.0	0.0	0.0	0.0	0.0	0.0	0.0	0.0	0.0	0.0	0.0	0.0	0.0	0.0015	0.03125	0.0	0.0	0.0015	0.0	0.0	0.0	0.0	
Eastern Kingbird (<em class="sci">Tyrannus tyrannus</em>)	0.0	0.0	0.0	0.0	0.0	0.0	0.0	0.0	0.0	0.0	0.0	0.0015	0.0	0.0	0.0	0.0	0.0285714	0.0	0.0	0.0	0.0	0.0	0.0	0.0	0.0	0.0	0.0	0.0	0.0	0.0	0.0	0.025	0.0666667	0.0869565	0.1481481	0.0263158	0.0714286	0.0	0.0	0.0	0.0	0.0	0.0	0.0	0.0	0.0	0.0	0.0	
Gray Kingbird (<em class="sci">Tyrannus dominicensis</em>)	0.0	0.0	0.0	0.0	0.0	0.0	0.0	0.0	0.0	0.0	0.0	0.0	0.0	0.0	0.0	0.0	0.0285714	0.0	0.0	0.0322581	0.0	0.0	0.0	0.0	0.0	0.0	0.0	0.0	0.0	0.0	0.0	0.0	0.0	0.0	0.0	0.0	0.0	0.0	0.0	0.0	0.0	0.0	0.0	0.0	0.0	0.0	0.0	0.0	
White-eyed Vireo (<em class="sci">Vireo griseus</em>)	0.7234043	0.8518519	0.6428571	0.8	0.7692308	0.826087	0.8518519	0.8571429	0.75	0.7058824	0.7777778	0.8205128	0.8529412	0.75	0.7916667	0.8571429	0.8	0.875	0.7058824	0.7741935	0.7857143	0.8333333	0.8	0.6923077	0.8	0.7692308	0.6129032	0.525	0.9090909	0.7352941	0.6666667	0.625	0.6888889	0.4347826	0.6666667	0.6842105	0.5357143	0.6818182	0.72	0.8709677	0.6875	0.8108108	0.6969697	0.7941176	0.6111111	0.8571429	0.5384615	0.6734694	
Yellow-throated Vireo (<em class="sci">Vireo flavifrons</em>)	0.0	0.0	0.0	0.0	0.0	0.0	0.0	0.0	0.0	0.0	0.0	0.0015	0.0015	0.0	0.0015	0.0	0.0	0.0	0.0	0.0	0.0	0.0	0.0	0.0	0.0	0.0	0.0	0.0	0.0	0.0	0.0	0.0	0.0	0.0	0.0	0.0263158	0.0714286	0.0	0.0	0.0322581	0.0	0.0810811	0.0606061	0.0	0.0	0.0	0.0769231	0.0	
Blue-headed Vireo (<em class="sci">Vireo solitarius</em>)	0.0	0.0	0.0	0.0	0.0	0.0	0.0	0.0	0.0	0.0	0.0	0.0	0.0	0.0	0.0	0.0	0.0	0.0	0.0	0.0	0.0	0.0	0.0	0.0	0.0	0.0	0.0	0.0	0.0	0.0	0.0	0.0	0.0	0.0	0.0	0.0	0.0	0.0	0.0	0.0322581	0.0	0.0	0.0	0.0	0.0	0.0	0.0	0.0	
Philadelphia Vireo (<em class="sci">Vireo philadelphicus</em>)	0.0	0.0	0.0	0.0	0.0	0.0	0.0	0.0	0.0	0.0	0.0	0.0	0.0	0.0	0.0	0.0	0.0	0.0	0.0	0.0	0.0	0.0	0.0	0.0	0.0	0.0	0.0	0.0	0.0	0.0	0.0	0.0	0.0	0.0	0.0	0.0	0.0357143	0.0454545	0.04	0.0015	0.0015	0.0	0.0	0.0	0.0	0.0	0.0	0.0	
Warbling Vireo (<em class="sci">Vireo gilvus</em>)	0.0	0.0	0.0	0.0	0.0	0.0	0.0	0.0	0.0	0.0	0.0	0.0	0.0	0.0	0.0	0.0	0.0	0.0	0.0	0.0	0.0	0.0	0.0	0.0	0.0	0.0	0.0	0.0	0.0	0.0	0.0	0.0	0.0	0.0	0.0	0.0	0.0	0.0	0.0015	0.0	0.0	0.0	0.0	0.0	0.0	0.0	0.0	0.0	
Red-eyed Vireo (<em class="sci">Vireo olivaceus</em>)	0.0	0.0	0.0	0.0	0.0	0.0	0.0	0.0	0.0	0.0	0.0	0.0	0.0015	0.0	0.0416667	0.0015	0.0285714	0.0	0.0	0.0	0.0	0.0	0.0	0.0	0.0	0.0	0.0	0.0	0.0	0.0588235	0.030303	0.025	0.0015	0.0434783	0.0740741	0.0789474	0.1071429	0.0454545	0.04	0.0645161	0.0	0.027027	0.030303	0.0	0.0	0.0	0.0	0.0	
Loggerhead Shrike (<em class="sci">Lanius ludovicianus</em>)	0.0	0.0	0.0	0.0	0.0	0.0	0.0	0.0	0.0	0.0	0.0	0.0	0.0	0.0	0.0	0.0	0.0	0.0	0.0	0.0	0.0	0.0	0.0	0.0	0.0	0.0	0.0	0.0	0.0	0.0	0.0	0.0	0.0	0.0	0.0	0.0	0.0	0.0	0.0	0.0015	0.0	0.0	0.0	0.0	0.0	0.0	0.0	0.0	
American Crow (<em class="sci">Corvus brachyrhynchos</em>)	0.5319149	0.5185185	0.3928571	0.55	0.4230769	0.7826087	0.4444444	0.5428571	0.7777778	0.4705882	0.3888889	0.5641026	0.6764706	0.5	0.4583333	0.5714286	0.5428571	0.4	0.2352941	0.1935484	0.4285714	0.25	0.2	0.3846154	0.3333333	0.3846154	0.2903226	0.325	0.1818182	0.2647059	0.4545455	0.3	0.3777778	0.2608696	0.4444444	0.4210526	0.3214286	0.2272727	0.52	0.516129	0.625	0.5675676	0.5151515	0.5588235	0.2777778	0.5	0.5384615	0.3877551	
Northern Rough-winged Swallow (<em class="sci">Stelgidopteryx serripennis</em>)	0.0	0.0	0.0	0.0	0.0	0.0	0.0	0.0	0.0	0.0	0.0	0.0	0.0	0.0	0.0	0.0	0.0	0.0	0.0	0.0	0.0	0.0	0.0	0.0	0.0	0.0	0.0	0.0	0.0	0.0	0.0	0.0	0.0	0.0	0.0	0.0	0.0	0.0015	0.0015	0.0	0.0	0.0	0.0	0.0	0.0	0.0	0.0	0.0	
Purple Martin (<em class="sci">Progne subis</em>)	0.0	0.0	0.0	0.0	0.0	0.0	0.0	0.0	0.0555556	0.0015	0.0015	0.0	0.0015	0.0	0.0015	0.047619	0.0571429	0.15	0.0588235	0.0015	0.0015	0.0	0.0015	0.0015	0.0	0.0	0.0	0.0	0.0	0.0	0.0015	0.025	0.0444444	0.0015	0.037037	0.0263158	0.0	0.0	0.0	0.0322581	0.0	0.0	0.0	0.0	0.0	0.0	0.0	0.0	
Tree Swallow (<em class="sci">Tachycineta bicolor</em>)	0.0	0.0	0.0	0.0	0.0	0.0015	0.0	0.0	0.0	0.0294118	0.0	0.025641	0.0015	0.05	0.0416667	0.0015	0.0285714	0.025	0.0	0.0015	0.0015	0.0	0.0	0.0	0.0	0.0	0.0	0.0	0.0454545	0.0294118	0.0	0.0015	0.0222222	0.0015	0.037037	0.0015	0.0	0.0	0.0	0.0322581	0.0	0.0	0.0	0.0588235	0.0555556	0.0	0.0	0.0	
Bank Swallow (<em class="sci">Riparia riparia</em>)	0.0	0.0	0.0	0.0	0.0	0.0	0.0	0.0	0.0	0.0	0.0	0.0	0.0	0.0	0.0	0.0015	0.0	0.025	0.0588235	0.0967742	0.0015	0.0	0.0	0.0	0.0	0.0	0.0	0.0	0.0	0.0	0.0	0.0015	0.0222222	0.0	0.0	0.0	0.0	0.0	0.04	0.0015	0.0	0.0	0.0	0.0	0.0	0.0	0.0	0.0	
Barn Swallow (<em class="sci">Hirundo rustica</em>)	0.0	0.0	0.0	0.0	0.0	0.0	0.0	0.0	0.0	0.0015	0.0	0.025641	0.0015	0.05	0.0015	0.047619	0.0857143	0.025	0.2352941	0.1935484	0.0714286	0.1666667	0.0015	0.0015	0.0666667	0.0769231	0.0015	0.3	0.3636364	0.2352941	0.3333333	0.125	0.2444444	0.0434783	0.0015	0.1052632	0.0015	0.0909091	0.08	0.0645161	0.03125	0.0810811	0.0015	0.0294118	0.0	0.0	0.0	0.0	
Cliff Swallow (<em class="sci">Petrochelidon pyrrhonota</em>)	0.0	0.0	0.0	0.0	0.0	0.0	0.0	0.0	0.0	0.0	0.0	0.0015	0.0	0.0	0.0	0.0	0.0285714	0.05	0.0588235	0.0322581	0.0	0.0	0.0	0.0	0.0	0.0	0.0	0.025	0.2272727	0.0882353	0.0909091	0.1	0.0888889	0.0	0.037037	0.0263158	0.0357143	0.0	0.12	0.0322581	0.0	0.0	0.0	0.0	0.0	0.0	0.0	0.0	
swallow sp. (<em class="sci">Hirundinidae sp.</em>)	0.0	0.0	0.0	0.0	0.0	0.0	0.0	0.0	0.0	0.0	0.0	0.0	0.0	0.0	0.0	0.0	0.0	0.0	0.0	0.0	0.0	0.0	0.0	0.0	0.0	0.0	0.0	0.0	0.0015	0.0	0.0015	0.0	0.0	0.0015	0.0	0.0	0.0	0.0	0.0	0.0015	0.0015	0.0	0.0	0.0	0.0	0.0	0.0	0.0	
Golden-crowned Kinglet (<em class="sci">Regulus satrapa</em>)	0.0015	0.0	0.0	0.0	0.0	0.0434783	0.0	0.0	0.0	0.0	0.0	0.0	0.0	0.0	0.0	0.0	0.0	0.0	0.0	0.0	0.0	0.0	0.0	0.0	0.0	0.0	0.0	0.0	0.0	0.0	0.0	0.0	0.0	0.0	0.0	0.0	0.0	0.0	0.0	0.0	0.0	0.0	0.0	0.0	0.0	0.0	0.0	0.0	
Ruby-crowned Kinglet (<em class="sci">Regulus calendula</em>)	0.0	0.0015	0.0	0.0	0.0	0.0	0.0	0.0	0.0	0.0294118	0.0	0.0	0.0	0.0	0.0	0.0	0.0	0.0	0.0	0.0	0.0	0.0	0.0	0.0	0.0	0.0	0.0	0.0	0.0	0.0	0.0	0.0	0.0	0.0	0.0	0.0	0.0	0.0	0.0	0.0	0.0	0.0015	0.0	0.0	0.0	0.0	0.0	0.0	
Marsh Wren (<em class="sci">Cistothorus palustris</em>)	0.0425532	0.037037	0.1071429	0.05	0.1153846	0.0434783	0.0	0.0	0.0833333	0.0294118	0.0	0.025641	0.0	0.0	0.0	0.0	0.0	0.0	0.0	0.0	0.0	0.0	0.0	0.0	0.0	0.0	0.0	0.0	0.0	0.0	0.0	0.0	0.0	0.0	0.0	0.0	0.0	0.0	0.0	0.0	0.0	0.0	0.1212121	0.0588235	0.1111111	0.0714286	0.0769231	0.0204082	
European Starling (<em class="sci">Sturnus vulgaris</em>)	0.8510638	0.8148148	0.7857143	0.85	0.7307692	0.826087	0.7037037	0.7428571	0.9166667	0.7058824	0.6111111	0.8974359	0.9117647	0.7	0.9166667	0.952381	0.9142857	0.875	0.7058824	0.6774194	0.5714286	0.8333333	0.8	0.7692308	0.7333333	0.8461538	0.6129032	0.575	0.7272727	0.7352941	0.6969697	0.75	0.6666667	0.6086957	0.7777778	0.5789474	0.5714286	0.5454545	0.64	0.7741935	0.875	0.8378378	0.7878788	0.8823529	0.8888889	0.9285714	0.6923077	0.7959184	
Gray Catbird (<em class="sci">Dumetella carolinensis</em>)	0.5319149	0.5925926	0.4285714	0.75	0.4230769	0.4782609	0.3333333	0.5142857	0.5	0.4705882	0.5555556	0.5128205	0.4705882	0.6	0.6666667	0.6666667	0.6285714	0.725	0.7058824	0.6774194	0.5	0.5833333	0.4666667	0.5384615	0.7333333	0.6153846	0.483871	0.475	0.7727273	0.7941176	0.5757576	0.325	0.3777778	0.3043478	0.3703704	0.4473684	0.5	0.4090909	0.48	0.6774194	0.71875	0.6486486	0.6060606	0.6764706	0.6111111	0.6428571	0.5384615	0.4285714	
Eastern Bluebird (<em class="sci">Sialia sialis</em>)	0.0425532	0.1111111	0.0357143	0.05	0.0	0.0869565	0.1111111	0.0285714	0.0833333	0.0588235	0.0015	0.025641	0.0588235	0.0	0.125	0.047619	0.0857143	0.0015	0.0015	0.0	0.0714286	0.0	0.0666667	0.0	0.1333333	0.0	0.0322581	0.075	0.2272727	0.1764706	0.1212121	0.1	0.1333333	0.0869565	0.037037	0.0015	0.1785714	0.0909091	0.12	0.0322581	0.03125	0.0810811	0.030303	0.1176471	0.1111111	0.0714286	0.0769231	0.0816327	
Swainson's Thrush (<em class="sci">Catharus ustulatus</em>)	0.0	0.0	0.0	0.0	0.0	0.0	0.0	0.0	0.0	0.0	0.0	0.0	0.0	0.0	0.0	0.0	0.0	0.0	0.0	0.0	0.0	0.0	0.0	0.0	0.0	0.0	0.0	0.0	0.0	0.0	0.0	0.0	0.0	0.0	0.0	0.0	0.0	0.0	0.0	0.0322581	0.0	0.0	0.0	0.0	0.0	0.0	0.0	0.0	
Hermit Thrush (<em class="sci">Catharus guttatus</em>)	0.0	0.0	0.0015	0.0	0.0	0.0	0.0	0.0285714	0.0	0.0294118	0.0	0.0	0.0	0.0	0.0	0.0	0.0	0.0	0.0	0.0	0.0	0.0	0.0	0.0	0.0	0.0	0.0	0.0	0.0	0.0	0.0	0.0	0.0	0.0	0.0	0.0	0.0	0.0	0.0	0.0322581	0.0015	0.027027	0.0	0.0	0.0	0.0	0.0	0.0204082	
American Robin (<em class="sci">Turdus migratorius</em>)	0.0	0.0	0.0	0.0	0.0	0.0	0.0	0.0	0.0	0.0	0.0	0.025641	0.0	0.0	0.0	0.0	0.0	0.0	0.0	0.0	0.0	0.0	0.0	0.0	0.0	0.0	0.0	0.0	0.0	0.0	0.0	0.0	0.0	0.0	0.0	0.0	0.0	0.0	0.0	0.0	0.0	0.0	0.0	0.0	0.0555556	0.0	0.0	0.0	
thrush sp. (<em class="sci">Turdidae sp.</em>)	0.0	0.0	0.0	0.0	0.0	0.0	0.0	0.0	0.0	0.0	0.0	0.0	0.0	0.0	0.0	0.0	0.0	0.0	0.0	0.0	0.0	0.0	0.0	0.0	0.0	0.0	0.0	0.0	0.0	0.0	0.0	0.0	0.0	0.0	0.0	0.0	0.0015	0.0	0.0	0.0	0.0	0.0	0.0015	0.0	0.0	0.0	0.0	0.0	
Cedar Waxwing (<em class="sci">Bombycilla cedrorum</em>)	0.0	0.0	0.0714286	0.0	0.0384615	0.0	0.0	0.0	0.0	0.0	0.0	0.0	0.0	0.0	0.0015	0.0015	0.0	0.0	0.0	0.0	0.0	0.0	0.0	0.0	0.0	0.0	0.0	0.0	0.0	0.0	0.0	0.0015	0.0	0.0	0.0	0.0	0.0357143	0.0	0.04	0.0322581	0.0	0.0	0.030303	0.0294118	0.0555556	0.0	0.0	0.0	
House Sparrow (<em class="sci">Passer domesticus</em>)	0.6808511	0.6296296	0.5357143	0.65	0.5769231	0.6521739	0.6666667	0.6857143	0.8333333	0.6764706	0.6666667	0.7435897	0.8823529	0.7	0.8333333	0.8571429	0.9142857	0.825	0.7058824	0.7096774	0.6428571	0.75	0.7333333	0.7692308	0.7333333	0.8461538	0.6451613	0.6	0.5454545	0.7647059	0.6969697	0.7	0.6444444	0.5652174	0.7777778	0.6315789	0.5714286	0.5454545	0.72	0.7096774	0.78125	0.7297297	0.6969697	0.7941176	0.7777778	0.8571429	0.7692308	0.5918367	
American Pipit (<em class="sci">Anthus rubescens</em>)	0.0212766	0.0	0.0	0.0	0.0	0.0	0.0	0.0	0.0	0.0	0.0	0.0	0.0	0.0	0.0	0.0	0.0	0.0	0.0	0.0	0.0	0.0	0.0	0.0	0.0	0.0	0.0	0.0	0.0	0.0	0.0	0.0	0.0	0.0	0.0	0.0	0.0	0.0	0.0	0.0	0.0	0.0	0.0	0.0	0.0	0.0714286	0.0	0.0015	
Evening Grosbeak (<em class="sci">Coccothraustes vespertinus</em>)	0.0	0.0	0.0	0.0	0.0	0.0	0.0	0.0	0.0	0.0	0.0	0.0	0.0	0.0	0.0	0.0	0.0	0.0	0.0	0.0	0.0	0.0	0.0	0.0	0.0	0.0	0.0	0.0	0.0	0.0	0.0	0.0	0.0	0.0	0.0	0.0	0.0	0.0	0.0	0.0	0.0	0.0015	0.0	0.0	0.0	0.0	0.0	0.0	
Pine Grosbeak (<em class="sci">Pinicola enucleator</em>)	0.0	0.0	0.0	0.0	0.0	0.0	0.0	0.0	0.0	0.0	0.0	0.0	0.0	0.0	0.0	0.0	0.0	0.0	0.0	0.0	0.0	0.0	0.0	0.0	0.0	0.0	0.0	0.0	0.0	0.0	0.0	0.0	0.0	0.0	0.0	0.0	0.0	0.0	0.0	0.0	0.0	0.0015	0.0	0.0	0.0	0.0	0.0	0.0	
Purple Finch (<em class="sci">Haemorhous purpureus</em>)	0.0	0.0	0.0	0.0	0.0	0.0	0.0	0.0	0.0	0.0	0.0	0.0	0.0	0.0	0.0	0.0	0.0	0.0	0.0	0.0	0.0	0.0	0.0	0.0	0.0	0.0	0.0	0.0	0.0	0.0	0.0	0.0	0.0	0.0	0.0	0.0	0.0	0.0	0.0	0.0	0.0	0.0	0.0	0.0015	0.0	0.0	0.0	0.0	
Common Redpoll (<em class="sci">Acanthis flammea</em>)	0.0015	0.0	0.0	0.0015	0.0015	0.0015	0.0015	0.0	0.0	0.0	0.0	0.0	0.0	0.0	0.0	0.0	0.0	0.0	0.0	0.0	0.0	0.0	0.0	0.0	0.0	0.0	0.0	0.0	0.0	0.0	0.0	0.0	0.0	0.0	0.0	0.0	0.0	0.0	0.0	0.0	0.0	0.0	0.0	0.0015	0.0	0.0	0.0	0.0	
Red Crossbill (<em class="sci">Loxia curvirostra</em>)	0.0	0.0	0.0	0.0	0.0	0.0015	0.0	0.0	0.0	0.0	0.0	0.0	0.0	0.0	0.0	0.0	0.0	0.0	0.0	0.0	0.0	0.0	0.0	0.0	0.0	0.0	0.0	0.0	0.0	0.0	0.0	0.0	0.0	0.0	0.0	0.0	0.0	0.0	0.0	0.0	0.0	0.0	0.0	0.0	0.0	0.0	0.0	0.0	
White-winged Crossbill (<em class="sci">Loxia leucoptera</em>)	0.0	0.0	0.0	0.0	0.0	0.0	0.0	0.0	0.0015	0.0	0.0	0.0	0.0	0.0	0.0	0.0	0.0	0.0	0.0	0.0	0.0	0.0	0.0	0.0	0.0	0.0	0.0	0.0	0.0	0.0	0.0	0.0	0.0	0.0	0.0	0.0	0.0	0.0	0.0	0.0	0.0	0.0	0.0	0.0	0.0	0.0	0.0	0.0	
European Goldfinch (<em class="sci">Carduelis carduelis</em>)	0.7446809	0.7407407	0.6785714	0.75	0.6538462	0.6521739	0.8148148	0.7428571	0.7777778	0.6764706	0.5555556	0.7435897	0.7941176	0.85	0.9166667	0.9047619	0.8857143	0.875	0.8235294	0.6451613	0.5714286	0.8333333	0.8	0.7692308	0.7333333	0.6923077	0.6451613	0.475	0.8181818	0.8235294	0.7575758	0.725	0.8222222	0.4347826	0.7037037	0.7105263	0.8214286	0.7272727	0.6	0.8387097	0.875	0.7567568	0.7272727	0.8529412	0.6111111	0.9285714	0.8461538	0.7959184	
Pine Siskin (<em class="sci">Spinus pinus</em>)	0.0	0.0015	0.0	0.0015	0.0	0.0	0.0	0.0	0.0	0.0	0.0	0.0	0.0	0.0	0.0	0.0	0.0	0.0	0.0	0.0	0.0	0.0	0.0	0.0	0.0	0.0	0.0	0.0	0.0	0.0	0.0	0.0	0.0	0.0	0.0	0.0	0.0	0.0	0.0	0.0	0.0	0.0	0.0	0.0015	0.0	0.0	0.0015	0.0015	
finch sp. (<em class="sci">Fringillidae sp.</em>)	0.0	0.0	0.0015	0.0	0.0	0.0	0.0	0.0	0.0	0.0	0.0	0.0	0.0	0.0	0.0	0.0	0.0	0.0015	0.0	0.0	0.0	0.0	0.0	0.0	0.0	0.0	0.0	0.0	0.0	0.0	0.0	0.0	0.0	0.0	0.0	0.0	0.0	0.0	0.0	0.0	0.0015	0.0	0.0	0.0	0.0	0.0	0.0	0.0	
Snow Bunting (<em class="sci">Plectrophenax nivalis</em>)	0.0	0.0	0.0	0.0	0.0	0.0	0.0	0.0015	0.0	0.0	0.0	0.0	0.0	0.0	0.0	0.0	0.0	0.0	0.0	0.0	0.0	0.0	0.0	0.0	0.0	0.0	0.0	0.0	0.0	0.0	0.0	0.0	0.0	0.0	0.0	0.0	0.0	0.0	0.0	0.0	0.0	0.0015	0.030303	0.0015	0.0015	0.0015	0.0015	0.0	
Grasshopper Sparrow (<em class="sci">Ammodramus savannarum</em>)	0.0	0.0	0.0	0.0015	0.0015	0.0015	0.0	0.0	0.0	0.0	0.0	0.0	0.0	0.0	0.0	0.0	0.0	0.0	0.0	0.0	0.0	0.0	0.0	0.0	0.0	0.0	0.0	0.0	0.0	0.0	0.0	0.0	0.0	0.0	0.0	0.0	0.0	0.0	0.0	0.0015	0.0	0.0	0.0	0.0	0.0	0.0	0.0	0.0	
Chipping Sparrow (<em class="sci">Spizella passerina</em>)	0.0	0.0	0.0	0.0	0.0	0.0	0.0	0.0	0.0	0.0	0.0	0.0	0.0	0.0	0.0	0.0	0.0	0.0	0.0	0.0	0.0	0.0	0.0	0.0	0.0	0.0	0.0	0.0	0.0	0.0	0.0	0.0	0.0	0.0	0.0	0.0263158	0.0	0.0	0.0	0.0	0.0	0.0	0.0	0.0	0.0	0.0	0.0	0.0	
Dark-eyed Junco (<em class="sci">Junco hyemalis</em>)	0.0	0.0015	0.0015	0.0015	0.0015	0.0015	0.0015	0.0	0.0	0.0015	0.0	0.0015	0.0294118	0.0	0.0	0.0015	0.0	0.0	0.0	0.0	0.0	0.0	0.0	0.0	0.0	0.0	0.0	0.0	0.0	0.0	0.0	0.0	0.0	0.0	0.0	0.0	0.0	0.0	0.0	0.0	0.0015	0.0015	0.0015	0.0	0.0	0.0015	0.0015	0.0	
White-crowned Sparrow (<em class="sci">Zonotrichia leucophrys</em>)	0.0	0.0	0.0	0.0	0.0	0.0	0.0	0.0	0.0	0.0	0.0	0.0	0.0	0.0015	0.0	0.0	0.0	0.0	0.0	0.0	0.0	0.0	0.0	0.0	0.0	0.0	0.0	0.0	0.0	0.0	0.0	0.0	0.0	0.0	0.0	0.0	0.0	0.0	0.0015	0.0	0.03125	0.0	0.0	0.0	0.0	0.0	0.0	0.0	
White-throated Sparrow (<em class="sci">Zonotrichia albicollis</em>)	0.0425532	0.0	0.0015	0.0015	0.0	0.0	0.0	0.0	0.0277778	0.0294118	0.0	0.0	0.0	0.0015	0.0	0.0	0.0	0.0	0.0	0.0	0.0	0.0	0.0	0.0	0.0	0.0	0.0	0.0	0.0	0.0	0.0	0.0	0.0	0.0	0.0	0.0	0.0	0.0	0.0	0.0	0.03125	0.0	0.030303	0.0	0.0	0.0015	0.0015	0.0204082	
Vesper Sparrow (<em class="sci">Pooecetes gramineus</em>)	0.0	0.0	0.0	0.0	0.0	0.0	0.0	0.0	0.0	0.0	0.0	0.0	0.0	0.0	0.0	0.0	0.0	0.0	0.0	0.0	0.0	0.0	0.0	0.0	0.0	0.0	0.0	0.0	0.0	0.0	0.0	0.0	0.0	0.0	0.0	0.0	0.0	0.0	0.0	0.0	0.0	0.0	0.0	0.0	0.0	0.0	0.0	0.0015	
Savannah Sparrow (<em class="sci">Passerculus sandwichensis</em>)	0.0015	0.0015	0.0015	0.0015	0.0	0.0	0.0	0.0285714	0.0	0.0015	0.0	0.0015	0.0015	0.0	0.0015	0.0	0.0	0.0015	0.0	0.0	0.0	0.0	0.0	0.0	0.0	0.0	0.0	0.0	0.0	0.0	0.0	0.0	0.0	0.0	0.0	0.0	0.0357143	0.0	0.0	0.0	0.0	0.027027	0.0015	0.0	0.0015	0.0015	0.0015	0.0015	
Song Sparrow (<em class="sci">Melospiza melodia</em>)	0.0	0.0	0.0	0.0	0.0	0.0	0.0	0.0015	0.0015	0.0	0.0	0.0	0.0	0.0	0.0	0.0	0.0	0.0	0.0	0.0	0.0	0.0	0.0	0.0	0.0	0.0	0.0	0.0	0.0	0.0	0.0	0.0	0.0	0.0	0.0	0.0	0.0	0.0	0.0	0.0322581	0.0015	0.0	0.030303	0.0015	0.0	0.0015	0.0	0.0	
Lincoln's Sparrow (<em class="sci">Melospiza lincolnii</em>)	0.0	0.0	0.0	0.0	0.0	0.0	0.0015	0.0015	0.0	0.0	0.0555556	0.0	0.0294118	0.05	0.0	0.0	0.0	0.0	0.0	0.0	0.0	0.0	0.0	0.0	0.0	0.0	0.0	0.0	0.0	0.0	0.0	0.0	0.0	0.0	0.0	0.0	0.0	0.0	0.04	0.0015	0.0	0.027027	0.030303	0.0015	0.0	0.0	0.0769231	0.0	
Swamp Sparrow (<em class="sci">Melospiza georgiana</em>)	0.0015	0.0	0.0	0.0	0.0	0.0	0.0	0.0	0.0	0.0	0.0555556	0.0769231	0.0	0.0	0.0	0.0	0.0	0.0	0.0	0.0	0.0	0.0	0.0	0.0	0.0	0.0	0.0	0.0	0.0	0.0	0.0	0.0	0.0	0.0	0.0	0.0	0.0	0.0	0.0	0.0	0.0	0.1351351	0.0	0.0294118	0.0	0.1428571	0.0	0.0015	
sparrow sp. (<em class="sci">Passerellidae sp. (sparrow sp.)</em>)	0.0	0.0	0.0	0.0	0.0	0.0	0.0	0.0	0.0	0.0	0.0	0.0	0.0	0.0	0.0	0.0	0.0	0.0	0.0	0.0	0.0	0.0	0.0	0.0	0.0	0.0	0.0	0.0	0.0	0.0	0.0	0.0	0.0	0.0	0.0	0.0	0.0	0.0	0.0015	0.0	0.0	0.0	0.0	0.0	0.0	0.0	0.0	0.0	
Bobolink (<em class="sci">Dolichonyx oryzivorus</em>)	0.0	0.0	0.0	0.0	0.0	0.0	0.0	0.0	0.0	0.0	0.0	0.0	0.0	0.0	0.0416667	0.0952381	0.1142857	0.05	0.0015	0.0	0.0	0.0015	0.0	0.0	0.0	0.0	0.0	0.0	0.0	0.0588235	0.0	0.0	0.0222222	0.0015	0.037037	0.1578947	0.1428571	0.0454545	0.08	0.0322581	0.0015	0.0	0.0	0.0	0.0	0.0	0.0	0.0	
Baltimore Oriole (<em class="sci">Icterus galbula</em>)	0.0	0.0	0.0	0.0	0.0	0.0	0.0	0.0	0.0	0.0	0.0	0.0	0.0	0.0	0.0	0.047619	0.0	0.0	0.0	0.0	0.0	0.0	0.0	0.0	0.0	0.0	0.0	0.0	0.0	0.0294118	0.0	0.0	0.0015	0.0869565	0.1111111	0.1052632	0.0357143	0.0015	0.0	0.0015	0.0	0.0	0.0015	0.0	0.0	0.0	0.0	0.0	
Red-winged Blackbird (<em class="sci">Agelaius phoeniceus</em>)	0.0	0.1111111	0.0357143	0.0	0.0	0.0015	0.0	0.0	0.0	0.0	0.0015	0.0	0.0	0.0	0.0015	0.0	0.0	0.0	0.0	0.0	0.0	0.0	0.0	0.0	0.0015	0.0	0.0	0.0	0.0	0.0	0.0	0.0	0.0	0.0	0.0	0.0	0.0	0.0	0.0	0.0322581	0.0	0.0015	0.0015	0.0015	0.0	0.0	0.0015	0.0	
Brown-headed Cowbird (<em class="sci">Molothrus ater</em>)	0.0	0.0	0.0	0.0	0.0015	0.0	0.0	0.0	0.0	0.0294118	0.0	0.0	0.0	0.0	0.0	0.0	0.0285714	0.0	0.0	0.0	0.0	0.0	0.0	0.0	0.0	0.0	0.0	0.0	0.0	0.0	0.0	0.0	0.0666667	0.0	0.0	0.0015	0.0	0.0	0.0	0.0015	0.0	0.0	0.0	0.0	0.0	0.0015	0.0	0.0	
blackbird sp. (<em class="sci">Icteridae sp.</em>)	0.0	0.0	0.0	0.0	0.0	0.0	0.0	0.0	0.0	0.0	0.0	0.0	0.0	0.0	0.0	0.0	0.0	0.0	0.0	0.0	0.0	0.0	0.0	0.0	0.0	0.0	0.0	0.0	0.0	0.0	0.0	0.0	0.0	0.0	0.0	0.0	0.0	0.0	0.0	0.0	0.0	0.0015	0.0	0.0	0.0	0.0	0.0	0.0	
Ovenbird (<em class="sci">Seiurus aurocapilla</em>)	0.2553191	0.2222222	0.25	0.35	0.1923077	0.2173913	0.2222222	0.1142857	0.2222222	0.1176471	0.2222222	0.0769231	0.1764706	0.2	0.0	0.047619	0.0015	0.0	0.0	0.0	0.0	0.0	0.0	0.0	0.0	0.0	0.0	0.0	0.0	0.0294118	0.0	0.025	0.1555556	0.0869565	0.3333333	0.2894737	0.2857143	0.5909091	0.64	0.516129	0.34375	0.4324324	0.2727273	0.2941176	0.3333333	0.2142857	0.3076923	0.122449	
Worm-eating Warbler (<em class="sci">Helmitheros vermivorum</em>)	0.0	0.037037	0.0015	0.0	0.0	0.0	0.0	0.0	0.0	0.0	0.0	0.0	0.0015	0.0015	0.0015	0.0015	0.0	0.0	0.0	0.0	0.0	0.0	0.0	0.0	0.0	0.0	0.0	0.0	0.0	0.0	0.0	0.0	0.0444444	0.0869565	0.037037	0.0789474	0.0	0.0015	0.08	0.0645161	0.0015	0.0015	0.0015	0.0	0.0	0.0	0.0	0.0204082	
Louisiana Waterthrush (<em class="sci">Parkesia motacilla</em>)	0.0	0.0	0.0	0.0	0.0	0.0	0.0	0.0	0.0	0.0	0.0555556	0.0015	0.0015	0.0	0.0	0.0	0.0	0.0	0.0	0.0	0.0	0.0	0.0	0.0	0.0	0.0	0.0	0.0015	0.0	0.0588235	0.030303	0.025	0.0666667	0.0015	0.0	0.0	0.0357143	0.0	0.0	0.0	0.0	0.0	0.0	0.0	0.0	0.0	0.0	0.0	
Northern Waterthrush (<em class="sci">Parkesia noveboracensis</em>)	0.6382979	0.5185185	0.3928571	0.5	0.6153846	0.4782609	0.4814815	0.3142857	0.4722222	0.5	0.2777778	0.2820513	0.4411765	0.45	0.3333333	0.1904762	0.2	0.0015	0.1176471	0.0	0.0	0.0	0.0	0.0	0.0	0.0	0.0	0.0	0.0454545	0.1176471	0.2727273	0.2	0.3777778	0.3913043	0.6296296	0.5263158	0.6071429	0.6363636	0.72	0.6129032	0.75	0.6756757	0.6969697	0.6176471	0.7222222	0.5714286	0.6153846	0.4693878	
Louisiana/Northern Waterthrush (<em class="sci">Parkesia motacilla/noveboracensis</em>)	0.0	0.0	0.0	0.0	0.0	0.0	0.0	0.0	0.0	0.0	0.0	0.0	0.0294118	0.0	0.0	0.0	0.0	0.0	0.0	0.0	0.0	0.0	0.0	0.0	0.0	0.0	0.0	0.0	0.0	0.0	0.030303	0.0	0.0	0.0	0.0	0.0	0.0	0.0	0.0	0.0	0.0	0.0	0.0	0.0	0.0	0.0	0.0	0.0	
Golden-winged Warbler (<em class="sci">Vermivora chrysoptera</em>)	0.0	0.0	0.0	0.0	0.0	0.0	0.0	0.0	0.0	0.0	0.0	0.0	0.0	0.0	0.0	0.0	0.0	0.0	0.0	0.0	0.0	0.0	0.0	0.0	0.0	0.0	0.0	0.0	0.0	0.0	0.0	0.0	0.0	0.0015	0.0	0.0	0.0	0.0	0.0015	0.0	0.0	0.0	0.0	0.0	0.0	0.0	0.0	0.0	
Blue-winged Warbler (<em class="sci">Vermivora cyanoptera</em>)	0.0212766	0.0740741	0.0	0.0	0.0	0.0	0.0	0.0	0.0	0.0	0.0	0.0	0.0015	0.0015	0.0	0.0	0.0	0.0	0.0	0.0	0.0	0.0	0.0	0.0	0.0	0.0	0.0	0.0	0.0	0.0	0.0	0.0	0.0	0.0015	0.0	0.0263158	0.0015	0.0015	0.0	0.0015	0.0	0.0	0.0	0.0	0.0	0.0	0.0	0.0	
Black-and-white Warbler (<em class="sci">Mniotilta varia</em>)	0.0638298	0.2222222	0.0015	0.1	0.0384615	0.0869565	0.0740741	0.0571429	0.0833333	0.0588235	0.0555556	0.025641	0.0882353	0.05	0.125	0.0952381	0.0285714	0.0015	0.0	0.0	0.0	0.0	0.0	0.0	0.0	0.0	0.0	0.0	0.0909091	0.0294118	0.1515152	0.2	0.1555556	0.2608696	0.2592593	0.3157895	0.2857143	0.0909091	0.32	0.0967742	0.1875	0.2162162	0.1818182	0.0588235	0.1111111	0.1428571	0.1538462	0.1020408	
Prothonotary Warbler (<em class="sci">Protonotaria citrea</em>)	0.0	0.0	0.0	0.0	0.0	0.0	0.0	0.0	0.0015	0.0	0.0015	0.0	0.0015	0.05	0.0015	0.0015	0.0015	0.0	0.0	0.0	0.0	0.0	0.0	0.0	0.0	0.0	0.0	0.05	0.0454545	0.0882353	0.030303	0.125	0.1777778	0.0434783	0.1481481	0.0526316	0.0357143	0.0015	0.04	0.0	0.0	0.0	0.030303	0.0	0.0	0.0	0.0	0.0	
Swainson's Warbler (<em class="sci">Limnothlypis swainsonii</em>)	0.0	0.0	0.0	0.0	0.0	0.0	0.0	0.0	0.0	0.0	0.0	0.0	0.0	0.0	0.0	0.0	0.0	0.0	0.0	0.0	0.0	0.0	0.0	0.0	0.0	0.0	0.0	0.0	0.0	0.0	0.0	0.0	0.0	0.0	0.0015	0.0	0.0	0.0	0.0	0.0	0.03125	0.0	0.030303	0.0	0.0	0.0	0.0	0.0	
Tennessee Warbler (<em class="sci">Leiothlypis peregrina</em>)	0.0	0.0	0.0	0.0	0.0	0.0	0.0	0.0	0.0	0.0	0.0	0.0	0.0	0.0	0.0	0.0015	0.0	0.0	0.0	0.0	0.0	0.0	0.0	0.0	0.0	0.0	0.0	0.0	0.0	0.0	0.0015	0.0	0.0	0.0	0.0015	0.0263158	0.0015	0.0015	0.0015	0.0322581	0.0	0.0	0.0	0.0	0.0	0.0	0.0	0.0	
Orange-crowned Warbler (<em class="sci">Leiothlypis celata</em>)	0.0	0.0	0.0	0.0	0.0	0.0	0.0	0.0	0.0	0.0294118	0.0	0.0	0.0015	0.0	0.0	0.0	0.0	0.0	0.0	0.0	0.0	0.0	0.0	0.0	0.0	0.0	0.0	0.0	0.0	0.0	0.0	0.0	0.0	0.0	0.0	0.0	0.0	0.0	0.0	0.0	0.0	0.0	0.0	0.0	0.0	0.0	0.0	0.0	
Nashville Warbler (<em class="sci">Leiothlypis ruficapilla</em>)	0.0212766	0.0	0.0	0.0	0.0	0.0434783	0.0	0.0	0.0015	0.0	0.0	0.0	0.0	0.0	0.0015	0.0	0.0	0.0	0.0	0.0	0.0	0.0	0.0	0.0	0.0	0.0	0.0	0.0	0.0	0.0	0.0	0.0	0.0	0.0	0.037037	0.0526316	0.0714286	0.0	0.04	0.0015	0.0	0.0015	0.0	0.0	0.0	0.0	0.0	0.0	
Connecticut Warbler (<em class="sci">Oporornis agilis</em>)	0.0	0.0	0.0	0.0	0.0	0.0	0.0	0.0	0.0	0.0	0.0	0.0	0.0	0.0	0.0	0.0	0.0	0.0	0.0	0.0	0.0	0.0	0.0	0.0	0.0	0.0	0.0	0.0	0.0	0.0	0.0	0.0	0.0	0.0	0.037037	0.0263158	0.0015	0.0	0.04	0.0	0.0	0.0	0.0	0.0	0.0	0.0	0.0	0.0	
MacGillivray's Warbler (<em class="sci">Geothlypis tolmiei</em>)	0.0	0.0	0.0	0.0	0.0	0.0	0.0	0.0	0.0	0.0	0.0	0.0	0.0	0.0	0.0	0.0	0.0	0.0	0.0	0.0	0.0	0.0	0.0	0.0	0.0	0.0	0.0	0.0	0.0	0.0	0.0	0.0	0.0	0.0	0.0	0.0	0.0	0.0	0.0	0.0	0.0	0.0	0.0	0.0	0.0	0.0	0.0	0.0204082	
Mourning Warbler (<em class="sci">Geothlypis philadelphia</em>)	0.0	0.0	0.0	0.0	0.0	0.0	0.0	0.0	0.0	0.0	0.0	0.0	0.0	0.0	0.0	0.0	0.0	0.0	0.0	0.0	0.0	0.0	0.0	0.0	0.0	0.0	0.0	0.0	0.0	0.0	0.0	0.025	0.0	0.0	0.0	0.0	0.0	0.0	0.0	0.0	0.0	0.0	0.0	0.0	0.0	0.0	0.0	0.0	
Kentucky Warbler (<em class="sci">Geothlypis formosa</em>)	0.0	0.0	0.0	0.0	0.0	0.0	0.0	0.0	0.0	0.0	0.0	0.0	0.0	0.0	0.0	0.0	0.0	0.0	0.0	0.0	0.0	0.0	0.0	0.0	0.0	0.0	0.0	0.0	0.0	0.0	0.0	0.0015	0.0222222	0.0	0.0	0.0	0.0	0.0015	0.0	0.0	0.0	0.0	0.0	0.0	0.0	0.0	0.0	0.0015	
Common Yellowthroat (<em class="sci">Geothlypis trichas</em>)	0.1914894	0.2222222	0.1071429	0.1	0.1538462	0.0869565	0.1111111	0.1142857	0.1944444	0.0882353	0.0555556	0.0512821	0.0882353	0.0015	0.0015	0.047619	0.0015	0.0	0.0	0.0	0.0	0.0	0.0	0.0	0.0	0.0	0.0	0.0	0.0	0.0	0.0	0.0	0.0	0.0	0.037037	0.0263158	0.1071429	0.1363636	0.16	0.2580645	0.15625	0.2702703	0.2727273	0.1764706	0.1111111	0.4285714	0.1538462	0.2040816	
Hooded Warbler (<em class="sci">Setophaga citrina</em>)	0.0	0.0	0.0	0.0	0.0	0.0	0.0	0.0	0.0	0.0	0.0	0.0	0.0	0.0015	0.0	0.0	0.0	0.0	0.0	0.0	0.0	0.0	0.0	0.0	0.0	0.0	0.0	0.0	0.0	0.0294118	0.030303	0.0015	0.0	0.0015	0.0015	0.0263158	0.0357143	0.0015	0.04	0.0322581	0.03125	0.0015	0.0	0.0	0.0	0.0	0.0769231	0.0204082	
American Redstart (<em class="sci">Setophaga ruticilla</em>)	0.0851064	0.037037	0.0357143	0.1	0.0015	0.0869565	0.037037	0.0571429	0.1111111	0.0588235	0.0555556	0.025641	0.0882353	0.0015	0.125	0.0015	0.0285714	0.05	0.0	0.0	0.0	0.0	0.0	0.0	0.0	0.0	0.0	0.0	0.1363636	0.0588235	0.0606061	0.225	0.2	0.3478261	0.4444444	0.2894737	0.3928571	0.0454545	0.36	0.2903226	0.28125	0.1891892	0.1515152	0.1764706	0.1111111	0.2857143	0.0769231	0.1020408	
Cape May Warbler (<em class="sci">Setophaga tigrina</em>)	0.0425532	0.037037	0.0714286	0.05	0.0769231	0.0434783	0.0	0.0285714	0.0015	0.0	0.0	0.0015	0.0294118	0.0015	0.0	0.0015	0.0	0.0	0.0	0.0	0.0	0.0	0.0	0.0	0.0	0.0	0.0	0.0	0.0	0.0294118	0.0	0.0	0.0	0.0	0.0	0.0015	0.0357143	0.0015	0.08	0.0015	0.0015	0.0015	0.1212121	0.0294118	0.0015	0.0714286	0.0	0.1020408	
Northern Parula (<em class="sci">Setophaga americana</em>)	0.1276596	0.2592593	0.0357143	0.05	0.0769231	0.173913	0.037037	0.0571429	0.1666667	0.0294118	0.0555556	0.025641	0.1470588	0.05	0.0833333	0.0	0.0285714	0.0	0.0	0.0	0.0	0.0	0.0	0.0	0.0	0.0	0.0	0.0	0.0	0.0294118	0.030303	0.025	0.0	0.0	0.037037	0.1578947	0.1071429	0.0909091	0.36	0.3225806	0.25	0.4324324	0.2424242	0.1470588	0.0555556	0.2142857	0.3076923	0.2040816	
Magnolia Warbler (<em class="sci">Setophaga magnolia</em>)	0.0	0.0740741	0.0	0.0	0.0	0.0	0.0	0.0	0.0015	0.0	0.0	0.0	0.0	0.0	0.0416667	0.047619	0.0285714	0.0	0.0	0.0	0.0	0.0	0.0	0.0	0.0	0.0	0.0	0.0	0.0	0.0	0.0	0.0	0.0	0.0	0.0740741	0.0263158	0.0015	0.0015	0.0015	0.0645161	0.03125	0.0	0.0606061	0.0	0.0	0.0	0.0769231	0.0	
Bay-breasted Warbler (<em class="sci">Setophaga castanea</em>)	0.0	0.0	0.0	0.0	0.0	0.0	0.0	0.0	0.0	0.0	0.0	0.0	0.0	0.0	0.0	0.0	0.0	0.0	0.0	0.0	0.0	0.0	0.0	0.0	0.0	0.0	0.0	0.0	0.0	0.0	0.0	0.0	0.0	0.0	0.0	0.0526316	0.0	0.0015	0.0	0.0015	0.0	0.0	0.0	0.0	0.0	0.0	0.0	0.0	
Blackburnian Warbler (<em class="sci">Setophaga fusca</em>)	0.0	0.0	0.0	0.0	0.0	0.0	0.0	0.0	0.0	0.0	0.0	0.0	0.0	0.0	0.0	0.0	0.0	0.05	0.0	0.0	0.0	0.0	0.0	0.0	0.0	0.0	0.0	0.0	0.0	0.0	0.0	0.0	0.0015	0.0015	0.037037	0.0263158	0.0714286	0.0015	0.0015	0.0	0.0015	0.0	0.0	0.0	0.0	0.0	0.0	0.0	
Yellow Warbler (<em class="sci">Setophaga petechia</em>)	0.0	0.0	0.0	0.0	0.0	0.0	0.0	0.0	0.0	0.0	0.0	0.0	0.0	0.0	0.0	0.0	0.0	0.0	0.0	0.0	0.0	0.0	0.0	0.0	0.0	0.0	0.0	0.0	0.0	0.0588235	0.0606061	0.175	0.1333333	0.0869565	0.1111111	0.0789474	0.0	0.0454545	0.0	0.0	0.0	0.0	0.0	0.0	0.0	0.0	0.0	0.0	
Chestnut-sided Warbler (<em class="sci">Setophaga pensylvanica</em>)	0.0	0.0	0.0	0.0	0.0	0.0	0.0	0.0	0.0	0.0	0.0	0.0	0.0	0.0	0.0	0.0015	0.0	0.0	0.0	0.0	0.0	0.0	0.0	0.0	0.0	0.0	0.0	0.0	0.0	0.0	0.0	0.0	0.0015	0.0	0.037037	0.0263158	0.0	0.0015	0.0	0.0	0.0	0.0	0.0	0.0	0.0	0.0	0.0	0.0	
Blackpoll Warbler (<em class="sci">Setophaga striata</em>)	0.0	0.0	0.0	0.0	0.0	0.0	0.0	0.0	0.0	0.0	0.0	0.0	0.0	0.0	0.0	0.0015	0.0	0.0	0.0	0.0	0.0	0.0	0.0	0.0	0.0	0.0	0.0	0.0	0.0	0.0	0.0	0.0	0.0	0.0	0.037037	0.1315789	0.1071429	0.1818182	0.28	0.3548387	0.25	0.1621622	0.0015	0.0015	0.0	0.0	0.0	0.0	
Black-throated Blue Warbler (<em class="sci">Setophaga caerulescens</em>)	0.0	0.0	0.0	0.0015	0.0	0.0	0.0	0.0	0.0	0.0	0.0	0.0	0.0294118	0.0	0.0	0.0	0.0	0.0	0.0	0.0	0.0	0.0	0.0	0.0	0.0	0.0	0.0	0.0	0.0	0.0294118	0.030303	0.0	0.0	0.0015	0.0740741	0.0263158	0.0015	0.0454545	0.04	0.0322581	0.0	0.0015	0.0015	0.0	0.0	0.0	0.0	0.0204082	
Palm Warbler (<em class="sci">Setophaga palmarum</em>)	0.0015	0.0	0.0	0.0015	0.0	0.0015	0.0015	0.0285714	0.0277778	0.0	0.0555556	0.0015	0.0015	0.0	0.0015	0.0015	0.0	0.0	0.0	0.0	0.0	0.0	0.0	0.0	0.0	0.0	0.0	0.0	0.0	0.0	0.0	0.0	0.0	0.0	0.0015	0.0263158	0.1785714	0.0015	0.0015	0.0322581	0.0015	0.0015	0.0606061	0.0588235	0.0015	0.0714286	0.0769231	0.0204082	
Pine Warbler (<em class="sci">Setophaga pinus</em>)	0.0	0.037037	0.0	0.0	0.0	0.0	0.0	0.0	0.0	0.0	0.0	0.025641	0.0	0.0	0.0	0.0	0.0	0.0	0.0	0.0	0.0	0.0	0.0	0.0	0.0	0.0	0.0	0.0	0.0	0.0	0.0	0.0	0.0	0.0	0.0	0.0263158	0.0357143	0.0909091	0.0	0.0	0.0015	0.027027	0.0	0.0	0.0	0.0	0.0769231	0.0	
Yellow-rumped Warbler (<em class="sci">Setophaga coronata</em>)	0.0015	0.0740741	0.0357143	0.15	0.0	0.0015	0.037037	0.0285714	0.0015	0.0015	0.1111111	0.0015	0.0294118	0.0015	0.0	0.0015	0.0285714	0.0	0.0	0.0	0.0	0.0	0.0	0.0	0.0	0.0	0.0	0.0	0.0	0.0	0.0	0.0	0.0	0.0	0.0	0.0	0.0015	0.0454545	0.04	0.0645161	0.09375	0.0540541	0.0909091	0.0015	0.0015	0.0015	0.0769231	0.0408163	
Yellow-throated Warbler (<em class="sci">Setophaga dominica</em>)	0.0212766	0.0	0.0	0.0	0.0	0.0	0.0	0.0285714	0.0277778	0.0015	0.0	0.0015	0.0	0.0	0.0	0.0	0.0	0.0	0.0	0.0	0.0	0.0	0.0	0.0	0.0	0.0	0.0	0.0	0.0	0.0	0.0	0.025	0.0666667	0.0434783	0.037037	0.0263158	0.0357143	0.0015	0.0	0.0322581	0.0	0.0	0.030303	0.0	0.0	0.0	0.0	0.0408163	
Prairie Warbler (<em class="sci">Setophaga discolor</em>)	0.0015	0.0	0.0015	0.05	0.0384615	0.0	0.037037	0.0	0.0277778	0.0	0.0	0.025641	0.0294118	0.0015	0.0	0.0	0.0	0.0	0.0	0.0	0.0	0.0	0.0	0.0	0.0	0.0	0.0	0.0	0.0	0.0	0.0	0.05	0.0666667	0.0015	0.037037	0.0015	0.0714286	0.0454545	0.0015	0.0015	0.0625	0.0540541	0.030303	0.0294118	0.0555556	0.0714286	0.0015	0.0408163	
Black-throated Green Warbler (<em class="sci">Setophaga virens</em>)	0.0	0.0	0.0	0.0	0.0	0.0	0.0	0.0	0.0	0.0015	0.0	0.0	0.0294118	0.0	0.0416667	0.0015	0.0	0.0	0.0	0.0	0.0	0.0	0.0	0.0	0.0	0.0	0.0	0.0	0.0	0.0294118	0.0	0.0	0.0222222	0.0015	0.037037	0.0789474	0.0015	0.0909091	0.04	0.0015	0.0015	0.0540541	0.0	0.0	0.0	0.0	0.0	0.0	
Canada Warbler (<em class="sci">Cardellina canadensis</em>)	0.0	0.0	0.0	0.0	0.0	0.0	0.0	0.0	0.0	0.0	0.0	0.0	0.0	0.0	0.0	0.0	0.0	0.0	0.0	0.0	0.0	0.0	0.0	0.0	0.0	0.0	0.0	0.0	0.0	0.0	0.0	0.0	0.0	0.0015	0.0	0.0	0.0015	0.0	0.0015	0.0	0.0	0.0	0.0	0.0	0.0	0.0	0.0	0.0	
Wilson's Warbler (<em class="sci">Cardellina pusilla</em>)	0.0	0.0	0.0	0.0	0.0	0.0	0.0	0.0	0.0	0.0	0.0	0.0	0.0	0.0	0.0	0.0	0.0	0.0	0.0	0.0	0.0	0.0	0.0	0.0	0.0	0.0	0.0	0.0	0.0	0.0	0.0	0.0	0.0	0.0	0.0	0.0	0.0015	0.0	0.0	0.0	0.0	0.0	0.0	0.0	0.0	0.0	0.0	0.0	
warbler sp. (Parulidae sp.) (<em class="sci">Parulidae sp.</em>)	0.0	0.0	0.0	0.0	0.0	0.0	0.0	0.0	0.0	0.0	0.0015	0.0	0.0	0.0	0.0	0.0015	0.0	0.0	0.0	0.0	0.0	0.0	0.0	0.0	0.0	0.0	0.0	0.0	0.0	0.0	0.0	0.0	0.0	0.0	0.0	0.0015	0.0015	0.0	0.0	0.0015	0.0	0.0015	0.0	0.0	0.0	0.0	0.0	0.0	
Summer Tanager (<em class="sci">Piranga rubra</em>)	0.0	0.0	0.0	0.0	0.0	0.0	0.0	0.0	0.0	0.0	0.0	0.0	0.0	0.0	0.0	0.0	0.0	0.0	0.0	0.0	0.0	0.0	0.0	0.0	0.0	0.0	0.0	0.0	0.0	0.0	0.0	0.0	0.0	0.0434783	0.0	0.0	0.0	0.0	0.0	0.0	0.0	0.0	0.0	0.0	0.0	0.0	0.0	0.0	
Scarlet Tanager (<em class="sci">Piranga olivacea</em>)	0.0	0.0	0.0	0.0	0.0	0.0	0.0	0.0	0.0	0.0	0.0	0.0	0.0	0.0	0.0	0.0	0.0	0.0	0.0	0.0	0.0	0.0	0.0	0.0	0.0	0.0	0.0	0.0	0.0	0.0	0.0	0.0	0.0	0.0	0.037037	0.0	0.0015	0.0	0.0015	0.0	0.0	0.0	0.0	0.0	0.0	0.0	0.0	0.0	
Northern Cardinal (<em class="sci">Cardinalis cardinalis</em>)	0.7659574	0.7037037	0.5357143	0.65	0.6923077	0.7826087	0.6296296	0.6	0.7222222	0.5588235	0.7222222	0.8461538	0.8529412	0.85	0.875	0.8095238	0.7428571	0.725	0.7647059	0.6451613	0.6428571	0.75	0.7333333	0.5384615	0.7333333	0.6923077	0.6129032	0.525	0.7727273	0.7058824	0.6363636	0.6	0.6888889	0.4782609	0.6666667	0.5526316	0.5357143	0.5	0.44	0.6129032	0.6875	0.6216216	0.6666667	0.6764706	0.6666667	0.6428571	0.4615385	0.5102041	
Rose-breasted Grosbeak (<em class="sci">Pheucticus ludovicianus</em>)	0.0212766	0.0	0.0	0.0	0.0	0.0	0.0	0.0	0.0	0.0	0.0	0.0	0.0	0.0	0.0	0.047619	0.0285714	0.0	0.0	0.0	0.0	0.0	0.0	0.0	0.0	0.0	0.0	0.0	0.0	0.0294118	0.0	0.0	0.0	0.0	0.0	0.0	0.0357143	0.0454545	0.04	0.0	0.09375	0.0015	0.0	0.0294118	0.0	0.0714286	0.0	0.0	
Blue Grosbeak (<em class="sci">Passerina caerulea</em>)	0.0	0.0	0.0	0.0	0.0	0.0	0.0	0.0	0.0	0.0	0.0	0.0	0.0015	0.05	0.0	0.0015	0.0285714	0.05	0.0	0.0	0.0	0.0	0.0	0.0	0.0	0.0	0.0	0.0	0.0	0.0	0.0	0.025	0.0222222	0.0434783	0.0015	0.0263158	0.0357143	0.0015	0.12	0.0967742	0.0	0.0	0.0	0.0294118	0.0	0.0714286	0.0	0.0	
Indigo Bunting (<em class="sci">Passerina cyanea</em>)	0.1914894	0.1851852	0.0714286	0.35	0.1923077	0.3043478	0.0740741	0.1428571	0.1944444	0.1764706	0.2777778	0.2307692	0.2058824	0.35	0.1666667	0.2857143	0.2	0.025	0.0	0.0015	0.0	0.0	0.0	0.0	0.0	0.0	0.0	0.0	0.0	0.0	0.0	0.0	0.0	0.0	0.0	0.0015	0.0714286	0.1818182	0.52	0.1612903	0.34375	0.2432432	0.2424242	0.2647059	0.2777778	0.2142857	0.0769231	0.1020408	
Dickcissel (<em class="sci">Spiza americana</em>)	0.0	0.0	0.0	0.0	0.0	0.0	0.0	0.0	0.0015	0.0	0.0	0.0	0.0	0.0	0.0	0.0	0.0	0.0	0.0	0.0	0.0	0.0	0.0	0.0	0.0	0.0	0.0	0.0	0.0	0.0	0.0	0.0	0.0	0.0	0.0	0.0015	0.0015	0.0	0.0015	0.0	0.0	0.0	0.0	0.0015	0.0	0.0	0.0	0.0	
passerine sp. (<em class="sci">Passeriformes sp.</em>)	0.0	0.0	0.0	0.0	0.0	0.0	0.0	0.0	0.0	0.0	0.0	0.0	0.0	0.0	0.0	0.0	0.0	0.0	0.0	0.0	0.0714286	0.0	0.0	0.0	0.0	0.0	0.0	0.0	0.0	0.0	0.0	0.025	0.0	0.0	0.0	0.0	0.0	0.0	0.0	0.0	0.0	0.027027	0.030303	0.0	0.0	0.0	0.0	0.0	

