









Frequency of observations in the selected location(s).:
Number of taxa: 	219

	Jan				Feb				Mar				Apr				May				Jun				Jul				Aug				Sep				Oct				Nov				Dec				
Sample Size:	41.0	59.0	55.0	77.0	54.0	43.0	51.0	51.0	52.0	39.0	26.0	56.0	32.0	34.0	29.0	40.0	38.0	46.0	39.0	44.0	21.0	35.0	30.0	46.0	49.0	46.0	41.0	61.0	50.0	38.0	53.0	59.0	35.0	47.0	37.0	47.0	67.0	51.0	44.0	65.0	28.0	56.0	53.0	68.0	35.0	26.0	22.0	35.0	

Magpie Goose (<em class="sci">Anseranas semipalmata</em>)	0.0	0.0	0.0181818	0.0	0.0	0.0	0.0	0.0	0.0	0.0	0.0	0.0	0.0	0.0	0.0	0.0	0.0	0.0	0.0	0.0	0.0	0.0	0.0	0.0	0.0	0.0	0.0	0.0	0.0	0.0	0.0	0.0	0.0	0.0	0.0	0.0	0.0	0.0	0.0	0.0	0.0	0.0	0.0	0.0	0.0	0.0	0.0	0.0	
Plumed Whistling-Duck (<em class="sci">Dendrocygna eytoni</em>)	0.0	0.0	0.0	0.012987	0.0	0.0	0.0015	0.0	0.0	0.0	0.0	0.0	0.0	0.0	0.0	0.0	0.0	0.0	0.0	0.0	0.0	0.0	0.0	0.0	0.0	0.0	0.0	0.0163934	0.0	0.0	0.0	0.0	0.0	0.0	0.0	0.0	0.0	0.0	0.0	0.0	0.0	0.0	0.0	0.0147059	0.0	0.0	0.0	0.0	
Graylag Goose (Domestic type) (<em class="sci">Anser anser (Domestic type)</em>)	0.1463415	0.3728814	0.4181818	0.4545455	0.5	0.4418605	0.3137255	0.4509804	0.3269231	0.3589744	0.1923077	0.3035714	0.40625	0.3529412	0.5517241	0.625	0.5263158	0.5	0.5128205	0.4545455	0.3333333	0.4285714	0.2666667	0.3695652	0.4693878	0.5869565	0.5853659	0.4262295	0.48	0.3684211	0.3207547	0.4067797	0.3714286	0.4042553	0.2702703	0.4468085	0.3731343	0.6078431	0.4772727	0.5384615	0.6428571	0.4285714	0.5471698	0.5735294	0.4285714	0.5769231	0.6363636	0.0857143	
Domestic goose sp. (Domestic type) (<em class="sci">Anser sp. (Domestic type)</em>)	0.3658537	0.3050847	0.2909091	0.3766234	0.3518519	0.3255814	0.372549	0.372549	0.3076923	0.4358974	0.5384615	0.4107143	0.40625	0.3823529	0.3448276	0.35	0.2894737	0.2608696	0.2564103	0.3181818	0.3809524	0.4285714	0.3	0.2826087	0.3673469	0.2608696	0.3414634	0.4262295	0.36	0.3157895	0.3584906	0.3389831	0.2285714	0.3404255	0.3783784	0.1914894	0.238806	0.2941176	0.2045455	0.1846154	0.1428571	0.2142857	0.1320755	0.1764706	0.2285714	0.3076923	0.1818182	0.2857143	
Freckled Duck (<em class="sci">Stictonetta naevosa</em>)	0.0	0.0508475	0.0	0.0779221	0.0185185	0.0232558	0.0	0.0392157	0.0961538	0.2051282	0.0	0.0	0.0015	0.0	0.0	0.075	0.0263158	0.0	0.0	0.0227273	0.0952381	0.2857143	0.1666667	0.2173913	0.1632653	0.1521739	0.1463415	0.3770492	0.3	0.0526316	0.0566038	0.1525424	0.2857143	0.1489362	0.1621622	0.0425532	0.0597015	0.1568627	0.1818182	0.1076923	0.1071429	0.0178571	0.0188679	0.0	0.0285714	0.0	0.0	0.0571429	
Black Swan (<em class="sci">Cygnus atratus</em>)	0.902439	0.9661017	0.9272727	0.974026	0.9259259	1.0	1.0	0.9607843	0.9038462	0.974359	0.8846154	0.9285714	0.9375	0.9705882	0.9655172	0.925	0.9473684	0.9782609	0.8974359	0.9545455	0.9047619	0.9428571	0.9	0.826087	0.9387755	0.9565217	0.9512195	0.9836066	0.94	0.9473684	0.9245283	0.9491525	0.9428571	0.9787234	0.9459459	0.9787234	0.8507463	0.9411765	0.8636364	0.9076923	1.0	0.8214286	0.8867925	0.9852941	1.0	1.0	1.0	0.8857143	
Australian Shelduck (<em class="sci">Tadorna tadornoides</em>)	0.0	0.0	0.0	0.0	0.0	0.0	0.0	0.0196078	0.0	0.0	0.0	0.0	0.0	0.0	0.0	0.0	0.0	0.0	0.0	0.0	0.0	0.0	0.0	0.0217391	0.0	0.0	0.0	0.0015	0.0	0.0	0.0	0.0	0.0	0.0	0.0	0.0	0.0	0.0	0.0	0.0153846	0.0	0.0	0.0188679	0.0	0.0	0.0	0.0	0.0	
Muscovy Duck (Domestic type) (<em class="sci">Cairina moschata (Domestic type)</em>)	0.097561	0.1355932	0.0545455	0.025974	0.0	0.0232558	0.0392157	0.0784314	0.0192308	0.0769231	0.0769231	0.0535714	0.21875	0.1764706	0.2758621	0.2	0.2368421	0.1304348	0.1282051	0.2045455	0.1428571	0.3142857	0.2	0.2391304	0.3061224	0.173913	0.1463415	0.0655738	0.06	0.1052632	0.0188679	0.1525424	0.0571429	0.1276596	0.0810811	0.2553191	0.1492537	0.1960784	0.1136364	0.0923077	0.1785714	0.1071429	0.1132075	0.0441176	0.0	0.1153846	0.0	0.1714286	
Maned Duck (<em class="sci">Chenonetta jubata</em>)	0.3170732	0.3050847	0.2909091	0.4415584	0.462963	0.4186047	0.3529412	0.4509804	0.2692308	0.1794872	0.5	0.3035714	0.5	0.4117647	0.1034483	0.175	0.2105263	0.2391304	0.2307692	0.3409091	0.3333333	0.3714286	0.5666667	0.3478261	0.4693878	0.4347826	0.5853659	0.5245902	0.46	0.5	0.2641509	0.2542373	0.3428571	0.1702128	0.1621622	0.1276596	0.0895522	0.0784314	0.1590909	0.1076923	0.1785714	0.1785714	0.2075472	0.1323529	0.2571429	0.3846154	0.0454545	0.2285714	
Australian Shoveler (<em class="sci">Spatula rhynchotis</em>)	0.0487805	0.0338983	0.0545455	0.012987	0.0	0.0	0.0392157	0.0392157	0.0576923	0.0512821	0.0384615	0.0357143	0.03125	0.0294118	0.0344828	0.05	0.0263158	0.1086957	0.1025641	0.1136364	0.0952381	0.0285714	0.0	0.0217391	0.0408163	0.0	0.0487805	0.0655738	0.06	0.0526316	0.0377358	0.0508475	0.0	0.0425532	0.027027	0.0212766	0.0149254	0.0015	0.0	0.0307692	0.0357143	0.0357143	0.0	0.0	0.0	0.0384615	0.0	0.0285714	
Pacific Black Duck (<em class="sci">Anas superciliosa</em>)	0.902439	0.9830508	0.9636364	0.987013	0.9814815	1.0	0.9803922	0.9803922	0.8653846	0.9487179	0.9230769	0.8928571	0.90625	0.9705882	0.9310345	0.925	0.8947368	0.9782609	0.8974359	0.9318182	0.8571429	1.0	0.8666667	0.8478261	0.9591837	0.9347826	0.9268293	0.9344262	0.92	0.9210526	0.8867925	0.9152542	0.8857143	0.9787234	0.9459459	0.9787234	0.880597	0.9607843	0.8636364	0.9076923	1.0	0.8928571	0.9622642	0.9411765	0.9428571	1.0	0.9090909	0.8285714	
Mallard (<em class="sci">Anas platyrhynchos</em>)	0.0	0.0	0.0	0.0	0.0	0.0	0.0	0.0	0.0	0.0	0.0	0.0	0.0	0.0	0.0	0.0	0.0	0.0	0.0	0.0	0.0	0.0285714	0.0	0.0	0.0	0.0	0.0	0.0	0.0	0.0	0.0	0.0	0.0	0.0	0.0	0.0	0.0	0.0	0.0	0.0	0.0	0.0	0.0	0.0	0.0	0.0	0.0	0.0	
Mallard (Domestic type) (<em class="sci">Anas platyrhynchos (Domestic type)</em>)	0.3414634	0.4237288	0.4181818	0.5714286	0.5740741	0.5348837	0.4705882	0.5686275	0.5384615	0.6153846	0.5769231	0.5535714	0.625	0.5	0.7241379	0.7	0.5789474	0.5217391	0.5897436	0.6818182	0.5238095	0.6571429	0.4666667	0.4347826	0.5714286	0.673913	0.7317073	0.5245902	0.52	0.6052632	0.4716981	0.6779661	0.6571429	0.5531915	0.5405405	0.4893617	0.2985075	0.5294118	0.5	0.4615385	0.7142857	0.3571429	0.4339623	0.5	0.4857143	0.6923077	0.6818182	0.2285714	
Mallard x Pacific Black Duck (hybrid) (<em class="sci">Anas platyrhynchos x superciliosa</em>)	0.0731707	0.0677966	0.0	0.012987	0.037037	0.0	0.0196078	0.0196078	0.0576923	0.1538462	0.1153846	0.0892857	0.09375	0.1470588	0.2068966	0.1	0.0789474	0.0434783	0.025641	0.0681818	0.047619	0.0571429	0.0666667	0.0652174	0.0408163	0.0434783	0.0	0.0655738	0.02	0.0789474	0.0377358	0.1016949	0.1428571	0.212766	0.2162162	0.2340426	0.119403	0.2352941	0.1363636	0.1384615	0.25	0.0714286	0.0754717	0.0588235	0.0	0.0769231	0.0454545	0.1142857	
Gray Teal (<em class="sci">Anas gracilis</em>)	0.4390244	0.6101695	0.6181818	0.7272727	0.7037037	0.6046512	0.5686275	0.745098	0.5384615	0.7692308	0.5769231	0.4464286	0.5	0.4705882	0.5172414	0.575	0.4736842	0.5869565	0.3589744	0.5227273	0.6190476	0.5714286	0.5	0.4347826	0.4897959	0.5217391	0.5853659	0.7540984	0.66	0.5789474	0.490566	0.559322	0.6571429	0.7659574	0.7297297	0.7021277	0.5522388	0.7058824	0.5909091	0.6461538	0.6785714	0.5357143	0.4716981	0.5735294	0.6571429	0.8846154	0.6818182	0.3714286	
Chestnut Teal (<em class="sci">Anas castanea</em>)	0.097561	0.220339	0.2909091	0.2467532	0.2962963	0.2093023	0.254902	0.254902	0.2115385	0.2307692	0.2307692	0.1428571	0.15625	0.0882353	0.1034483	0.1	0.1578947	0.173913	0.0769231	0.0681818	0.047619	0.0571429	0.1333333	0.0869565	0.0612245	0.0869565	0.1463415	0.0655738	0.04	0.1578947	0.0943396	0.2881356	0.1142857	0.1914894	0.1351351	0.1489362	0.2537313	0.1372549	0.1136364	0.2153846	0.1428571	0.0892857	0.1132075	0.1470588	0.0857143	0.1923077	0.0909091	0.1142857	
teal sp. (<em class="sci">Anatidae sp. (teal sp.)</em>)	0.0	0.0	0.0	0.0	0.0	0.0	0.0	0.0	0.0192308	0.0	0.0384615	0.0	0.0	0.0	0.0	0.0	0.0	0.0	0.0	0.0	0.0	0.0285714	0.0	0.0	0.0	0.0	0.0	0.0	0.0	0.0	0.0	0.0	0.0	0.0	0.0	0.0	0.0149254	0.0	0.0	0.0153846	0.0	0.0	0.0	0.0147059	0.0	0.0	0.0	0.0	
Pink-eared Duck (<em class="sci">Malacorhynchus membranaceus</em>)	0.0	0.0	0.0181818	0.2077922	0.0925926	0.0232558	0.0	0.0392157	0.0	0.025641	0.0	0.0	0.0	0.0	0.0	0.0015	0.0263158	0.1956522	0.2820513	0.4545455	0.1904762	0.4857143	0.3333333	0.3478261	0.4489796	0.5217391	0.5853659	0.4754098	0.54	0.3947368	0.3962264	0.3898305	0.5428571	0.4255319	0.3243243	0.3191489	0.2537313	0.254902	0.3181818	0.2769231	0.4642857	0.0892857	0.0566038	0.1176471	0.0	0.0769231	0.0909091	0.0285714	
Hardhead (<em class="sci">Aythya australis</em>)	0.6341463	0.8644068	0.9272727	0.8961039	0.9259259	0.8604651	0.6862745	0.7843137	0.7884615	0.7179487	0.5769231	0.6607143	0.625	0.6470588	0.7241379	0.875	0.8684211	0.8695652	0.8205128	0.8863636	0.8571429	0.9428571	0.8333333	0.826087	0.877551	0.9130435	0.902439	0.8852459	0.9	0.7894737	0.8301887	0.8813559	0.8	0.893617	0.9459459	0.893617	0.6865672	0.8039216	0.7272727	0.7384615	0.8571429	0.5714286	0.6226415	0.8529412	0.8857143	0.9230769	0.8181818	0.7428571	
Musk Duck (<em class="sci">Biziura lobata</em>)	0.0243902	0.0169492	0.0181818	0.012987	0.0015	0.0232558	0.0	0.0	0.0192308	0.025641	0.1538462	0.0357143	0.0625	0.0588235	0.0	0.0015	0.0263158	0.0	0.0015	0.0454545	0.0	0.0	0.1	0.0217391	0.0204082	0.0434783	0.0	0.0327869	0.04	0.1052632	0.0566038	0.0508475	0.0	0.0212766	0.0540541	0.0212766	0.0149254	0.0196078	0.0454545	0.0461538	0.0	0.0178571	0.0188679	0.0441176	0.0571429	0.0384615	0.0454545	0.0571429	
duck sp. (<em class="sci">Anatinae sp.</em>)	0.0	0.0847458	0.1272727	0.0	0.0	0.0697674	0.0392157	0.0392157	0.0384615	0.0769231	0.0	0.0535714	0.03125	0.0294118	0.0344828	0.025	0.0263158	0.0217391	0.0	0.0227273	0.047619	0.0571429	0.0666667	0.0434783	0.1428571	0.1304348	0.1463415	0.0491803	0.06	0.0263158	0.0188679	0.0677966	0.0285714	0.0212766	0.0	0.1702128	0.1044776	0.1176471	0.0909091	0.1846154	0.2142857	0.0892857	0.0943396	0.0735294	0.0285714	0.0769231	0.0454545	0.0	
Australian Brushturkey (<em class="sci">Alectura lathami</em>)	0.0	0.0	0.0	0.0	0.0	0.0	0.0	0.0	0.0	0.0	0.0	0.0	0.0	0.0294118	0.0	0.0	0.0	0.0	0.0	0.0	0.0	0.0	0.0	0.0	0.0	0.0217391	0.0	0.0	0.0	0.0	0.0	0.0	0.0	0.0	0.0	0.0	0.0	0.0	0.0	0.0153846	0.0	0.0	0.0	0.0	0.0	0.0	0.0	0.0	
Indian Peafowl (Domestic type) (<em class="sci">Pavo cristatus (Domestic type)</em>)	0.0243902	0.0169492	0.0181818	0.0	0.0	0.0	0.0	0.0196078	0.0192308	0.0512821	0.0384615	0.0	0.09375	0.0588235	0.0	0.0	0.0263158	0.0217391	0.0	0.0	0.0	0.0	0.0	0.0	0.0	0.0	0.0	0.0327869	0.02	0.0526316	0.0188679	0.0677966	0.0	0.0425532	0.0540541	0.0425532	0.0298507	0.0	0.0454545	0.0923077	0.0357143	0.0178571	0.0188679	0.0294118	0.0	0.0384615	0.0	0.0857143	
Brown Quail (<em class="sci">Synoicus ypsilophorus</em>)	0.0	0.0338983	0.0545455	0.0519481	0.0	0.0232558	0.0588235	0.0	0.0015	0.0512821	0.0384615	0.0178571	0.0625	0.0294118	0.0344828	0.05	0.0263158	0.0217391	0.0	0.0	0.0	0.0285714	0.0	0.0217391	0.0408163	0.0	0.0	0.0327869	0.0015	0.0263158	0.0	0.0508475	0.0285714	0.0638298	0.027027	0.0212766	0.0298507	0.0196078	0.0	0.0307692	0.0357143	0.0357143	0.0377358	0.0441176	0.0	0.0	0.0015	0.0857143	
Stubble Quail (<em class="sci">Coturnix pectoralis</em>)	0.0	0.0	0.0	0.0	0.0	0.0	0.0	0.0	0.0	0.0	0.0	0.0	0.0	0.0	0.0	0.0	0.0	0.0	0.0	0.0	0.0	0.0	0.0	0.0	0.0	0.0	0.0	0.0	0.0	0.0	0.0	0.0	0.0	0.0	0.0	0.0	0.0	0.0	0.0	0.0	0.0	0.0	0.0	0.0	0.0	0.0	0.0454545	0.0	
Australasian Grebe (<em class="sci">Tachybaptus novaehollandiae</em>)	0.2926829	0.2711864	0.3818182	0.4155844	0.4259259	0.5581395	0.4313725	0.6078431	0.4423077	0.6410256	0.5	0.5	0.625	0.7352941	0.862069	0.85	0.8421053	0.8478261	0.7435897	0.7727273	0.7619048	0.8857143	0.8	0.7826087	0.8163265	0.9130435	0.8780488	0.7868852	0.84	0.8157895	0.6603774	0.8305085	0.8285714	0.787234	0.7837838	0.6595745	0.4029851	0.6470588	0.5454545	0.5230769	0.6428571	0.3571429	0.3396226	0.4705882	0.4285714	0.5	0.4545455	0.3142857	
Hoary-headed Grebe (<em class="sci">Poliocephalus poliocephalus</em>)	0.0	0.0	0.0	0.0	0.0	0.0232558	0.0	0.0	0.0	0.0	0.0	0.0	0.0	0.0	0.0	0.025	0.0	0.0	0.0512821	0.0	0.0	0.0285714	0.0	0.0217391	0.0408163	0.0434783	0.0	0.0163934	0.02	0.0	0.0566038	0.0	0.0	0.0	0.0	0.0	0.0149254	0.0	0.0015	0.0	0.0	0.0	0.0	0.0	0.0	0.0	0.0	0.0	
Great Crested Grebe (<em class="sci">Podiceps cristatus</em>)	0.0	0.0	0.0	0.0	0.0185185	0.0	0.0	0.0	0.0	0.0	0.0	0.0	0.0	0.0	0.0	0.0	0.0	0.0	0.0	0.0	0.0	0.0	0.0	0.0	0.0	0.0	0.0	0.0	0.0	0.0	0.0	0.0	0.0	0.0	0.0	0.0	0.0	0.0	0.0	0.0	0.0	0.0	0.0	0.0	0.0	0.0	0.0	0.0	
grebe sp. (<em class="sci">Podicipedidae sp.</em>)	0.0	0.0	0.0	0.0	0.0	0.0	0.0	0.0	0.0	0.0	0.0384615	0.0	0.0	0.0	0.0	0.0	0.0	0.0	0.0	0.0	0.0	0.0	0.0	0.0	0.0	0.0	0.0	0.0	0.0	0.0	0.0	0.0	0.0	0.0	0.0	0.0	0.0	0.0	0.0	0.0	0.0	0.0	0.0	0.0	0.0	0.0384615	0.0	0.0	
Rock Pigeon (<em class="sci">Columba livia</em>)	0.804878	0.9152542	0.8909091	0.9220779	0.8703704	0.8837209	0.8823529	0.9411765	0.8076923	0.9487179	0.8461538	0.7857143	0.9375	0.8823529	0.9310345	0.95	0.8947368	0.8913043	0.8205128	0.9090909	0.8095238	0.9428571	0.7333333	0.8043478	0.8571429	0.8913043	0.9268293	0.9180328	0.82	0.8421053	0.8490566	0.8813559	0.8285714	0.893617	0.8648649	0.9361702	0.7462687	0.9019608	0.7954545	0.8461538	0.8571429	0.6785714	0.8490566	0.8529412	0.7714286	0.9615385	0.8636364	0.8	
White-headed Pigeon (<em class="sci">Columba leucomela</em>)	0.0	0.0	0.0	0.0	0.0	0.0	0.0	0.0	0.0	0.0	0.0	0.0	0.03125	0.0294118	0.0	0.0	0.0	0.0	0.0	0.0	0.0	0.0	0.0333333	0.0	0.0	0.0	0.0	0.0	0.0	0.0	0.0	0.0015	0.0	0.0	0.0	0.0	0.0	0.0	0.0	0.0	0.0	0.0	0.0	0.0	0.0	0.0	0.0	0.0	
African Collared-Dove (Domestic type or Ringed Turtle-Dove) (<em class="sci">Streptopelia roseogrisea (Domestic type)</em>)	0.0	0.0	0.0	0.0	0.0	0.0	0.0	0.0	0.0	0.0	0.0	0.0	0.0	0.0294118	0.0	0.0	0.0	0.0	0.0	0.0	0.0	0.0	0.0	0.0	0.0	0.0	0.0	0.0	0.0	0.0	0.0	0.0	0.0	0.0	0.0	0.0	0.0	0.0	0.0	0.0	0.0	0.0	0.0	0.0	0.0	0.0	0.0	0.0	
Spotted Dove (<em class="sci">Streptopelia chinensis</em>)	0.6097561	0.7627119	0.6909091	0.7662338	0.7592593	0.7674419	0.7843137	0.8431373	0.6538462	0.8717949	0.7307692	0.7678571	0.75	0.7647059	0.862069	0.875	0.7105263	0.7608696	0.5897436	0.7045455	0.7142857	0.7142857	0.7	0.5434783	0.7142857	0.7391304	0.7560976	0.704918	0.7	0.7894737	0.6037736	0.7457627	0.7428571	0.7234043	0.7027027	0.8297872	0.5671642	0.6666667	0.5454545	0.6769231	0.8214286	0.4285714	0.6037736	0.6911765	0.6857143	0.7307692	0.7272727	0.5714286	
Common Bronzewing (<em class="sci">Phaps chalcoptera</em>)	0.0	0.0	0.0	0.0	0.0	0.0	0.0196078	0.0	0.0	0.0	0.0	0.0	0.0	0.0	0.0	0.0	0.0	0.0	0.0	0.0	0.0	0.0	0.0	0.0	0.0	0.0	0.0	0.0	0.0	0.0	0.0188679	0.0	0.0	0.0	0.027027	0.0	0.0	0.0	0.0	0.0	0.0	0.0	0.0	0.0	0.0	0.0	0.0	0.0	
Crested Pigeon (<em class="sci">Ocyphaps lophotes</em>)	0.8536585	0.9152542	0.9454545	0.961039	0.962963	0.9069767	0.8823529	0.9607843	0.8461538	1.0	0.8461538	0.8035714	0.90625	0.8529412	0.9310345	1.0	0.9210526	0.8695652	0.8717949	0.8409091	0.9047619	0.9428571	0.8666667	0.8043478	0.8163265	0.8913043	0.8292683	0.9180328	0.92	0.7894737	0.7924528	0.9152542	0.9428571	0.9361702	0.9189189	0.9148936	0.8208955	0.9019608	0.8181818	0.9230769	0.9642857	0.8214286	0.8490566	0.8970588	0.9142857	0.9230769	0.9545455	0.8285714	
Wonga Pigeon (<em class="sci">Leucosarcia melanoleuca</em>)	0.0	0.0	0.0	0.0	0.0	0.0	0.0	0.0	0.0	0.0	0.0	0.0	0.0	0.0	0.0	0.0	0.0	0.0	0.0	0.0	0.0	0.0	0.0	0.0	0.0	0.0	0.0	0.0	0.0	0.0	0.0	0.0	0.0	0.0	0.0	0.0	0.0	0.0	0.0	0.0	0.0	0.0	0.0	0.0	0.0285714	0.0	0.0	0.0	
Bar-shouldered Dove (<em class="sci">Geopelia humeralis</em>)	0.0	0.0	0.0	0.0	0.0	0.0	0.0015	0.0	0.0015	0.0	0.0	0.0	0.0	0.0	0.0	0.0	0.0	0.0	0.0	0.0	0.0	0.0285714	0.0	0.0	0.0	0.0	0.0	0.0	0.0	0.0	0.0	0.0	0.0285714	0.0	0.0	0.0	0.0	0.0	0.0	0.0	0.0	0.0	0.0	0.0	0.0	0.0	0.0	0.0	
fruit-dove sp. (<em class="sci">Ptilinopus sp.</em>)	0.0	0.0	0.0	0.012987	0.0	0.0	0.0	0.0	0.0	0.0	0.0	0.0	0.0	0.0	0.0	0.0	0.0	0.0	0.0	0.0	0.0	0.0	0.0	0.0	0.0	0.0	0.0	0.0	0.0	0.0	0.0	0.0	0.0	0.0	0.0	0.0	0.0	0.0	0.0	0.0	0.0	0.0	0.0	0.0	0.0	0.0	0.0	0.0	
Topknot Pigeon (<em class="sci">Lopholaimus antarcticus</em>)	0.0	0.0	0.0363636	0.012987	0.0185185	0.0465116	0.2156863	0.1176471	0.1153846	0.1538462	0.2307692	0.0535714	0.0	0.0	0.0	0.0	0.0	0.0	0.0	0.0	0.0	0.0	0.0	0.0217391	0.0	0.0	0.0	0.0	0.0	0.0	0.0188679	0.0169492	0.0	0.0425532	0.0015	0.0	0.0298507	0.0	0.0	0.0153846	0.0	0.0	0.0	0.0	0.0285714	0.0	0.0	0.0	
Pacific Koel (<em class="sci">Eudynamys orientalis</em>)	0.195122	0.1694915	0.1272727	0.1428571	0.0740741	0.0465116	0.1764706	0.0196078	0.0384615	0.025641	0.0	0.0	0.0	0.0	0.0	0.0	0.0	0.0	0.0	0.0	0.0	0.0	0.0	0.0	0.0	0.0	0.0	0.0	0.0	0.0	0.0	0.0	0.0015	0.0212766	0.027027	0.0638298	0.119403	0.2745098	0.0909091	0.2153846	0.1428571	0.1964286	0.2075472	0.2352941	0.1714286	0.1923077	0.1363636	0.1714286	
Channel-billed Cuckoo (<em class="sci">Scythrops novaehollandiae</em>)	0.2926829	0.440678	0.2727273	0.1818182	0.2407407	0.1395349	0.0980392	0.0784314	0.0192308	0.0	0.0384615	0.0357143	0.0015	0.0	0.0	0.0	0.0	0.0015	0.0	0.0	0.0	0.0	0.0	0.0	0.0	0.0	0.0	0.0	0.0	0.0	0.0	0.0	0.0285714	0.106383	0.027027	0.1914894	0.238806	0.3333333	0.1818182	0.3076923	0.5357143	0.3214286	0.3962264	0.3823529	0.3428571	0.6153846	0.4545455	0.2857143	
Horsfield's Bronze-Cuckoo (<em class="sci">Chrysococcyx basalis</em>)	0.0243902	0.0169492	0.0015	0.0	0.0	0.0	0.0	0.0	0.0	0.0	0.0	0.0	0.0	0.0015	0.0	0.0	0.0	0.0	0.0	0.0	0.0	0.0	0.0	0.0217391	0.0	0.0	0.0	0.0	0.0	0.0015	0.0	0.0	0.0	0.0212766	0.0	0.0	0.0	0.0196078	0.0	0.0153846	0.0	0.0	0.0	0.0	0.0	0.0	0.0	0.0	
Shining Bronze-Cuckoo (<em class="sci">Chrysococcyx lucidus</em>)	0.0	0.0169492	0.0181818	0.0	0.0	0.0	0.0196078	0.0	0.0	0.0	0.0	0.0	0.0	0.0	0.0	0.0	0.0	0.0	0.0	0.0	0.0	0.0	0.0	0.0217391	0.0	0.0	0.0	0.0	0.0	0.0	0.0	0.0	0.0	0.0	0.0	0.0212766	0.0	0.0	0.0	0.0	0.0	0.0	0.0	0.0	0.0	0.0	0.0	0.0	
Pallid Cuckoo (<em class="sci">Cacomantis pallidus</em>)	0.0	0.0	0.0	0.0	0.0	0.0	0.0	0.0196078	0.0	0.0	0.0	0.0	0.0	0.0	0.0	0.0	0.0	0.0	0.0	0.0	0.0	0.0	0.0	0.0	0.0	0.0	0.0	0.0	0.0	0.0	0.0	0.0	0.0	0.0	0.0	0.0212766	0.0	0.0	0.0	0.0	0.0	0.0	0.0	0.0147059	0.0	0.0	0.0	0.0	
Fan-tailed Cuckoo (<em class="sci">Cacomantis flabelliformis</em>)	0.0	0.0	0.0	0.0	0.0	0.0	0.0	0.0	0.0	0.0	0.0	0.0178571	0.0	0.0	0.0	0.0	0.0	0.0	0.0	0.0227273	0.047619	0.0285714	0.0	0.0015	0.0204082	0.0015	0.0	0.0	0.0	0.0	0.0	0.0	0.0285714	0.0	0.0	0.0	0.0	0.0	0.0015	0.0	0.0	0.0	0.0	0.0	0.0	0.0384615	0.0	0.0	
Brush Cuckoo (<em class="sci">Cacomantis variolosus</em>)	0.0	0.0	0.0	0.0	0.0	0.0	0.0	0.0	0.0	0.0	0.0	0.0	0.0	0.0	0.0	0.0	0.0	0.0	0.0	0.0	0.0	0.0	0.0	0.0	0.0	0.0	0.0	0.0	0.0	0.0	0.0	0.0	0.0	0.0	0.0	0.0	0.0	0.0015	0.0	0.0153846	0.0	0.0178571	0.0	0.0	0.0	0.0	0.0	0.0285714	
Tawny Frogmouth (<em class="sci">Podargus strigoides</em>)	0.3902439	0.5423729	0.4	0.5064935	0.4444444	0.6046512	0.5098039	0.6666667	0.5576923	0.7179487	0.6153846	0.5892857	0.46875	0.5294118	0.7241379	0.7	0.6578947	0.6304348	0.6153846	0.6363636	0.4761905	0.6	0.5	0.5	0.6734694	0.6521739	0.7317073	0.6393443	0.6	0.6842105	0.5283019	0.559322	0.6285714	0.5531915	0.5135135	0.5531915	0.4328358	0.6862745	0.4772727	0.3538462	0.4285714	0.4107143	0.3207547	0.3970588	0.4857143	0.6923077	0.5454545	0.1428571	
White-throated Needletail (<em class="sci">Hirundapus caudacutus</em>)	0.0487805	0.0338983	0.0363636	0.012987	0.0185185	0.0232558	0.0	0.0	0.0	0.0	0.0	0.0	0.0	0.0	0.0	0.0	0.0	0.0	0.0	0.0	0.0	0.0	0.0	0.0	0.0	0.0	0.0	0.0	0.0	0.0	0.0	0.0	0.0	0.0	0.0	0.0	0.0	0.0	0.0	0.0	0.0	0.0178571	0.0	0.0	0.0	0.0	0.0	0.0	
Pacific Swift (<em class="sci">Apus pacificus</em>)	0.0	0.0169492	0.0	0.012987	0.0	0.0	0.0	0.0	0.0	0.0	0.0	0.0	0.0	0.0	0.0	0.0	0.0	0.0	0.0	0.0	0.0	0.0	0.0	0.0	0.0	0.0	0.0	0.0	0.0	0.0	0.0	0.0	0.0	0.0	0.0	0.0	0.0	0.0	0.0	0.0	0.0	0.0	0.0	0.0	0.0	0.0	0.0	0.0	
Lewin's Rail (<em class="sci">Lewinia pectoralis</em>)	0.0	0.0	0.0	0.0	0.0	0.0	0.0	0.0	0.0	0.0	0.0	0.0	0.0	0.0	0.0	0.0	0.0	0.0	0.0	0.0	0.0	0.0	0.0	0.0	0.0	0.0	0.0	0.0	0.0	0.0	0.0	0.0	0.0	0.0	0.0	0.0	0.0	0.0	0.0	0.0	0.0	0.0	0.0	0.0147059	0.0285714	0.0015	0.0	0.0	
Buff-banded Rail (<em class="sci">Gallirallus philippensis</em>)	0.195122	0.2372881	0.2181818	0.1298701	0.3148148	0.1860465	0.2156863	0.1960784	0.1153846	0.1794872	0.0769231	0.1071429	0.125	0.2058824	0.0344828	0.1	0.0263158	0.0652174	0.0769231	0.0	0.047619	0.0285714	0.1	0.0652174	0.0	0.0015	0.0243902	0.0983607	0.14	0.0263158	0.0943396	0.1694915	0.1142857	0.0638298	0.1351351	0.1489362	0.1791045	0.1372549	0.1363636	0.1538462	0.1428571	0.25	0.1509434	0.1617647	0.0857143	0.2307692	0.1363636	0.1142857	
Australian Crake (<em class="sci">Porzana fluminea</em>)	0.0	0.0	0.0	0.0	0.0	0.0	0.0	0.0	0.0	0.0	0.0	0.0	0.0	0.0	0.0	0.0	0.0	0.0	0.0	0.0	0.0	0.0	0.0	0.0	0.0	0.0	0.0	0.0	0.0	0.0	0.0	0.0	0.0	0.0	0.0	0.0	0.0	0.0	0.0	0.0	0.0	0.0	0.0	0.0	0.0285714	0.0	0.0	0.0	
Dusky Moorhen (<em class="sci">Gallinula tenebrosa</em>)	0.8536585	0.9491525	0.9272727	0.974026	0.962963	1.0	0.9607843	0.9607843	0.8846154	1.0	0.9230769	0.8928571	0.9375	0.9705882	0.9310345	0.95	0.9210526	0.9347826	0.8461538	0.9090909	0.952381	1.0	0.8666667	0.8478261	0.9183673	0.8913043	0.9268293	0.9508197	0.92	0.8684211	0.9056604	0.9152542	0.8857143	1.0	0.9459459	0.9574468	0.8059701	0.9411765	0.8863636	0.8923077	0.9642857	0.875	0.8867925	0.9411765	0.9142857	1.0	0.9545455	0.8	
Eurasian Coot (<em class="sci">Fulica atra</em>)	0.902439	0.9661017	0.9090909	0.9350649	0.9444444	0.9534884	0.9607843	0.9215686	0.8653846	1.0	0.8461538	0.8928571	0.9375	0.9411765	0.9655172	0.925	0.9210526	0.9565217	0.8974359	0.9318182	1.0	1.0	0.9333333	0.8478261	0.9183673	0.9130435	0.9756098	0.9508197	0.94	0.8684211	0.9056604	0.8983051	0.8857143	0.9787234	0.9189189	0.9361702	0.7313433	0.8431373	0.8863636	0.8153846	0.8928571	0.7857143	0.8301887	0.8529412	0.9714286	1.0	0.8636364	0.8285714	
Australasian Swamphen (<em class="sci">Porphyrio melanotus</em>)	0.804878	0.9152542	0.8909091	0.9350649	0.9444444	0.9302326	0.9803922	0.9607843	0.8846154	0.974359	0.9230769	0.875	0.9375	0.9705882	0.9310345	0.95	0.9473684	0.9130435	0.8974359	0.9545455	0.952381	1.0	0.9	0.8478261	0.9183673	0.9565217	0.9756098	0.9836066	0.92	0.8947368	0.9056604	0.9152542	0.8857143	0.9787234	0.8918919	0.9574468	0.8507463	0.8823529	0.8863636	0.8923077	0.9642857	0.9107143	0.8679245	0.9558824	0.9428571	1.0	1.0	0.8571429	
Baillon's Crake (<em class="sci">Zapornia pusilla</em>)	0.0	0.0	0.0	0.0	0.0	0.0	0.0	0.0	0.0	0.0	0.0	0.0	0.0	0.0	0.0	0.0	0.0	0.0	0.0	0.0	0.0	0.0	0.0	0.0	0.0	0.0	0.0	0.0015	0.0	0.0	0.0	0.0	0.0	0.0212766	0.0	0.106383	0.0015	0.0	0.0	0.0153846	0.0015	0.0015	0.0188679	0.0	0.0	0.0	0.0	0.0	
Spotless Crake (<em class="sci">Zapornia tabuensis</em>)	0.0	0.0	0.0	0.0	0.0	0.0	0.0	0.0	0.0015	0.0	0.0	0.0	0.0	0.0	0.0	0.0	0.0	0.0	0.0	0.0	0.0	0.0	0.0	0.0	0.0	0.0	0.0	0.0	0.0	0.0	0.0	0.0	0.0	0.0	0.0	0.0	0.0	0.0	0.0	0.0	0.0	0.0	0.0	0.0	0.0	0.0	0.0	0.0	
Pied Stilt (<em class="sci">Himantopus leucocephalus</em>)	0.195122	0.1525424	0.2181818	0.025974	0.1296296	0.0465116	0.0196078	0.0588235	0.0	0.0	0.0384615	0.0178571	0.0625	0.0	0.0	0.025	0.0526316	0.0652174	0.025641	0.0227273	0.0	0.0	0.0	0.0	0.0	0.0	0.0	0.0163934	0.04	0.0789474	0.0188679	0.0	0.0285714	0.0638298	0.1081081	0.0212766	0.0597015	0.0	0.0454545	0.0769231	0.0	0.0357143	0.0377358	0.0294118	0.0285714	0.1153846	0.1363636	0.1142857	
Pied Oystercatcher (<em class="sci">Haematopus longirostris</em>)	0.0	0.0	0.0	0.012987	0.0	0.0	0.0	0.0	0.0	0.0	0.0	0.0	0.0	0.0	0.0	0.0	0.0	0.0	0.0	0.0	0.0	0.0	0.0	0.0	0.0	0.0	0.0	0.0	0.0	0.0	0.0	0.0	0.0	0.0	0.0	0.0	0.0	0.0	0.0	0.0	0.0	0.0	0.0	0.0	0.0	0.0	0.0	0.0	
Masked Lapwing (<em class="sci">Vanellus miles</em>)	0.7317073	0.9152542	0.8909091	0.9350649	0.9259259	0.9069767	0.8627451	0.9215686	0.8653846	0.8974359	0.7692308	0.7678571	0.875	0.8529412	0.9310345	0.775	0.8684211	0.826087	0.7948718	0.8181818	0.9047619	0.7714286	0.7666667	0.6521739	0.7959184	0.7608696	0.8536585	0.8196721	0.68	0.7894737	0.6415094	0.779661	0.8	0.8085106	0.7567568	0.8723404	0.7014925	0.8627451	0.6590909	0.7846154	0.8571429	0.6428571	0.7735849	0.8529412	0.7428571	0.9615385	0.7272727	0.7428571	
Red-kneed Dotterel (<em class="sci">Erythrogonys cinctus</em>)	0.0	0.0	0.0	0.0	0.0	0.0	0.0	0.0	0.0	0.0	0.0	0.0	0.0	0.0	0.0	0.0	0.0	0.0	0.0	0.0	0.0	0.0	0.0	0.0	0.0	0.0	0.0	0.0983607	0.08	0.2105263	0.1509434	0.1016949	0.1428571	0.0	0.0	0.0212766	0.0	0.0	0.0	0.0	0.0	0.0	0.0	0.0	0.0	0.0	0.0	0.0	
Black-fronted Dotterel (<em class="sci">Elseyornis melanops</em>)	0.2195122	0.2372881	0.3272727	0.2467532	0.2222222	0.1395349	0.1568627	0.0784314	0.0769231	0.0769231	0.1153846	0.0357143	0.0625	0.0588235	0.0	0.0	0.0526316	0.0434783	0.1025641	0.1363636	0.0	0.0285714	0.0666667	0.0	0.0	0.0	0.0243902	0.0163934	0.0	0.0526316	0.0943396	0.1186441	0.2	0.1276596	0.1621622	0.3829787	0.1791045	0.1568627	0.1363636	0.1846154	0.2142857	0.0892857	0.0566038	0.0882353	0.1428571	0.2692308	0.1363636	0.1142857	
Bar-tailed Godwit (<em class="sci">Limosa lapponica</em>)	0.0	0.0	0.0	0.0	0.0	0.0	0.0	0.0	0.0	0.0	0.0	0.0	0.0	0.0	0.0	0.0	0.0	0.0	0.0	0.0	0.0	0.0	0.0	0.0	0.0	0.0	0.0	0.0	0.0	0.0	0.0	0.0	0.0	0.0	0.0	0.0	0.0	0.0	0.0	0.0153846	0.0	0.0	0.0	0.0147059	0.0	0.0	0.0	0.0	
Sharp-tailed Sandpiper (<em class="sci">Calidris acuminata</em>)	0.0	0.0	0.0	0.0	0.0	0.0	0.0	0.0	0.0	0.0	0.0	0.0	0.0	0.0	0.0	0.0	0.0	0.0	0.0	0.0	0.0	0.0	0.0	0.0	0.0	0.0	0.0	0.0	0.0	0.0	0.0	0.0	0.0	0.0	0.0	0.0	0.0149254	0.0	0.0454545	0.0153846	0.0357143	0.0	0.0	0.0147059	0.0571429	0.0015	0.0	0.0	
Curlew Sandpiper (<em class="sci">Calidris ferruginea</em>)	0.0	0.0	0.0	0.0	0.0	0.0	0.0	0.0	0.0	0.0	0.0	0.0	0.0	0.0	0.0	0.0	0.0	0.0	0.0	0.0	0.0	0.0	0.0	0.0	0.0	0.0	0.0	0.0	0.0	0.0	0.0	0.0	0.0	0.0	0.027027	0.0	0.0	0.0	0.0	0.0	0.0	0.0	0.0	0.0	0.0	0.0	0.0	0.0	
peep sp. (<em class="sci">Calidris sp. (peep sp.)</em>)	0.0	0.0169492	0.0	0.0	0.0	0.0	0.0	0.0	0.0	0.0	0.0	0.0	0.0	0.0	0.0	0.0	0.0	0.0	0.0	0.0	0.0	0.0	0.0	0.0	0.0	0.0	0.0	0.0	0.0	0.0	0.0	0.0	0.0	0.0	0.0	0.0	0.0	0.0	0.0	0.0	0.0	0.0	0.0	0.0	0.0	0.0	0.0	0.0	
Latham's Snipe (<em class="sci">Gallinago hardwickii</em>)	0.0487805	0.0508475	0.0909091	0.038961	0.0925926	0.0465116	0.0392157	0.0392157	0.0192308	0.0	0.0	0.0	0.0	0.0	0.0	0.0	0.0	0.0	0.0	0.0	0.0	0.0	0.0	0.0	0.0	0.0	0.0	0.0	0.0	0.0	0.0	0.0	0.0	0.0212766	0.027027	0.0851064	0.0447761	0.0980392	0.1136364	0.0769231	0.0714286	0.0178571	0.0943396	0.1029412	0.0571429	0.1153846	0.0454545	0.1142857	
Common Greenshank (<em class="sci">Tringa nebularia</em>)	0.0	0.0	0.0	0.0	0.0	0.0	0.0	0.0	0.0	0.0	0.0	0.0	0.0	0.0	0.0	0.0	0.0	0.0	0.0	0.0	0.0	0.0	0.0	0.0	0.0	0.0	0.0	0.0	0.0	0.0	0.0	0.0	0.0	0.0	0.027027	0.0	0.0	0.0	0.0	0.0	0.0	0.0	0.0	0.0	0.0	0.0	0.0	0.0	
Little Buttonquail (<em class="sci">Turnix velox</em>)	0.0	0.0	0.0015	0.0	0.0	0.0	0.0	0.0	0.0	0.0	0.0	0.0	0.0	0.0	0.0	0.0	0.0	0.0	0.0	0.0	0.0	0.0	0.0	0.0	0.0	0.0	0.0	0.0	0.0	0.0	0.0	0.0	0.0	0.0	0.0	0.0	0.0	0.0	0.0	0.0	0.0	0.0	0.0	0.0	0.0	0.0	0.0	0.0	
shorebird sp. (<em class="sci">Charadriiformes sp.</em>)	0.0	0.0	0.0	0.0	0.0	0.0	0.0	0.0	0.0	0.0	0.0	0.0	0.0	0.0	0.0	0.0	0.0	0.0	0.0	0.0	0.0	0.0	0.0	0.0	0.0	0.0	0.0	0.0	0.0	0.0	0.0	0.0	0.0	0.0	0.0	0.0212766	0.0	0.0	0.0	0.0	0.0	0.0	0.0	0.0	0.0	0.0	0.0	0.0	
Silver Gull (<em class="sci">Chroicocephalus novaehollandiae</em>)	0.8292683	0.8983051	0.9272727	0.9090909	0.8703704	0.9302326	0.8823529	0.8627451	0.75	0.9230769	0.8461538	0.8214286	0.90625	0.8823529	0.9310345	0.9	0.8684211	0.9130435	0.7692308	0.9090909	0.8571429	0.8571429	0.8333333	0.7608696	0.7959184	0.9130435	0.9268293	0.852459	0.84	0.7631579	0.7358491	0.8983051	0.7714286	0.787234	0.7297297	0.7446809	0.5671642	0.7254902	0.6363636	0.6769231	0.8571429	0.5535714	0.7358491	0.8235294	0.8285714	0.9230769	0.8636364	0.8571429	
Kelp Gull (<em class="sci">Larus dominicanus</em>)	0.0	0.0	0.0	0.012987	0.0	0.0	0.0	0.0	0.0	0.0	0.0	0.0	0.0	0.0	0.0	0.0	0.0	0.0	0.0	0.0	0.0	0.0	0.0	0.0	0.0	0.0	0.0	0.0	0.0	0.0	0.0	0.0	0.0	0.0	0.0	0.0	0.0	0.0	0.0	0.0	0.0	0.0	0.0	0.0	0.0	0.0	0.0	0.0	
gull sp. (<em class="sci">Larinae sp.</em>)	0.0	0.0	0.0	0.0	0.0	0.0	0.0	0.0	0.0	0.0	0.0	0.0	0.0	0.0	0.0	0.0	0.0	0.0	0.0	0.0	0.0	0.0	0.0	0.0	0.0	0.0	0.0	0.0	0.0	0.0	0.0188679	0.0	0.0	0.0	0.0	0.0	0.0	0.0	0.0	0.0	0.0	0.0	0.0	0.0	0.0	0.0	0.0	0.0	
Little Tern (<em class="sci">Sternula albifrons</em>)	0.0487805	0.1016949	0.0015	0.0	0.0	0.0	0.0	0.0	0.0	0.0	0.0	0.0	0.0	0.0	0.0	0.0	0.0	0.0	0.0	0.0	0.0	0.0	0.0	0.0	0.0	0.0	0.0	0.0	0.0	0.0	0.0	0.0	0.0	0.0	0.0	0.0	0.0	0.0	0.0	0.0	0.0	0.0	0.0	0.0	0.0	0.0	0.0	0.0	
Caspian Tern (<em class="sci">Hydroprogne caspia</em>)	0.0	0.0	0.0	0.0	0.0	0.0	0.0196078	0.0	0.0	0.0	0.0	0.0	0.0	0.0	0.0	0.0	0.0	0.0	0.0	0.0	0.0	0.0	0.0	0.0	0.0	0.0	0.0	0.0	0.0	0.0	0.0	0.0169492	0.0	0.0	0.0	0.0	0.0	0.0	0.0	0.0	0.0	0.0	0.0188679	0.0	0.0	0.0	0.0	0.0	
Whiskered Tern (<em class="sci">Chlidonias hybrida</em>)	0.0	0.0	0.0	0.012987	0.0	0.0	0.0	0.0	0.0192308	0.0	0.0	0.0	0.0	0.0015	0.0	0.0	0.0	0.0	0.0	0.0	0.0	0.0015	0.0	0.0	0.0	0.0	0.0	0.0	0.0	0.0	0.0	0.0	0.0	0.0	0.0	0.0851064	0.0149254	0.0	0.0	0.0153846	0.0	0.0	0.0	0.0015	0.0	0.0	0.0	0.0	
Common Tern (<em class="sci">Sterna hirundo</em>)	0.0243902	0.0	0.0181818	0.0	0.0	0.0	0.0	0.0	0.0	0.0	0.0	0.0	0.0	0.0	0.0	0.0	0.0	0.0	0.0	0.0	0.0	0.0	0.0	0.0	0.0	0.0	0.0	0.0	0.0	0.0	0.0	0.0	0.0	0.0	0.0	0.0	0.0	0.0	0.0	0.0	0.0	0.0	0.0	0.0	0.0	0.0	0.0	0.0	
Great Crested Tern (<em class="sci">Thalasseus bergii</em>)	0.0	0.0	0.0	0.0	0.0	0.0	0.0	0.0196078	0.0	0.0	0.0	0.0	0.0	0.0	0.0	0.0	0.0	0.0	0.0	0.0	0.0	0.0	0.0	0.0	0.0	0.0	0.0	0.0	0.0	0.0	0.0	0.0	0.0	0.0	0.0	0.0	0.0	0.0	0.0	0.0	0.0	0.0	0.0	0.0	0.0	0.0	0.0	0.0	
Australasian Gannet (<em class="sci">Morus serrator</em>)	0.0	0.0	0.0	0.0	0.0	0.0	0.0	0.0	0.0	0.0	0.0	0.0178571	0.0	0.0	0.0	0.0	0.0	0.0	0.0	0.0	0.0	0.0	0.0	0.0	0.0	0.0217391	0.0	0.0	0.0	0.0	0.0	0.0	0.0	0.0	0.0	0.0	0.0	0.0	0.0	0.0	0.0	0.0	0.0	0.0	0.0	0.0	0.0	0.0	
Australasian Darter (<em class="sci">Anhinga novaehollandiae</em>)	0.804878	0.8983051	0.8727273	0.9090909	0.8888889	0.9534884	0.8627451	0.9607843	0.8076923	0.974359	0.8461538	0.8035714	0.8125	0.8823529	0.8965517	0.975	0.8421053	0.8913043	0.7179487	0.8636364	0.7619048	0.7714286	0.7	0.5652174	0.7755102	0.673913	0.5609756	0.5409836	0.7	0.6315789	0.6981132	0.7627119	0.8285714	0.7446809	0.8108108	0.7659574	0.6716418	0.8039216	0.6590909	0.8	0.8214286	0.6964286	0.7735849	0.8676471	0.8285714	1.0	0.7727273	0.7428571	
Little Pied Cormorant (<em class="sci">Microcarbo melanoleucos</em>)	0.7317073	0.8305085	0.8363636	0.8311688	0.8333333	0.8837209	0.8039216	0.8823529	0.6730769	0.8205128	0.7692308	0.7857143	0.75	0.7058824	0.5862069	0.7	0.5526316	0.7173913	0.5128205	0.5681818	0.7619048	0.6285714	0.5333333	0.5217391	0.6122449	0.5	0.4390244	0.4590164	0.44	0.4473684	0.5660377	0.6440678	0.6571429	0.8297872	0.6216216	0.7446809	0.6716418	0.745098	0.6363636	0.6615385	0.8928571	0.625	0.6981132	0.7647059	0.7428571	0.9615385	0.8636364	0.8285714	
Great Cormorant (<em class="sci">Phalacrocorax carbo</em>)	0.6097561	0.779661	0.7272727	0.7792208	0.8148148	0.9069767	0.7647059	0.8039216	0.6730769	0.8717949	0.7307692	0.8214286	0.875	0.8235294	0.862069	0.925	0.8421053	0.9130435	0.6666667	0.8181818	0.7619048	0.7428571	0.8666667	0.7391304	0.8163265	0.8695652	0.902439	0.8196721	0.74	0.8157895	0.5660377	0.7627119	0.6857143	0.7659574	0.7567568	0.7446809	0.641791	0.7058824	0.7045455	0.7230769	0.8214286	0.5892857	0.6037736	0.7058824	0.6285714	0.6923077	0.7727273	0.5142857	
Little Black Cormorant (<em class="sci">Phalacrocorax sulcirostris</em>)	0.7560976	0.8474576	0.8727273	0.8961039	0.8703704	0.9069767	0.8627451	0.9607843	0.7692308	0.9487179	0.8461538	0.8035714	0.75	0.8823529	0.9310345	0.925	0.8421053	0.8913043	0.6923077	0.75	0.7142857	0.5714286	0.4666667	0.3478261	0.4081633	0.4565217	0.2682927	0.2131148	0.28	0.3421053	0.3584906	0.5254237	0.6	0.6170213	0.6486486	0.7234043	0.6865672	0.7254902	0.7272727	0.8	0.9285714	0.6428571	0.7735849	0.7941176	0.8	0.9230769	0.9090909	0.7714286	
Pied Cormorant (<em class="sci">Phalacrocorax varius</em>)	0.8780488	0.8813559	0.8909091	0.9480519	0.9259259	0.9767442	0.9215686	0.9019608	0.8269231	0.9230769	0.8846154	0.9285714	0.90625	0.9411765	0.9310345	1.0	0.8947368	0.8913043	0.8461538	0.8636364	0.952381	0.8857143	0.8333333	0.7826087	0.8979592	0.8695652	0.9268293	0.8032787	0.84	0.6315789	0.6603774	0.779661	0.6	0.6382979	0.7297297	0.6595745	0.4776119	0.6470588	0.5227273	0.6	0.8214286	0.4642857	0.6415094	0.6764706	0.8571429	0.9230769	0.9090909	0.7142857	
cormorant sp. (<em class="sci">Phalacrocoracidae sp.</em>)	0.0	0.0	0.0	0.0	0.0	0.0	0.0	0.0	0.0192308	0.0	0.0	0.0	0.0	0.0	0.0	0.0	0.0	0.0	0.0	0.0	0.0	0.0285714	0.0	0.0	0.0	0.0	0.0	0.0	0.0	0.0	0.0	0.0169492	0.0	0.0212766	0.0	0.0212766	0.0	0.0	0.0	0.0	0.0	0.0178571	0.0188679	0.0	0.0	0.0	0.0	0.0	
Australian Pelican (<em class="sci">Pelecanus conspicillatus</em>)	0.7560976	0.6779661	0.7818182	0.7402597	0.7962963	0.7906977	0.7843137	0.627451	0.6346154	0.6666667	0.3461538	0.625	0.71875	0.6764706	0.7931034	0.7	0.5789474	0.5217391	0.4871795	0.3636364	0.4285714	0.3142857	0.1666667	0.173913	0.4285714	0.3913043	0.2439024	0.3442623	0.38	0.4210526	0.2830189	0.4576271	0.4285714	0.5319149	0.6486486	0.5319149	0.4029851	0.3921569	0.3636364	0.5384615	0.6071429	0.4821429	0.4716981	0.7205882	0.6285714	0.9615385	0.8636364	0.7714286	
Black-backed Bittern (<em class="sci">Ixobrychus dubius</em>)	0.0	0.0	0.0015	0.0	0.0	0.0	0.0	0.0	0.0	0.0	0.0	0.0	0.0	0.0	0.0	0.0	0.0	0.0	0.0	0.0	0.0	0.0	0.0	0.0	0.0	0.0	0.0	0.0	0.0	0.0	0.0	0.0	0.0	0.0	0.0	0.0	0.0	0.0	0.0	0.0	0.0015	0.0015	0.0	0.0	0.0015	0.0	0.0015	0.0	
Pacific Heron (<em class="sci">Ardea pacifica</em>)	0.0	0.0	0.0181818	0.0	0.0	0.0	0.0196078	0.0	0.0	0.0	0.0	0.0	0.0	0.0	0.0	0.0	0.0	0.0434783	0.0	0.0	0.0	0.0	0.0	0.0	0.0204082	0.0015	0.0243902	0.0	0.02	0.0526316	0.0	0.0169492	0.0	0.0212766	0.027027	0.0212766	0.0149254	0.0	0.0	0.0	0.0	0.0	0.0	0.0735294	0.0015	0.0	0.0015	0.0571429	
Great Egret (<em class="sci">Ardea alba</em>)	0.0731707	0.0338983	0.0181818	0.025974	0.0740741	0.0232558	0.0392157	0.0196078	0.0769231	0.1794872	0.2307692	0.2142857	0.09375	0.0294118	0.0	0.1	0.0526316	0.0217391	0.0512821	0.0227273	0.0952381	0.0571429	0.0333333	0.0	0.0	0.0652174	0.0243902	0.0327869	0.04	0.0015	0.0377358	0.0338983	0.0285714	0.0638298	0.027027	0.0	0.0746269	0.0196078	0.0909091	0.0461538	0.0	0.0714286	0.0377358	0.0294118	0.1142857	0.0384615	0.0909091	0.2	
Intermediate Egret (<em class="sci">Ardea intermedia</em>)	0.2195122	0.4745763	0.5818182	0.5064935	0.3333333	0.4186047	0.372549	0.5098039	0.5576923	0.6666667	0.5	0.5178571	0.5625	0.7352941	0.862069	0.7	0.5789474	0.5652174	0.6410256	0.7727273	0.5714286	0.3714286	0.4	0.3913043	0.4081633	0.3913043	0.195122	0.1311475	0.22	0.2105263	0.1509434	0.3389831	0.3428571	0.1914894	0.2972973	0.2340426	0.1791045	0.2352941	0.2727273	0.2307692	0.25	0.2678571	0.1698113	0.2205882	0.2571429	0.5	0.2727273	0.3142857	
White-faced Heron (<em class="sci">Egretta novaehollandiae</em>)	0.5853659	0.6779661	0.8	0.7272727	0.6666667	0.6744186	0.5686275	0.4901961	0.4807692	0.6153846	0.4230769	0.4464286	0.4375	0.4705882	0.5172414	0.5	0.5	0.6086957	0.4871795	0.4545455	0.4285714	0.4285714	0.4	0.2173913	0.3673469	0.4782609	0.4878049	0.5737705	0.24	0.4736842	0.3962264	0.3050847	0.3428571	0.4042553	0.2972973	0.4468085	0.2238806	0.3529412	0.2045455	0.2615385	0.2857143	0.2678571	0.4339623	0.5588235	0.6285714	0.8076923	0.5909091	0.4857143	
Little Egret (<em class="sci">Egretta garzetta</em>)	0.0487805	0.0	0.0545455	0.0	0.0	0.0	0.0	0.0196078	0.0384615	0.0	0.0384615	0.0178571	0.0015	0.0294118	0.0344828	0.025	0.0	0.0217391	0.0	0.0	0.047619	0.0285714	0.0	0.0217391	0.0408163	0.0	0.0	0.0	0.0	0.0	0.0	0.0	0.0	0.0	0.0	0.0212766	0.0298507	0.0	0.0	0.0307692	0.0	0.0	0.0377358	0.0	0.0285714	0.0	0.1363636	0.0285714	
Cattle Egret (<em class="sci">Bubulcus ibis</em>)	0.0731707	0.0338983	0.0	0.1038961	0.0	0.0232558	0.0392157	0.0588235	0.0576923	0.1025641	0.0384615	0.1071429	0.125	0.2058824	0.2413793	0.225	0.2368421	0.326087	0.1538462	0.1363636	0.1904762	0.0	0.0	0.0434783	0.0	0.0	0.0	0.0163934	0.0015	0.0	0.0	0.0	0.0	0.0	0.0	0.0	0.0149254	0.0	0.1590909	0.2307692	0.3928571	0.2142857	0.0754717	0.2205882	0.0857143	0.0384615	0.0454545	0.0857143	
white egret sp. (<em class="sci">Ardea/Egretta/Bubulcus sp.</em>)	0.0	0.0	0.0	0.0	0.0	0.0	0.0	0.0	0.0	0.0	0.0	0.0	0.0	0.0	0.0	0.0	0.0	0.0	0.0	0.0	0.0	0.0	0.0	0.0	0.0	0.0	0.0	0.0	0.0	0.0	0.0	0.0	0.0	0.0	0.0	0.0	0.0	0.0	0.0015	0.0	0.0	0.0	0.0	0.0	0.0	0.0	0.0	0.0	
Striated Heron (<em class="sci">Butorides striata</em>)	0.0	0.0	0.0	0.0	0.0	0.0	0.0	0.0	0.0	0.0512821	0.0	0.0	0.0	0.0	0.0344828	0.0	0.0	0.0	0.0	0.0	0.0	0.0	0.0	0.0	0.0	0.0	0.0243902	0.0	0.0	0.0526316	0.0	0.0	0.0	0.0	0.0	0.0212766	0.0	0.0	0.0	0.0	0.0	0.0	0.0	0.0	0.0	0.0	0.0454545	0.0285714	
Rufous Night-Heron (<em class="sci">Nycticorax caledonicus</em>)	0.2439024	0.1864407	0.2363636	0.1688312	0.1481481	0.2790698	0.1764706	0.1568627	0.1153846	0.1282051	0.0769231	0.0714286	0.15625	0.0882353	0.2413793	0.225	0.2105263	0.2391304	0.2051282	0.25	0.047619	0.0285714	0.0	0.0	0.1836735	0.173913	0.2682927	0.1967213	0.18	0.2631579	0.0943396	0.1186441	0.0285714	0.0425532	0.0	0.1489362	0.119403	0.1372549	0.1363636	0.1538462	0.1428571	0.1071429	0.1320755	0.1617647	0.1142857	0.0769231	0.1818182	0.1428571	
Australian Ibis (<em class="sci">Threskiornis molucca</em>)	0.902439	0.9830508	0.9818182	0.974026	1.0	1.0	0.9411765	0.9607843	0.9038462	0.974359	0.8846154	0.8928571	0.96875	0.9411765	0.9310345	1.0	0.9210526	0.9130435	0.8974359	0.9545455	0.952381	0.9714286	0.8666667	0.8913043	0.9795918	0.9347826	0.9268293	0.9508197	0.94	0.8684211	0.9245283	0.9322034	0.9428571	0.9574468	0.9189189	0.9148936	0.8656716	0.9019608	0.8863636	0.8769231	0.9642857	0.8571429	0.9433962	0.9558824	0.9428571	0.9615385	0.9545455	0.8571429	
Straw-necked Ibis (<em class="sci">Threskiornis spinicollis</em>)	0.0	0.0	0.0	0.0015	0.0	0.0	0.0	0.0015	0.0015	0.0	0.0	0.0	0.0015	0.0	0.0	0.0	0.0526316	0.0217391	0.0015	0.0	0.0	0.0	0.0	0.0015	0.0	0.0	0.0	0.0	0.0	0.0263158	0.0	0.0	0.0	0.0212766	0.027027	0.0212766	0.0015	0.0	0.0	0.0	0.0	0.0	0.0	0.0	0.0	0.0	0.0	0.0	
Royal Spoonbill (<em class="sci">Platalea regia</em>)	0.3414634	0.3728814	0.3636364	0.4545455	0.4074074	0.3488372	0.2156863	0.254902	0.1730769	0.2820513	0.1923077	0.2678571	0.28125	0.2941176	0.3103448	0.425	0.3421053	0.2826087	0.2564103	0.5	0.1904762	0.2	0.1	0.0652174	0.0204082	0.1956522	0.2195122	0.1311475	0.2	0.1578947	0.0943396	0.1864407	0.1714286	0.2340426	0.1351351	0.3617021	0.1641791	0.2745098	0.2272727	0.1846154	0.25	0.1071429	0.2641509	0.3823529	0.4857143	0.3846154	0.3636364	0.3428571	
Yellow-billed Spoonbill (<em class="sci">Platalea flavipes</em>)	0.0	0.0	0.0	0.0	0.0	0.0	0.0	0.0	0.0	0.0	0.0	0.0	0.0	0.0	0.0	0.0	0.0	0.0	0.025641	0.0	0.047619	0.0	0.0	0.0	0.0612245	0.0	0.0	0.0	0.0	0.0	0.0	0.0	0.0	0.0	0.0	0.0	0.0	0.0196078	0.0	0.0	0.0	0.0	0.0	0.0	0.0	0.0	0.0	0.0	
Osprey (<em class="sci">Pandion haliaetus</em>)	0.0	0.0	0.0	0.0	0.0185185	0.0	0.0	0.0	0.0	0.0	0.0	0.0	0.0	0.0	0.0	0.0	0.0	0.0	0.0	0.0	0.0	0.0	0.0	0.0	0.0	0.0	0.0	0.0	0.0	0.0	0.0	0.0	0.0	0.0	0.0	0.0	0.0	0.0	0.0	0.0	0.0	0.0	0.0	0.0	0.0	0.0	0.0	0.0	
Black-shouldered Kite (<em class="sci">Elanus axillaris</em>)	0.0	0.0	0.0015	0.0	0.0	0.0	0.0	0.0	0.0015	0.0	0.0	0.0	0.0	0.0	0.0	0.0	0.0	0.0	0.0	0.0	0.0	0.0	0.0	0.0015	0.0	0.0	0.0	0.0015	0.0	0.0	0.0	0.0	0.0	0.0	0.0	0.0	0.0	0.0	0.0	0.0	0.0	0.0	0.0	0.0	0.0	0.0	0.0	0.0	
Pacific Baza (<em class="sci">Aviceda subcristata</em>)	0.0	0.0	0.0	0.0	0.0	0.0232558	0.0	0.0	0.0384615	0.0	0.0	0.0	0.0	0.0	0.0	0.0	0.0	0.0	0.025641	0.0	0.0	0.0	0.0	0.0	0.0	0.0	0.0	0.0	0.0	0.0	0.0	0.0	0.0	0.0	0.0	0.0	0.0	0.0	0.0	0.0	0.0	0.0	0.0	0.0	0.0	0.0	0.0	0.0	
Swamp Harrier (<em class="sci">Circus approximans</em>)	0.0	0.0	0.0	0.0	0.0	0.0	0.0	0.0196078	0.0	0.0	0.0	0.0	0.0	0.0	0.0	0.0	0.0	0.0	0.0	0.0	0.0	0.0	0.0	0.0	0.0	0.0	0.0	0.0	0.0	0.0	0.0	0.0	0.0	0.0	0.0	0.0	0.0	0.0	0.0	0.0	0.0	0.0	0.0	0.0	0.0	0.0	0.0	0.0	
Gray Goshawk (<em class="sci">Accipiter novaehollandiae</em>)	0.0	0.0	0.0	0.0	0.037037	0.0465116	0.0196078	0.0196078	0.0192308	0.0	0.0	0.0178571	0.03125	0.0294118	0.0	0.0	0.0526316	0.0217391	0.025641	0.0	0.0	0.0285714	0.0	0.0	0.0	0.0	0.0	0.0015	0.0	0.0	0.0	0.0338983	0.0285714	0.0425532	0.027027	0.0212766	0.0	0.0	0.0015	0.0	0.0	0.0	0.0188679	0.0	0.0	0.0	0.0	0.0	
Brown Goshawk (<em class="sci">Accipiter fasciatus</em>)	0.0	0.0169492	0.0727273	0.038961	0.0185185	0.1395349	0.0588235	0.1176471	0.0961538	0.1794872	0.1153846	0.1428571	0.21875	0.2352941	0.3448276	0.2	0.2105263	0.2826087	0.2307692	0.0909091	0.0952381	0.0857143	0.0666667	0.1086957	0.122449	0.0434783	0.1707317	0.1147541	0.12	0.1315789	0.0188679	0.1864407	0.1142857	0.1276596	0.0540541	0.0851064	0.0746269	0.0784314	0.0454545	0.0307692	0.1071429	0.0714286	0.1132075	0.0735294	0.0857143	0.0384615	0.0	0.0571429	
Collared Sparrowhawk (<em class="sci">Accipiter cirrocephalus</em>)	0.0	0.0	0.0	0.0	0.0185185	0.0	0.0	0.0	0.0	0.0	0.0384615	0.0	0.0	0.0	0.0015	0.0	0.0	0.0	0.0	0.0227273	0.0	0.0	0.0333333	0.0	0.0	0.0	0.0	0.0	0.0	0.0263158	0.0	0.0	0.0	0.0	0.0	0.0	0.0597015	0.0	0.0	0.0	0.0	0.0	0.0	0.0	0.0285714	0.0	0.0454545	0.0	
Accipiter sp. (<em class="sci">Accipiter sp.</em>)	0.0	0.0	0.0	0.0	0.0	0.0015	0.0	0.0196078	0.0	0.0	0.0	0.0	0.0	0.0	0.0	0.0	0.0	0.0	0.0	0.0	0.0	0.0	0.0	0.0	0.0	0.0	0.0	0.0	0.0	0.0	0.0	0.0	0.0	0.0	0.0	0.0	0.0	0.0	0.0	0.0	0.0	0.0	0.0	0.0147059	0.0	0.0	0.0	0.0	
Whistling Kite (<em class="sci">Haliastur sphenurus</em>)	0.0	0.0	0.0	0.0	0.0	0.0	0.0	0.0	0.0	0.0	0.0	0.0	0.0	0.0294118	0.0344828	0.025	0.0	0.0	0.0	0.0	0.0	0.0	0.0	0.0	0.0	0.0	0.0	0.0	0.0	0.0	0.0	0.0	0.0	0.0	0.0	0.0	0.0	0.0196078	0.0	0.0	0.0	0.0	0.0	0.0	0.0	0.0	0.0	0.0	
White-bellied Sea-Eagle (<em class="sci">Haliaeetus leucogaster</em>)	0.0487805	0.0508475	0.0	0.025974	0.0185185	0.0232558	0.0196078	0.0196078	0.0	0.0	0.0	0.0	0.0	0.0294118	0.0344828	0.0015	0.0263158	0.0217391	0.025641	0.0015	0.1428571	0.0015	0.0333333	0.0652174	0.0204082	0.0	0.0	0.0327869	0.02	0.0263158	0.0	0.0338983	0.0	0.0	0.0	0.0	0.0	0.0	0.0	0.0	0.0	0.0	0.0188679	0.0147059	0.0	0.0	0.0	0.0285714	
hawk sp. (<em class="sci">Accipitridae sp. (hawk sp.)</em>)	0.0	0.0	0.0	0.0	0.0	0.0	0.0	0.0	0.0	0.0	0.0	0.0	0.0	0.0	0.0	0.0	0.0	0.0	0.0	0.0	0.0	0.0	0.0	0.0	0.0	0.0	0.0	0.0	0.0	0.0	0.0	0.0	0.0	0.0	0.0	0.0	0.0	0.0	0.0	0.0153846	0.0357143	0.0	0.0	0.0	0.0	0.0	0.0	0.0	
Barn Owl (<em class="sci">Tyto alba</em>)	0.097561	0.1355932	0.2	0.0	0.037037	0.0232558	0.0196078	0.0	0.0192308	0.0	0.0384615	0.0535714	0.15625	0.1470588	0.1724138	0.175	0.3157895	0.2608696	0.3333333	0.3636364	0.1428571	0.2	0.0333333	0.173913	0.1632653	0.2608696	0.2926829	0.2786885	0.22	0.2631579	0.2830189	0.2542373	0.2285714	0.1489362	0.1621622	0.2765957	0.1343284	0.1960784	0.1363636	0.2	0.3928571	0.1428571	0.1886792	0.2205882	0.2	0.3846154	0.1818182	0.1142857	
Powerful Owl (<em class="sci">Ninox strenua</em>)	0.3414634	0.3898305	0.4727273	0.2987013	0.4814815	0.372093	0.3333333	0.3333333	0.3461538	0.3076923	0.5384615	0.5178571	0.40625	0.0882353	0.4137931	0.35	0.4473684	0.4782609	0.5641026	0.6590909	0.6190476	0.6285714	0.5666667	0.5434783	0.6938776	0.7173913	0.7317073	0.6885246	0.54	0.5789474	0.509434	0.440678	0.3714286	0.4468085	0.3783784	0.4468085	0.4477612	0.4901961	0.2272727	0.2923077	0.3928571	0.2321429	0.245283	0.25	0.2285714	0.6153846	0.4090909	0.1714286	
Southern Boobook (<em class="sci">Ninox boobook</em>)	0.0	0.0	0.0	0.012987	0.0	0.0	0.0	0.0196078	0.0384615	0.0	0.0	0.0	0.0	0.0	0.0	0.0	0.0263158	0.0	0.0	0.0	0.0	0.0	0.0	0.0217391	0.0	0.0	0.0	0.0	0.0	0.0	0.0	0.0	0.0	0.0	0.0	0.0	0.0149254	0.0	0.0	0.0	0.0	0.0	0.0	0.0	0.0	0.0	0.0	0.0	
Azure Kingfisher (<em class="sci">Ceyx azureus</em>)	0.0	0.0	0.0	0.0	0.0	0.0	0.0	0.0	0.0	0.0	0.0	0.0	0.0	0.0	0.0	0.0	0.0	0.0	0.0	0.0	0.0	0.0	0.0	0.0	0.0	0.0	0.0	0.0	0.0	0.0	0.0	0.0	0.0	0.0	0.0	0.0	0.0	0.0	0.0	0.0015	0.0	0.0	0.0	0.0	0.0	0.0	0.0	0.0	
Laughing Kookaburra (<em class="sci">Dacelo novaeguineae</em>)	0.3902439	0.559322	0.5272727	0.5714286	0.4444444	0.5116279	0.3921569	0.7254902	0.5	0.7435897	0.6153846	0.6071429	0.6875	0.5294118	0.7241379	0.475	0.5	0.3478261	0.5384615	0.3636364	0.6190476	0.6	0.4	0.3695652	0.4693878	0.6086957	0.5609756	0.6557377	0.56	0.5	0.4339623	0.7288136	0.6285714	0.7234043	0.6216216	0.6170213	0.5671642	0.5098039	0.5681818	0.6	0.5714286	0.5178571	0.5471698	0.5	0.5714286	0.6153846	0.4545455	0.4571429	
Sacred Kingfisher (<em class="sci">Todiramphus sanctus</em>)	0.0	0.0169492	0.0015	0.025974	0.037037	0.0	0.0196078	0.0	0.0192308	0.1025641	0.0384615	0.0178571	0.0	0.0	0.0	0.0	0.0	0.0	0.0	0.0	0.0	0.0	0.0	0.0	0.0	0.0	0.0	0.0163934	0.0	0.0	0.0	0.0169492	0.0	0.0425532	0.0	0.106383	0.1343284	0.0784314	0.0454545	0.0307692	0.0357143	0.0892857	0.0188679	0.0	0.0	0.0	0.0	0.0	
kingfisher sp. (<em class="sci">Alcedinidae sp.</em>)	0.0	0.0	0.0	0.0	0.0	0.0	0.0	0.0	0.0	0.0	0.0	0.0	0.0	0.0	0.0	0.0	0.0	0.0	0.0	0.0	0.0	0.0	0.0	0.0	0.0	0.0	0.0	0.0	0.0	0.0	0.0188679	0.0	0.0	0.0	0.0	0.0	0.0	0.0	0.0	0.0	0.0	0.0	0.0	0.0	0.0	0.0	0.0	0.0	
Rainbow Bee-eater (<em class="sci">Merops ornatus</em>)	0.0	0.0	0.0	0.0	0.0	0.0	0.0	0.0	0.0	0.0	0.0	0.0	0.0	0.0	0.0	0.0	0.0	0.0	0.0	0.0	0.0	0.0	0.0	0.0	0.0	0.0	0.0	0.0	0.0	0.0	0.0	0.0169492	0.0	0.0	0.0	0.0	0.0	0.0	0.0	0.0153846	0.0	0.0	0.0	0.0	0.0	0.0	0.0	0.0	
Dollarbird (<em class="sci">Eurystomus orientalis</em>)	0.0	0.0	0.0	0.0	0.0185185	0.0	0.0	0.0	0.0	0.0	0.0	0.0	0.0	0.0	0.0	0.0	0.0	0.0	0.0	0.0	0.0	0.0	0.0	0.0	0.0	0.0	0.0	0.0	0.0	0.0	0.0	0.0169492	0.0	0.0	0.0	0.0212766	0.0895522	0.0784314	0.0454545	0.0461538	0.1071429	0.0	0.0	0.0441176	0.0571429	0.0	0.0454545	0.0	
Australian Kestrel (<em class="sci">Falco cenchroides</em>)	0.0731707	0.0169492	0.0181818	0.0	0.0	0.0	0.0	0.0588235	0.0961538	0.0	0.0	0.0357143	0.03125	0.0882353	0.1034483	0.1	0.0526316	0.0434783	0.1025641	0.0227273	0.047619	0.0571429	0.0333333	0.0	0.0612245	0.0	0.0	0.0	0.02	0.0263158	0.0	0.0338983	0.0	0.0	0.027027	0.0	0.0	0.0392157	0.0	0.0461538	0.0	0.0178571	0.0377358	0.0147059	0.0285714	0.0384615	0.0909091	0.0	
Australian Hobby (<em class="sci">Falco longipennis</em>)	0.0	0.0	0.0363636	0.012987	0.0	0.0	0.0	0.0196078	0.0	0.0	0.0	0.0178571	0.0	0.0	0.0	0.0	0.0	0.0	0.025641	0.0	0.0	0.0285714	0.0	0.0	0.0	0.0217391	0.0	0.0	0.0	0.0	0.0	0.0	0.0	0.0	0.0	0.0	0.0149254	0.0	0.0	0.0153846	0.0	0.0	0.0	0.0015	0.0	0.0	0.0	0.0	
Brown Falcon (<em class="sci">Falco berigora</em>)	0.0	0.0	0.0	0.0	0.0	0.0	0.0	0.0	0.0	0.0015	0.0	0.0	0.0	0.0294118	0.0	0.0	0.0263158	0.0	0.0	0.0	0.0	0.0	0.0	0.0	0.0	0.0	0.0	0.0	0.0	0.0	0.0	0.0	0.0	0.0	0.0	0.0	0.0	0.0	0.0	0.0	0.0	0.0	0.0	0.0	0.0015	0.0	0.0	0.0	
Peregrine Falcon (<em class="sci">Falco peregrinus</em>)	0.0015	0.0338983	0.0545455	0.025974	0.0185185	0.0	0.0	0.0196078	0.0192308	0.0769231	0.0384615	0.0357143	0.0	0.0294118	0.0344828	0.025	0.0526316	0.0652174	0.025641	0.0	0.0952381	0.0285714	0.0	0.0434783	0.0204082	0.0217391	0.0	0.0	0.04	0.0	0.0377358	0.0	0.0285714	0.0	0.1351351	0.0425532	0.0149254	0.0392157	0.0	0.0615385	0.0	0.0178571	0.0377358	0.0147059	0.0285714	0.0384615	0.0	0.0	
falcon sp. (<em class="sci">Falco sp.</em>)	0.0	0.0	0.0	0.0	0.0	0.0	0.0	0.0	0.0	0.0	0.0	0.0	0.0	0.0	0.0	0.0	0.0263158	0.0	0.0	0.0	0.0	0.0	0.0	0.0	0.0	0.0	0.0	0.0	0.0	0.0	0.0	0.0	0.0	0.0	0.0	0.0	0.0	0.0	0.0	0.0153846	0.0	0.0178571	0.0	0.0	0.0	0.0	0.0	0.0	
Yellow-tailed Black-Cockatoo (<em class="sci">Calyptorhynchus funereus</em>)	0.1707317	0.1355932	0.2545455	0.2727273	0.4814815	0.3023256	0.372549	0.3333333	0.2884615	0.3846154	0.3076923	0.4464286	0.34375	0.5882353	0.9310345	0.9	0.7894737	0.9130435	0.6666667	0.5454545	0.5238095	0.5142857	0.5666667	0.4347826	0.2857143	0.2608696	0.2439024	0.2622951	0.2	0.1842105	0.1698113	0.1355932	0.2571429	0.0851064	0.0810811	0.0638298	0.0298507	0.0392157	0.0	0.0307692	0.0	0.0178571	0.0188679	0.0294118	0.0571429	0.0384615	0.0	0.0857143	
Pink Cockatoo (<em class="sci">Lophochroa leadbeateri</em>)	0.0	0.0	0.0	0.0	0.0	0.0	0.0	0.0	0.0	0.0	0.0	0.0	0.03125	0.0	0.0	0.0	0.0	0.0	0.0	0.0	0.0	0.0	0.0	0.0	0.0	0.0	0.0	0.0	0.0	0.0	0.0	0.0	0.0	0.0	0.0	0.0	0.0	0.0	0.0	0.0	0.0	0.0	0.0	0.0	0.0	0.0	0.0	0.0	
Galah (<em class="sci">Eolophus roseicapilla</em>)	0.0731707	0.0338983	0.0181818	0.038961	0.0185185	0.0465116	0.0980392	0.0588235	0.0	0.0512821	0.0769231	0.1071429	0.125	0.0294118	0.0689655	0.05	0.0015	0.0869565	0.0	0.0681818	0.047619	0.0285714	0.2	0.1086957	0.0816327	0.173913	0.0731707	0.1311475	0.18	0.3421053	0.2641509	0.2542373	0.2857143	0.2340426	0.4324324	0.2340426	0.1641791	0.1568627	0.0681818	0.0615385	0.0714286	0.0357143	0.0377358	0.1470588	0.0857143	0.0769231	0.1363636	0.0015	
Long-billed Corella (<em class="sci">Cacatua tenuirostris</em>)	0.6829268	0.8135593	0.8545455	0.8051948	0.8333333	0.7906977	0.7254902	0.8627451	0.6346154	0.8461538	0.7692308	0.6428571	0.71875	0.7352941	0.7586207	0.875	0.7894737	0.7391304	0.6410256	0.5227273	0.6190476	0.5428571	0.4666667	0.4347826	0.2653061	0.6521739	0.6341463	0.4754098	0.64	0.5526316	0.509434	0.5762712	0.5714286	0.5319149	0.4864865	0.3404255	0.3432836	0.1764706	0.1818182	0.2769231	0.1785714	0.125	0.2264151	0.3088235	0.3142857	0.7692308	0.7272727	0.6571429	
Little Corella (<em class="sci">Cacatua sanguinea</em>)	0.6341463	0.9152542	0.8545455	0.9350649	0.9444444	0.9302326	0.8823529	0.9215686	0.8269231	0.9230769	0.7692308	0.8571429	0.8125	0.9411765	0.9655172	0.95	0.7631579	0.826087	0.8461538	0.7727273	0.8095238	0.8857143	0.7	0.8043478	0.8163265	0.9130435	0.8536585	0.7868852	0.78	0.7368421	0.6603774	0.7288136	0.7714286	0.7021277	0.4594595	0.6382979	0.6119403	0.6078431	0.4090909	0.4153846	0.6071429	0.2678571	0.4716981	0.6029412	0.5714286	0.8076923	0.7272727	0.6571429	
corella sp. (<em class="sci">Cacatua sp. (corella sp.)</em>)	0.0	0.0	0.0	0.012987	0.0	0.0	0.0	0.0196078	0.0	0.0	0.0	0.0	0.0	0.0	0.0	0.0	0.0	0.0	0.0	0.0	0.0	0.0	0.0	0.0217391	0.0204082	0.0217391	0.0	0.0	0.02	0.0	0.0	0.0169492	0.0	0.0	0.0	0.0	0.0149254	0.0	0.0	0.0	0.0	0.0	0.0	0.0	0.0	0.0	0.0	0.0	
Sulphur-crested Cockatoo (<em class="sci">Cacatua galerita</em>)	0.5609756	0.779661	0.7818182	0.7532468	0.9259259	0.8372093	0.7254902	0.9019608	0.7307692	0.8461538	0.8076923	0.75	0.8125	0.7647059	0.862069	0.85	0.8947368	0.9130435	0.8205128	0.8409091	0.8095238	0.8571429	0.7666667	0.7608696	0.8367347	0.8913043	0.8292683	0.8688525	0.8	0.8421053	0.8301887	0.9322034	0.9142857	0.9361702	0.8378378	0.9148936	0.8059701	0.8431373	0.8181818	0.8461538	1.0	0.7857143	0.8113208	0.8088235	0.7428571	0.8846154	0.8181818	0.6857143	
corella/cockatoo sp. (<em class="sci">Cacatua sp.</em>)	0.0	0.0	0.0	0.012987	0.0	0.0	0.0	0.0	0.0	0.0	0.0	0.0	0.0	0.0	0.0	0.0	0.0	0.0	0.0	0.0	0.0	0.0	0.0	0.0	0.0204082	0.0434783	0.0	0.0	0.0	0.0	0.0188679	0.0	0.0	0.0	0.0	0.0	0.0	0.0	0.0	0.0	0.0	0.0	0.0	0.0	0.0	0.0	0.0	0.0	
Cockatiel (Domestic type) (<em class="sci">Nymphicus hollandicus (Domestic type)</em>)	0.0	0.0	0.0	0.0	0.0	0.0	0.0	0.0	0.0	0.0	0.0	0.0	0.03125	0.0	0.0	0.0	0.0	0.0	0.0	0.0	0.0	0.0	0.0	0.0	0.0	0.0	0.0	0.0	0.0	0.0	0.0	0.0	0.0	0.0	0.0	0.0212766	0.0	0.0392157	0.0	0.0	0.0	0.0	0.0	0.0	0.0	0.0	0.0	0.0	
Princess Parrot (<em class="sci">Polytelis alexandrae</em>)	0.0	0.0	0.0015	0.012987	0.0185185	0.0	0.0	0.0	0.0384615	0.0	0.0	0.0	0.0	0.0	0.0	0.0	0.0	0.0	0.0	0.0	0.0	0.0	0.0	0.0	0.0	0.0	0.0	0.0	0.0	0.0	0.0	0.0	0.0	0.0	0.0	0.0	0.0	0.0	0.0	0.0	0.0	0.0	0.0	0.0	0.0	0.0	0.0	0.0	
Australian King-Parrot (<em class="sci">Alisterus scapularis</em>)	0.0	0.0	0.0	0.0	0.0	0.0	0.0	0.0196078	0.0	0.0	0.0	0.0	0.0	0.0294118	0.0	0.0	0.0	0.0	0.0	0.0	0.0	0.0	0.0	0.0217391	0.0204082	0.0	0.0	0.0	0.0	0.0	0.0	0.0	0.0	0.0	0.0015	0.0	0.0	0.0	0.0	0.0	0.0	0.0	0.0	0.0	0.0	0.0	0.0	0.0	
Crimson Rosella (<em class="sci">Platycercus elegans</em>)	0.0	0.0	0.0015	0.0	0.0185185	0.0	0.0	0.0	0.0384615	0.0	0.0	0.0	0.0625	0.0588235	0.0344828	0.0	0.0	0.0	0.0	0.0	0.0	0.0	0.0	0.0	0.0	0.0	0.0	0.0	0.0	0.0	0.0188679	0.0338983	0.0285714	0.0	0.0	0.0425532	0.0	0.0	0.0	0.0153846	0.0	0.0	0.0	0.0	0.0	0.0	0.0	0.0	
Eastern Rosella (<em class="sci">Platycercus eximius</em>)	0.0	0.0169492	0.0181818	0.012987	0.037037	0.0	0.0196078	0.0	0.0192308	0.0512821	0.0	0.0357143	0.09375	0.0588235	0.0344828	0.05	0.0263158	0.0217391	0.0	0.0	0.0	0.0571429	0.0	0.0	0.0408163	0.0	0.0	0.0983607	0.06	0.0789474	0.0377358	0.1016949	0.0571429	0.0851064	0.0810811	0.0638298	0.0298507	0.0	0.0454545	0.0461538	0.0357143	0.0535714	0.0188679	0.0588235	0.0	0.0769231	0.0	0.0857143	
Red-rumped Parrot (<em class="sci">Psephotus haematonotus</em>)	0.0	0.0338983	0.0181818	0.012987	0.0	0.0	0.0	0.0	0.0	0.0015	0.0	0.0178571	0.03125	0.0294118	0.0	0.025	0.0015	0.0217391	0.0015	0.0	0.0	0.0	0.0	0.0217391	0.0	0.0	0.0	0.0163934	0.0	0.0	0.0	0.0169492	0.0	0.0212766	0.0	0.0	0.0	0.0	0.0	0.0153846	0.0357143	0.0178571	0.0188679	0.0147059	0.0285714	0.0	0.0454545	0.0	
Musk Lorikeet (<em class="sci">Glossopsitta concinna</em>)	0.0	0.0	0.0	0.0	0.0	0.0	0.0588235	0.0	0.0192308	0.025641	0.0769231	0.2857143	0.375	0.4705882	0.4482759	0.25	0.2105263	0.0652174	0.0769231	0.0681818	0.0	0.0285714	0.0333333	0.0	0.0	0.0	0.0	0.0	0.0	0.0	0.0188679	0.0	0.0	0.0	0.0	0.0	0.0	0.0	0.0	0.0	0.0	0.0	0.0	0.0	0.0	0.0	0.0	0.0	
Little Lorikeet (<em class="sci">Glossopsitta pusilla</em>)	0.0	0.0	0.0	0.0	0.0015	0.0	0.0	0.0	0.0	0.0	0.0	0.0	0.03125	0.0	0.0	0.0	0.0	0.0	0.0	0.0	0.0	0.0	0.0	0.0	0.0	0.0	0.0	0.0	0.0	0.0	0.0	0.0	0.0	0.0	0.0	0.0	0.0	0.0	0.0	0.0153846	0.0	0.0	0.0	0.0	0.0	0.0	0.0	0.0	
Rainbow Lorikeet (<em class="sci">Trichoglossus moluccanus</em>)	0.7073171	0.8305085	0.8727273	0.8181818	0.8518519	0.8837209	0.8823529	0.9215686	0.8269231	0.9230769	0.9615385	0.9107143	0.96875	0.9411765	0.9655172	0.975	0.9210526	0.9782609	0.8717949	0.8636364	0.952381	0.9142857	0.8666667	0.8043478	0.8367347	0.8478261	0.902439	0.7868852	0.84	0.7894737	0.754717	0.9322034	0.8571429	0.9574468	0.7837838	0.9148936	0.7910448	0.9215686	0.7272727	0.8461538	0.8928571	0.7857143	0.8867925	0.8235294	0.8285714	0.8076923	0.9090909	0.8	
Scaly-breasted Lorikeet (<em class="sci">Trichoglossus chlorolepidotus</em>)	0.0	0.0	0.0	0.0	0.0	0.0	0.0	0.0	0.0	0.0	0.0	0.0357143	0.0625	0.0294118	0.0	0.0	0.0	0.0	0.0	0.0	0.0	0.0	0.0	0.0	0.0	0.0	0.0	0.0	0.02	0.0	0.0	0.0	0.0	0.0	0.0	0.0	0.0	0.0196078	0.0	0.0	0.0	0.0	0.0	0.0	0.0	0.0	0.0015	0.0285714	
lorikeet sp. (<em class="sci">Psittaculidae sp. (lorikeet sp.)</em>)	0.0	0.0	0.0	0.0	0.0	0.0	0.0	0.0	0.0	0.0	0.0	0.0	0.0	0.0	0.0	0.0	0.0	0.0	0.0	0.0	0.0	0.0	0.0	0.0	0.0	0.0	0.0	0.0163934	0.0	0.0	0.0	0.0	0.0	0.0	0.0	0.0	0.0	0.0	0.0	0.0	0.0	0.0	0.0	0.0	0.0	0.0	0.0	0.0	
parrot sp. (<em class="sci">Psittaciformes sp. (parrot sp.)</em>)	0.0	0.0	0.0	0.0	0.0	0.0	0.0	0.0	0.0	0.0	0.0	0.0	0.0	0.0	0.0	0.0	0.0	0.0	0.0	0.0	0.0	0.0	0.0	0.0	0.0	0.0	0.0	0.0	0.0	0.0	0.0	0.0	0.0	0.0	0.0	0.0	0.0	0.0	0.0	0.0153846	0.0	0.0	0.0	0.0	0.0	0.0	0.0	0.0	
Noisy Pitta (<em class="sci">Pitta versicolor</em>)	0.0	0.0	0.0	0.0	0.0	0.0	0.0	0.0	0.0	0.0	0.0	0.0	0.0	0.0294118	0.0	0.0	0.0	0.0	0.0	0.0	0.0	0.0	0.0	0.0	0.0	0.0	0.0	0.0	0.0	0.0	0.0	0.0	0.0	0.0	0.0	0.0	0.0	0.0	0.0	0.0	0.0	0.0	0.0	0.0	0.0	0.0	0.0	0.0	
Satin Bowerbird (<em class="sci">Ptilonorhynchus violaceus</em>)	0.0	0.0	0.0	0.0	0.0	0.0	0.0	0.0	0.0	0.0	0.0	0.0	0.0	0.0	0.0	0.0	0.0	0.0	0.0	0.0	0.0	0.0	0.0	0.0	0.0204082	0.0	0.0	0.0	0.0	0.0	0.0	0.0	0.0	0.0	0.027027	0.0	0.0298507	0.0196078	0.0	0.0153846	0.0	0.0	0.0	0.0	0.0	0.0	0.0	0.0	
White-throated Treecreeper (<em class="sci">Cormobates leucophaea</em>)	0.0	0.0	0.0	0.0	0.0	0.0	0.0	0.0	0.0	0.0	0.0	0.0178571	0.0	0.0	0.0	0.0	0.0	0.0	0.0	0.0	0.0	0.0	0.0	0.0	0.0	0.0	0.0	0.0	0.0	0.0	0.0	0.0	0.0	0.0	0.0	0.0	0.0	0.0	0.0	0.0	0.0	0.0	0.0	0.0	0.0	0.0	0.0	0.0	
Variegated Fairywren (<em class="sci">Malurus lamberti</em>)	0.0	0.0	0.0	0.0	0.0	0.0	0.0	0.0	0.0	0.0	0.0	0.0	0.0	0.0	0.0	0.0	0.0	0.0	0.0	0.0	0.0	0.0	0.0	0.0	0.0	0.0	0.0	0.0	0.0	0.0	0.0	0.0	0.0285714	0.0	0.0	0.0	0.0	0.0	0.0	0.0	0.0	0.0	0.0	0.0	0.0	0.0	0.0	0.0	
Superb Fairywren (<em class="sci">Malurus cyaneus</em>)	0.5853659	0.7627119	0.6909091	0.7662338	0.7777778	0.7674419	0.7254902	0.7647059	0.5384615	0.6410256	0.7307692	0.5714286	0.65625	0.5882353	0.6551724	0.75	0.7368421	0.6521739	0.6153846	0.7045455	0.7142857	0.5714286	0.6333333	0.5434783	0.755102	0.7826087	0.7560976	0.6721311	0.7	0.7894737	0.6037736	0.7966102	0.7428571	0.7021277	0.8108108	0.7659574	0.4925373	0.5882353	0.7045455	0.6	0.8571429	0.6071429	0.6603774	0.7058824	0.6857143	0.8076923	0.7727273	0.5428571	
fairywren sp. (<em class="sci">Malurus sp.</em>)	0.0	0.0	0.0	0.0	0.0	0.0	0.0	0.0	0.0	0.0	0.0	0.0	0.0	0.0	0.0	0.0	0.0	0.0	0.0	0.0	0.0	0.0	0.0	0.0	0.0	0.0	0.0	0.0163934	0.0	0.0	0.0	0.0	0.0	0.0	0.0	0.0	0.0	0.0196078	0.0	0.0	0.0	0.0	0.0	0.0	0.0	0.0	0.0	0.0	
Eastern Spinebill (<em class="sci">Acanthorhynchus tenuirostris</em>)	0.0	0.0	0.0015	0.0	0.0	0.0	0.0	0.0196078	0.0	0.0	0.0	0.0178571	0.0	0.0015	0.0	0.0	0.0263158	0.0217391	0.025641	0.0454545	0.047619	0.0285714	0.0	0.0217391	0.0612245	0.0434783	0.097561	0.0	0.04	0.0	0.0	0.0169492	0.0	0.0	0.0	0.0	0.0	0.0	0.0	0.0	0.0	0.0	0.0	0.0	0.0	0.0	0.0	0.0	
Lewin's Honeyeater (<em class="sci">Meliphaga lewinii</em>)	0.0	0.0	0.0	0.0	0.0	0.0	0.0	0.0196078	0.0	0.0	0.0	0.0	0.0	0.0	0.0	0.0	0.0	0.0	0.0	0.0	0.0	0.0	0.0	0.0	0.0	0.0217391	0.0	0.0	0.0	0.0	0.0	0.0	0.0	0.0	0.0	0.0	0.0	0.0	0.0227273	0.0	0.0	0.0	0.0	0.0	0.0	0.0	0.0	0.0	
Yellow-faced Honeyeater (<em class="sci">Caligavis chrysops</em>)	0.0	0.0	0.0	0.0	0.0	0.0	0.0	0.0196078	0.0015	0.0	0.0	0.0	0.03125	0.0588235	0.0015	0.05	0.0789474	0.0434783	0.025641	0.0909091	0.0	0.0571429	0.0	0.0434783	0.122449	0.1521739	0.195122	0.0819672	0.02	0.0526316	0.0	0.0508475	0.0	0.0212766	0.0	0.0	0.0	0.0	0.0	0.0	0.0357143	0.0	0.0188679	0.0	0.0	0.0	0.0	0.0	
Noisy Miner (<em class="sci">Manorina melanocephala</em>)	0.8292683	0.9661017	0.9454545	0.961039	0.9074074	0.9534884	0.9411765	0.9411765	0.9038462	0.974359	0.9615385	0.8571429	0.9375	1.0	0.9310345	0.975	0.8947368	0.9782609	0.8461538	0.9090909	0.9047619	0.9428571	0.8	0.8478261	0.8979592	0.9347826	0.902439	0.9344262	0.96	0.8684211	0.8301887	0.9491525	0.9142857	0.9574468	0.9189189	0.9574468	0.880597	0.8823529	0.8863636	0.8461538	0.9642857	0.8392857	0.9433962	0.9411765	0.8857143	0.9615385	0.9090909	0.8571429	
Little Wattlebird (<em class="sci">Anthochaera chrysoptera</em>)	0.0	0.0	0.0	0.0	0.0185185	0.0232558	0.0	0.0196078	0.0	0.0	0.0	0.0	0.0	0.0294118	0.0	0.025	0.0	0.0	0.0	0.0	0.0	0.0285714	0.0333333	0.0652174	0.0	0.0	0.0	0.0	0.02	0.0	0.0	0.0	0.0	0.0212766	0.027027	0.0	0.0149254	0.0	0.0227273	0.0	0.0	0.0	0.0188679	0.0	0.0	0.0	0.0	0.0571429	
Red Wattlebird (<em class="sci">Anthochaera carunculata</em>)	0.097561	0.1016949	0.1454545	0.1948052	0.1111111	0.0930233	0.1372549	0.1176471	0.3269231	0.3589744	0.2307692	0.3035714	0.25	0.2058824	0.2068966	0.325	0.1315789	0.1304348	0.1025641	0.2272727	0.0952381	0.2285714	0.2	0.0434783	0.0816327	0.2173913	0.0731707	0.0983607	0.08	0.1578947	0.0943396	0.2033898	0.2	0.1914894	0.1621622	0.212766	0.2985075	0.1764706	0.1590909	0.2153846	0.1428571	0.1428571	0.0566038	0.1617647	0.1428571	0.1538462	0.1363636	0.1428571	
White-plumed Honeyeater (<em class="sci">Ptilotula penicillata</em>)	0.0	0.0338983	0.0	0.0	0.0	0.0	0.0	0.0196078	0.0	0.0	0.0	0.0178571	0.0	0.0015	0.0	0.0	0.0263158	0.0	0.0	0.0454545	0.0	0.0285714	0.0	0.0217391	0.0	0.0217391	0.0731707	0.0	0.0	0.0	0.0	0.0338983	0.0	0.0	0.0	0.0212766	0.0	0.0	0.0	0.0153846	0.0357143	0.0	0.0	0.0	0.0	0.0	0.0	0.0	
Scarlet Myzomela (<em class="sci">Myzomela sanguinolenta</em>)	0.0	0.0	0.0	0.0	0.0	0.0	0.0	0.0	0.0	0.0	0.0	0.0	0.0	0.0	0.0	0.0	0.0	0.0	0.0	0.0015	0.0	0.0	0.0	0.0	0.0204082	0.0434783	0.0	0.0	0.0	0.0	0.0	0.0	0.0	0.0	0.0	0.0	0.0	0.0	0.0	0.0	0.0	0.0	0.0	0.0	0.0	0.0	0.0	0.0	
Brown Honeyeater (<em class="sci">Lichmera indistincta</em>)	0.0	0.0	0.0	0.0	0.0	0.0	0.0	0.0	0.0	0.0	0.0	0.0	0.0	0.0	0.0344828	0.0	0.0	0.0	0.0	0.0	0.0	0.0	0.0	0.0	0.0	0.0	0.0	0.0	0.0	0.0	0.0	0.0	0.0	0.0	0.0	0.0	0.0	0.0	0.0	0.0	0.0	0.0	0.0	0.0	0.0	0.0	0.0	0.0	
New Holland Honeyeater (<em class="sci">Phylidonyris novaehollandiae</em>)	0.0731707	0.1016949	0.1636364	0.0779221	0.0925926	0.0465116	0.1176471	0.1176471	0.0961538	0.1538462	0.2307692	0.25	0.21875	0.1470588	0.1034483	0.2	0.1842105	0.173913	0.1025641	0.1590909	0.0952381	0.1142857	0.1333333	0.173913	0.1428571	0.2608696	0.2195122	0.1639344	0.18	0.2894737	0.1320755	0.2033898	0.2285714	0.212766	0.1891892	0.2765957	0.2686567	0.1568627	0.2954545	0.1846154	0.1428571	0.1071429	0.0566038	0.1176471	0.0857143	0.0769231	0.0909091	0.1142857	
White-cheeked Honeyeater (<em class="sci">Phylidonyris niger</em>)	0.0	0.0	0.0015	0.0	0.0	0.0	0.0	0.0	0.0	0.0	0.0	0.0	0.0	0.0	0.0	0.0	0.0	0.0	0.0	0.0	0.0	0.0	0.0	0.0	0.0	0.0	0.0	0.0	0.0	0.0	0.0	0.0	0.0	0.0	0.0	0.0	0.0	0.0	0.0	0.0	0.0	0.0	0.0	0.0	0.0	0.0	0.0	0.0	
Noisy Friarbird (<em class="sci">Philemon corniculatus</em>)	0.0015	0.0	0.0	0.0	0.0	0.0	0.0	0.0	0.0	0.0	0.0	0.0	0.0	0.0	0.0	0.0	0.0	0.0	0.0	0.0	0.0	0.0015	0.0	0.0	0.0	0.0	0.0	0.0	0.0	0.0	0.0188679	0.0	0.0285714	0.0	0.0	0.0	0.0	0.0	0.0	0.0	0.0	0.0	0.0	0.0147059	0.0	0.0	0.0	0.0	
Spotted Pardalote (<em class="sci">Pardalotus punctatus</em>)	0.0243902	0.0	0.0181818	0.012987	0.037037	0.0	0.0588235	0.0196078	0.0192308	0.0769231	0.0384615	0.0357143	0.0625	0.0882353	0.0344828	0.1	0.0526316	0.0217391	0.025641	0.0454545	0.0	0.0285714	0.1	0.0434783	0.0	0.0652174	0.0243902	0.0655738	0.1	0.0526316	0.0188679	0.1186441	0.0857143	0.0	0.0540541	0.0638298	0.0895522	0.0392157	0.0681818	0.0615385	0.0714286	0.0714286	0.0377358	0.0441176	0.0285714	0.0384615	0.0454545	0.0	
White-browed Scrubwren (<em class="sci">Sericornis frontalis</em>)	0.0	0.0	0.0	0.0	0.0185185	0.0	0.0	0.0196078	0.0	0.0	0.0384615	0.0	0.0015	0.0	0.0	0.0	0.0	0.0	0.025641	0.0	0.0	0.0	0.0	0.0	0.0	0.0	0.0	0.0	0.0	0.0	0.0377358	0.0338983	0.0	0.0	0.0	0.0212766	0.0	0.0196078	0.0	0.0	0.0	0.0	0.0	0.0	0.0	0.0	0.0454545	0.0015	
Brown Thornbill (<em class="sci">Acanthiza pusilla</em>)	0.0	0.0	0.0015	0.0	0.0	0.0	0.0	0.0	0.0	0.0	0.0	0.0	0.0	0.0	0.0	0.0	0.0	0.0	0.0	0.0	0.0	0.0285714	0.0	0.0	0.0	0.0	0.0	0.0	0.0	0.0	0.0	0.0	0.0	0.0	0.0	0.0	0.0	0.0	0.0	0.0	0.0	0.0	0.0	0.0147059	0.0	0.0	0.0	0.0	
Yellow-rumped Thornbill (<em class="sci">Acanthiza chrysorrhoa</em>)	0.0487805	0.0508475	0.0363636	0.025974	0.0185185	0.0	0.0392157	0.0196078	0.0192308	0.0769231	0.0384615	0.0535714	0.125	0.0882353	0.0344828	0.075	0.0526316	0.0652174	0.0	0.0454545	0.0	0.0285714	0.0333333	0.0217391	0.0408163	0.0217391	0.0487805	0.0819672	0.04	0.1052632	0.0	0.1016949	0.0285714	0.106383	0.1351351	0.106383	0.0597015	0.0392157	0.0909091	0.0923077	0.0714286	0.0892857	0.0377358	0.0588235	0.0571429	0.0384615	0.0909091	0.1142857	
Yellow Thornbill (<em class="sci">Acanthiza nana</em>)	0.1707317	0.1694915	0.1636364	0.1038961	0.0925926	0.1860465	0.2352941	0.0980392	0.1538462	0.2051282	0.2307692	0.1785714	0.21875	0.3235294	0.2758621	0.25	0.2894737	0.1304348	0.2820513	0.2954545	0.1904762	0.2285714	0.3333333	0.173913	0.1836735	0.326087	0.2195122	0.295082	0.28	0.3684211	0.245283	0.3220339	0.2571429	0.2553191	0.2162162	0.3191489	0.1940299	0.2941176	0.2045455	0.2461538	0.25	0.1071429	0.1320755	0.1470588	0.1142857	0.1153846	0.1363636	0.1428571	
Brown Gerygone (<em class="sci">Gerygone mouki</em>)	0.0	0.0	0.0	0.0	0.0	0.0	0.0	0.0	0.0	0.0	0.0	0.0	0.0	0.0	0.0	0.0	0.0263158	0.0434783	0.0	0.0227273	0.0	0.0	0.0	0.0217391	0.0204082	0.0434783	0.0	0.0491803	0.08	0.0263158	0.0566038	0.0677966	0.0	0.0	0.0	0.0	0.0	0.0	0.0	0.0	0.0	0.0	0.0	0.0	0.0	0.0	0.0	0.0	
Black-faced Cuckooshrike (<em class="sci">Coracina novaehollandiae</em>)	0.097561	0.1525424	0.1090909	0.1168831	0.0740741	0.0232558	0.0980392	0.0588235	0.0384615	0.1282051	0.1153846	0.0535714	0.15625	0.1470588	0.2758621	0.375	0.3684211	0.3913043	0.3589744	0.3636364	0.0952381	0.4285714	0.2666667	0.2826087	0.4285714	0.2826087	0.2439024	0.3278689	0.22	0.2631579	0.1509434	0.3389831	0.2	0.1914894	0.2162162	0.2340426	0.2537313	0.1764706	0.1590909	0.1692308	0.2142857	0.1785714	0.0754717	0.1617647	0.0857143	0.1538462	0.0454545	0.1142857	
White-winged Triller (<em class="sci">Lalage tricolor</em>)	0.0	0.0	0.0181818	0.0	0.0	0.0	0.0	0.0	0.0	0.0	0.0	0.0	0.0	0.0	0.0	0.0	0.0	0.0	0.0	0.0	0.0	0.0	0.0	0.0	0.0	0.0	0.0	0.0	0.0	0.0	0.0	0.0	0.0	0.0	0.0	0.0	0.0298507	0.0015	0.0227273	0.0	0.0	0.0	0.0	0.0	0.0	0.0	0.0	0.0	
Golden Whistler (<em class="sci">Pachycephala pectoralis</em>)	0.0	0.0	0.0	0.012987	0.0185185	0.0	0.0	0.0	0.0	0.0	0.0	0.0	0.03125	0.0294118	0.0344828	0.025	0.0263158	0.0217391	0.0512821	0.0909091	0.047619	0.0285714	0.0666667	0.0434783	0.0408163	0.0434783	0.0	0.0491803	0.04	0.0263158	0.0754717	0.0847458	0.0571429	0.0425532	0.027027	0.0851064	0.0149254	0.0196078	0.0	0.0	0.0	0.0	0.0	0.0	0.0	0.0	0.0	0.0	
Rufous Whistler (<em class="sci">Pachycephala rufiventris</em>)	0.0243902	0.0169492	0.0181818	0.0	0.0	0.0	0.0	0.0	0.0	0.0	0.0	0.0357143	0.03125	0.0015	0.0	0.0	0.0	0.0	0.0	0.0	0.047619	0.0	0.0	0.0217391	0.0	0.0	0.0	0.0	0.0	0.0263158	0.0	0.0169492	0.0	0.0	0.0	0.0212766	0.0298507	0.0	0.0227273	0.0	0.0015	0.0	0.0	0.0	0.0285714	0.0	0.0	0.0285714	
Olive-backed Oriole (<em class="sci">Oriolus sagittatus</em>)	0.0	0.0	0.0181818	0.0649351	0.0185185	0.0	0.0392157	0.0	0.0	0.0	0.0	0.0	0.0	0.0	0.0344828	0.0	0.0	0.0	0.0	0.0227273	0.0	0.0	0.0	0.0	0.0	0.0	0.0	0.0163934	0.0	0.0	0.0	0.0169492	0.0	0.0	0.0540541	0.106383	0.0298507	0.1176471	0.1363636	0.1846154	0.2857143	0.1964286	0.0188679	0.1911765	0.0571429	0.0384615	0.0	0.0	
Australasian Figbird (<em class="sci">Sphecotheres vieilloti</em>)	0.2926829	0.5084746	0.4	0.5194805	0.4444444	0.4883721	0.4313725	0.2941176	0.3269231	0.3333333	0.3076923	0.1607143	0.1875	0.1176471	0.1724138	0.275	0.2894737	0.1956522	0.1282051	0.2045455	0.047619	0.1714286	0.2	0.1086957	0.0408163	0.0869565	0.0731707	0.2295082	0.2	0.2894737	0.245283	0.4576271	0.3714286	0.5106383	0.4594595	0.4255319	0.4179104	0.4509804	0.4545455	0.5230769	0.5	0.4821429	0.5471698	0.5294118	0.3714286	0.7692308	0.5	0.3714286	
White-browed Woodswallow (<em class="sci">Artamus superciliosus</em>)	0.0	0.0	0.0	0.0	0.0	0.0	0.0	0.0	0.0	0.0	0.0	0.0	0.0	0.0	0.0	0.0	0.0	0.0	0.0	0.0	0.0	0.0	0.0	0.0	0.0	0.0	0.0	0.0	0.0	0.0	0.0	0.0	0.0	0.0	0.027027	0.0	0.0	0.0	0.0	0.0	0.0	0.0	0.0	0.0	0.0	0.0	0.0	0.0	
Gray Butcherbird (<em class="sci">Cracticus torquatus</em>)	0.4878049	0.6271186	0.7272727	0.6493506	0.6851852	0.4651163	0.5882353	0.6666667	0.5576923	0.7435897	0.6923077	0.4821429	0.71875	0.6176471	0.7586207	0.625	0.5526316	0.5869565	0.4102564	0.5227273	0.4285714	0.5714286	0.3666667	0.4782609	0.6938776	0.5434783	0.6341463	0.6393443	0.68	0.5263158	0.5471698	0.6271186	0.6285714	0.4893617	0.6486486	0.5531915	0.6119403	0.7058824	0.5454545	0.6307692	0.6785714	0.5535714	0.5849057	0.6029412	0.5428571	0.6538462	0.8181818	0.4571429	
Australian Magpie (<em class="sci">Gymnorhina tibicen</em>)	0.8292683	0.9661017	0.9272727	0.9350649	0.9444444	0.9534884	0.9215686	0.9607843	0.8846154	0.9230769	0.9230769	0.875	0.96875	0.9705882	1.0	0.975	0.8947368	0.9347826	0.8461538	0.9090909	0.9047619	0.9714286	0.8666667	0.8478261	0.8979592	0.8913043	0.8780488	0.9344262	0.96	0.7894737	0.7735849	0.9322034	0.8857143	0.9361702	0.8918919	0.9361702	0.880597	0.8823529	0.8863636	0.8923077	0.9642857	0.7857143	0.8679245	0.8823529	0.8857143	0.9615385	0.9545455	0.7428571	
Pied Currawong (<em class="sci">Strepera graculina</em>)	0.6097561	0.779661	0.7818182	0.7792208	0.7407407	0.8139535	0.8627451	0.8235294	0.75	0.8717949	0.7692308	0.8035714	0.875	0.7647059	0.9310345	0.825	0.7368421	0.7391304	0.7179487	0.6363636	0.6190476	0.7714286	0.7	0.6304348	0.7755102	0.7173913	0.6829268	0.7213115	0.78	0.6578947	0.6792453	0.7627119	0.7714286	0.8723404	0.7567568	0.8297872	0.7164179	0.745098	0.6818182	0.7692308	0.8571429	0.6071429	0.7735849	0.7941176	0.6857143	0.8461538	0.8636364	0.4571429	
Willie-wagtail (<em class="sci">Rhipidura leucophrys</em>)	0.6585366	0.8813559	0.8545455	0.8571429	0.8148148	0.8837209	0.8823529	0.8627451	0.6730769	0.7692308	0.6538462	0.7321429	0.78125	0.9117647	0.7931034	0.8	0.8947368	0.8478261	0.7692308	0.8636364	0.8095238	0.7428571	0.7	0.7173913	0.7755102	0.8043478	0.8780488	0.8196721	0.84	0.8157895	0.6037736	0.779661	0.8571429	0.893617	0.7027027	0.7659574	0.6865672	0.7647059	0.6590909	0.7384615	0.8571429	0.625	0.7358491	0.7647059	0.7428571	0.9230769	0.8181818	0.6285714	
Rufous Fantail (<em class="sci">Rhipidura rufifrons</em>)	0.0	0.0	0.0	0.0	0.0	0.0	0.0	0.0196078	0.0192308	0.0	0.0	0.0178571	0.03125	0.0	0.0344828	0.0	0.0	0.0	0.0	0.0	0.0	0.0	0.0	0.0	0.0	0.0	0.0	0.0	0.0	0.0	0.0	0.0	0.0	0.0	0.0	0.0	0.0	0.0	0.0	0.0153846	0.0	0.0	0.0	0.0147059	0.0	0.0	0.0	0.0	
Gray Fantail (<em class="sci">Rhipidura albiscapa</em>)	0.0	0.0	0.0	0.0	0.0	0.0	0.0	0.0	0.0	0.0	0.0	0.0178571	0.0625	0.1176471	0.1034483	0.175	0.2894737	0.173913	0.2820513	0.2272727	0.047619	0.0571429	0.0333333	0.1086957	0.0612245	0.1304348	0.1707317	0.1967213	0.12	0.2368421	0.1698113	0.220339	0.1428571	0.1276596	0.1081081	0.1702128	0.0447761	0.0980392	0.0227273	0.0	0.0	0.0178571	0.0	0.0	0.0285714	0.0	0.0	0.0	
Spangled Drongo (<em class="sci">Dicrurus bracteatus</em>)	0.0	0.0	0.0	0.0	0.0	0.0	0.0015	0.0	0.0192308	0.0015	0.0	0.0	0.0	0.0	0.0344828	0.0	0.0	0.0217391	0.0015	0.0	0.0	0.0	0.0	0.0	0.0	0.0217391	0.0	0.0	0.0	0.0	0.0	0.0	0.0	0.0	0.0	0.0	0.0	0.0	0.0	0.0	0.0	0.0	0.0	0.0147059	0.0	0.0	0.0	0.0	
Black-faced Monarch (<em class="sci">Monarcha melanopsis</em>)	0.0	0.0	0.0	0.0	0.0185185	0.0	0.0	0.0	0.0	0.0	0.0	0.0	0.0	0.0	0.0	0.0	0.0	0.0	0.0	0.0	0.0	0.0	0.0	0.0	0.0	0.0	0.0	0.0	0.0	0.0	0.0	0.0	0.0	0.0	0.0	0.0	0.0149254	0.0	0.0	0.0	0.0	0.0	0.0	0.0	0.0	0.0	0.0	0.0	
Magpie-lark (<em class="sci">Grallina cyanoleuca</em>)	0.7560976	0.9152542	0.9090909	0.961039	0.9259259	0.9767442	0.8431373	0.9215686	0.8653846	0.9230769	0.9230769	0.9107143	0.96875	0.9117647	0.8965517	0.975	0.9210526	0.9347826	0.8717949	0.8863636	0.9047619	0.9428571	0.8666667	0.8043478	0.8571429	0.7826087	0.902439	0.9180328	0.9	0.7894737	0.754717	0.8474576	0.8857143	0.9574468	0.9189189	0.8723404	0.7761194	0.9215686	0.8409091	0.8307692	0.9642857	0.7857143	0.7924528	0.8970588	0.8571429	0.9230769	1.0	0.8571429	
Leaden Flycatcher (<em class="sci">Myiagra rubecula</em>)	0.0	0.0	0.0	0.0	0.0	0.0	0.0	0.0	0.0	0.0	0.0	0.0	0.0	0.0	0.0344828	0.025	0.0	0.0	0.0	0.0	0.0	0.0	0.0	0.0	0.0	0.0	0.0	0.0	0.0	0.0	0.0	0.0	0.0	0.0	0.0	0.0	0.0	0.0196078	0.0	0.0	0.0	0.0	0.0	0.0	0.0	0.0	0.0	0.0	
Satin Flycatcher (<em class="sci">Myiagra cyanoleuca</em>)	0.0	0.0	0.0	0.0	0.0	0.0	0.0	0.0015	0.0	0.0	0.0	0.0	0.0	0.0	0.0	0.0	0.0	0.0	0.0	0.0	0.0	0.0	0.0	0.0	0.0	0.0	0.0	0.0	0.0	0.0	0.0	0.0	0.0	0.0	0.0	0.0	0.0	0.0	0.0	0.0	0.0	0.0	0.0	0.0	0.0	0.0	0.0	0.0	
Restless Flycatcher (<em class="sci">Myiagra inquieta</em>)	0.0	0.0	0.0	0.0	0.0	0.0	0.0	0.0	0.0	0.0	0.0	0.0	0.03125	0.0	0.0	0.0	0.0	0.0	0.0	0.0	0.0	0.0	0.0	0.0	0.0	0.0	0.0	0.0	0.0	0.0015	0.0	0.0169492	0.0	0.0	0.0	0.0	0.0	0.0	0.0	0.0	0.0	0.0	0.0	0.0	0.0	0.0	0.0	0.0	
Australian Raven (<em class="sci">Corvus coronoides</em>)	0.7560976	0.8983051	0.9636364	0.9350649	0.962963	0.9302326	0.9411765	0.9411765	0.8461538	0.9487179	0.7692308	0.8214286	0.96875	0.9411765	0.9655172	0.95	0.8947368	0.8695652	0.7692308	0.9090909	0.9047619	0.9714286	0.8	0.826087	0.8571429	0.8695652	0.8780488	0.9508197	0.9	0.7894737	0.8113208	0.8474576	0.8857143	0.9148936	0.8918919	0.893617	0.8208955	0.9019608	0.8409091	0.8923077	0.9642857	0.75	0.8301887	0.8823529	0.7714286	0.8846154	0.8636364	0.8571429	
crow/raven sp. (<em class="sci">Corvus sp.</em>)	0.0	0.0	0.0	0.0	0.0	0.0	0.0196078	0.0	0.0	0.0	0.0	0.0	0.0	0.0	0.0	0.0	0.0	0.0	0.0	0.0	0.0	0.0	0.0	0.0	0.0	0.0	0.0	0.0	0.0	0.0	0.0	0.0169492	0.0	0.0	0.0	0.0	0.0	0.0196078	0.0	0.0	0.0	0.0	0.0	0.0	0.0	0.0	0.0	0.0	
Jacky-winter (<em class="sci">Microeca fascinans</em>)	0.0	0.0	0.0015	0.0	0.0	0.0	0.0	0.0	0.0	0.0	0.0	0.0178571	0.0	0.0	0.0	0.0	0.0	0.0	0.0	0.0	0.0	0.0	0.0	0.0	0.0	0.0	0.0	0.0	0.02	0.0263158	0.0	0.0	0.0	0.0	0.0	0.0	0.0	0.0	0.0	0.0	0.0	0.0	0.0	0.0	0.0	0.0	0.0	0.0	
Rose Robin (<em class="sci">Petroica rosea</em>)	0.0	0.0	0.0	0.0	0.0	0.0	0.0	0.0	0.0	0.0	0.0	0.0178571	0.0	0.0	0.0	0.0	0.0	0.0	0.0	0.0	0.0	0.0	0.0	0.0	0.0	0.0	0.0	0.0	0.0	0.0	0.0	0.0	0.0	0.0	0.0	0.0	0.0	0.0	0.0	0.0	0.0	0.0	0.0	0.0	0.0	0.0	0.0	0.0	
Eastern Yellow Robin (<em class="sci">Eopsaltria australis</em>)	0.0	0.0169492	0.0015	0.0	0.0	0.0	0.0	0.0	0.0015	0.0	0.0	0.0	0.0	0.0	0.0	0.0	0.0	0.0	0.0	0.0	0.0	0.0	0.0	0.0	0.0	0.0	0.0	0.0	0.0	0.0	0.0	0.0	0.0	0.0	0.0	0.0	0.0	0.0	0.0	0.0	0.0	0.0	0.0	0.0	0.0	0.0	0.0	0.0	
Eurasian Skylark (<em class="sci">Alauda arvensis</em>)	0.0	0.0	0.0	0.0	0.0	0.0232558	0.0	0.0	0.0	0.0	0.0	0.0	0.0	0.0	0.0	0.0	0.0	0.0	0.0	0.0	0.0	0.0	0.0	0.0	0.0	0.0	0.0	0.0	0.0	0.0	0.0	0.0	0.0	0.0	0.0	0.0	0.0	0.0	0.0	0.0	0.0	0.0	0.0	0.0	0.0	0.0	0.0	0.0	
Golden-headed Cisticola (<em class="sci">Cisticola exilis</em>)	0.0	0.0169492	0.0015	0.0	0.0	0.0	0.0	0.0	0.0	0.0	0.0	0.0	0.0	0.0	0.0	0.0	0.0	0.0	0.0	0.0	0.0	0.0	0.0	0.0	0.0	0.0	0.0	0.0	0.0	0.0263158	0.0	0.0	0.0	0.0	0.0	0.0	0.0	0.0	0.0	0.0	0.0	0.0	0.0	0.0	0.0	0.0	0.0	0.0	
Australian Reed Warbler (<em class="sci">Acrocephalus australis</em>)	0.097561	0.1355932	0.0727273	0.1168831	0.0925926	0.1162791	0.0588235	0.0588235	0.0384615	0.1025641	0.0769231	0.0178571	0.0	0.0	0.0344828	0.0	0.0	0.0217391	0.0015	0.0	0.0	0.0	0.0	0.0	0.0204082	0.0	0.0	0.0	0.02	0.0263158	0.0	0.0508475	0.0	0.1276596	0.2162162	0.2978723	0.2238806	0.254902	0.2045455	0.2615385	0.1785714	0.125	0.1132075	0.1323529	0.0285714	0.0384615	0.0909091	0.1714286	
Little Grassbird (<em class="sci">Poodytes gramineus</em>)	0.0	0.0	0.0	0.0	0.0	0.0	0.0	0.0	0.0192308	0.025641	0.0	0.0	0.0	0.0	0.0	0.0	0.0	0.0	0.0	0.0	0.0	0.0	0.0	0.0	0.0	0.0	0.0	0.0	0.0	0.0	0.0	0.0	0.0	0.0	0.027027	0.0212766	0.0	0.0	0.0	0.0	0.0	0.0178571	0.0	0.0	0.0	0.0	0.0	0.0	
Brown Songlark (<em class="sci">Cincloramphus cruralis</em>)	0.0	0.0169492	0.0	0.0	0.0	0.0	0.0	0.0	0.0	0.0	0.0	0.0	0.0	0.0	0.0	0.0	0.0	0.0	0.0	0.0	0.0	0.0	0.0	0.0	0.0	0.0	0.0	0.0	0.0	0.0	0.0	0.0	0.0	0.0	0.0	0.0	0.0	0.0	0.0	0.0461538	0.0	0.0	0.0	0.0	0.0285714	0.0	0.0	0.0	
Rufous Songlark (<em class="sci">Cincloramphus mathewsi</em>)	0.0	0.0	0.0	0.0	0.0	0.0	0.0	0.0	0.0	0.0	0.0	0.0	0.0	0.0	0.0	0.0	0.0	0.0	0.0	0.0	0.0	0.0	0.0	0.0	0.0	0.0	0.0	0.0	0.0	0.0	0.0	0.0	0.0	0.0	0.0	0.0212766	0.0	0.0015	0.0	0.0153846	0.0	0.0	0.0	0.0	0.0285714	0.0	0.0	0.0	
Tawny Grassbird (<em class="sci">Cincloramphus timoriensis</em>)	0.0	0.0	0.0015	0.012987	0.0	0.0	0.0	0.0	0.0	0.0	0.0	0.0	0.0	0.0	0.0	0.0	0.0	0.0217391	0.0	0.0	0.0	0.0	0.0	0.0	0.0	0.0	0.0	0.0	0.0	0.0263158	0.0	0.0	0.0	0.0425532	0.0	0.0	0.0015	0.0196078	0.0227273	0.0	0.0	0.0	0.0	0.0	0.0	0.0	0.0	0.0	
Welcome Swallow (<em class="sci">Hirundo neoxena</em>)	0.7804878	0.8813559	0.8727273	0.8961039	0.8888889	0.8837209	0.8627451	0.9411765	0.7692308	0.8974359	0.8461538	0.75	0.84375	0.8823529	0.8965517	0.95	0.9210526	0.9347826	0.8205128	0.8863636	0.8095238	0.9142857	0.9	0.826087	0.8571429	0.8695652	0.902439	0.8852459	0.88	0.8157895	0.8113208	0.8983051	0.7714286	0.893617	0.8378378	0.8723404	0.8507463	0.9019608	0.6818182	0.7846154	0.9642857	0.6964286	0.7169811	0.7205882	0.9142857	0.9230769	0.7727273	0.7428571	
Fairy Martin (<em class="sci">Petrochelidon ariel</em>)	0.5365854	0.7288136	0.7272727	0.6623377	0.5555556	0.3488372	0.254902	0.1764706	0.0961538	0.0	0.0769231	0.0357143	0.03125	0.0	0.0	0.025	0.0263158	0.0217391	0.0	0.0	0.0	0.0	0.0	0.0434783	0.0408163	0.0434783	0.1219512	0.147541	0.3	0.4473684	0.5283019	0.7457627	0.7142857	0.7446809	0.6216216	0.6595745	0.5820896	0.7058824	0.4545455	0.7076923	0.8928571	0.4642857	0.509434	0.6617647	0.6285714	0.8076923	0.6818182	0.4857143	
Tree Martin (<em class="sci">Petrochelidon nigricans</em>)	0.0731707	0.0508475	0.0181818	0.025974	0.0185185	0.0465116	0.0980392	0.0196078	0.0384615	0.025641	0.0384615	0.0714286	0.09375	0.0294118	0.0	0.075	0.0263158	0.0217391	0.0	0.0	0.047619	0.0571429	0.0333333	0.0434783	0.0204082	0.0434783	0.0243902	0.0491803	0.14	0.1052632	0.0566038	0.1016949	0.0571429	0.1702128	0.1081081	0.106383	0.1492537	0.1176471	0.0909091	0.1076923	0.0714286	0.0535714	0.0377358	0.0882353	0.0285714	0.1153846	0.0909091	0.2571429	
Fairy/Tree Martin (<em class="sci">Petrochelidon ariel/nigricans</em>)	0.0	0.0	0.0	0.0015	0.0	0.0232558	0.0	0.0196078	0.0192308	0.0	0.0	0.0	0.03125	0.0	0.0	0.0	0.0	0.0	0.0	0.0	0.0	0.0	0.0	0.0	0.0204082	0.0	0.0	0.0	0.0	0.0263158	0.0	0.0	0.0	0.0212766	0.0	0.0425532	0.0149254	0.0196078	0.0	0.0	0.0	0.0	0.0754717	0.0147059	0.0285714	0.0	0.0015	0.0571429	
swallow sp. (<em class="sci">Hirundinidae sp.</em>)	0.0243902	0.0	0.0181818	0.0	0.0	0.0	0.0	0.0	0.0	0.0	0.0	0.0	0.0	0.0	0.0	0.0	0.0	0.0	0.0	0.0	0.0	0.0	0.0	0.0	0.0015	0.0217391	0.0	0.0163934	0.0	0.0	0.0188679	0.0	0.0	0.0	0.0	0.0	0.0	0.0	0.0	0.0	0.0	0.0	0.0188679	0.0147059	0.0	0.0	0.0	0.0285714	
Red-whiskered Bulbul (<em class="sci">Pycnonotus jocosus</em>)	0.0487805	0.0169492	0.0181818	0.012987	0.0	0.0232558	0.0196078	0.0015	0.0015	0.0	0.0	0.0357143	0.0015	0.0	0.0	0.025	0.0	0.0	0.025641	0.0	0.0	0.0	0.0	0.0217391	0.0	0.0015	0.0243902	0.0	0.02	0.0263158	0.0188679	0.0	0.0	0.0	0.0015	0.0212766	0.0	0.0	0.0227273	0.0153846	0.0	0.0178571	0.0	0.0	0.0571429	0.0015	0.0909091	0.0	
Silvereye (<em class="sci">Zosterops lateralis</em>)	0.0487805	0.1694915	0.0727273	0.0519481	0.1111111	0.0697674	0.0980392	0.0392157	0.0192308	0.1025641	0.1538462	0.0892857	0.15625	0.1470588	0.1034483	0.1	0.1578947	0.1086957	0.0769231	0.1590909	0.0952381	0.1714286	0.0666667	0.1086957	0.1428571	0.2826087	0.1219512	0.1967213	0.12	0.2368421	0.1509434	0.2542373	0.1428571	0.106383	0.1891892	0.1702128	0.1044776	0.0980392	0.0909091	0.1230769	0.1785714	0.1607143	0.1132075	0.1029412	0.1142857	0.1538462	0.0909091	0.1142857	
European Starling (<em class="sci">Sturnus vulgaris</em>)	0.4390244	0.4237288	0.4727273	0.6103896	0.5	0.627907	0.5490196	0.5490196	0.4423077	0.6153846	0.6153846	0.6071429	0.65625	0.6470588	0.7241379	0.725	0.5526316	0.5217391	0.6410256	0.7954545	0.7619048	0.7142857	0.7333333	0.6086957	0.6122449	0.6956522	0.6829268	0.7213115	0.64	0.7631579	0.5849057	0.7288136	0.6	0.8297872	0.6216216	0.6382979	0.5373134	0.5098039	0.3863636	0.6461538	0.7857143	0.4821429	0.5849057	0.7058824	0.5714286	0.4615385	0.5	0.4857143	
Common Myna (<em class="sci">Acridotheres tristis</em>)	0.7804878	0.9322034	0.8909091	0.9090909	0.9074074	0.9302326	0.8235294	0.9803922	0.8461538	0.9230769	0.7692308	0.7857143	0.78125	0.8235294	0.9310345	0.875	0.8421053	0.8478261	0.7692308	0.8863636	0.8095238	0.9428571	0.8333333	0.7826087	0.8367347	0.8695652	0.9268293	0.852459	0.84	0.8947368	0.7924528	0.8644068	0.8857143	0.9361702	0.8648649	0.893617	0.6567164	0.7647059	0.7954545	0.8	0.8928571	0.75	0.8301887	0.8970588	0.8285714	0.9615385	0.9545455	0.8571429	
Eurasian Blackbird (<em class="sci">Turdus merula</em>)	0.0243902	0.0	0.0181818	0.012987	0.0	0.0	0.0	0.0	0.0	0.0	0.0	0.0	0.0	0.0294118	0.0	0.025	0.0263158	0.0	0.0	0.0	0.0	0.0	0.0	0.0	0.0204082	0.0	0.0	0.0491803	0.0	0.0526316	0.0188679	0.0508475	0.0285714	0.0425532	0.0540541	0.0425532	0.0447761	0.0	0.0681818	0.0769231	0.0357143	0.0535714	0.0377358	0.0147059	0.0571429	0.0384615	0.0454545	0.0571429	
Mistletoebird (<em class="sci">Dicaeum hirundinaceum</em>)	0.0	0.0	0.0	0.012987	0.0	0.0	0.0	0.0	0.0192308	0.0	0.0	0.0	0.0	0.0	0.0344828	0.025	0.0	0.0	0.0	0.0015	0.0	0.0	0.0	0.0217391	0.0	0.0	0.0	0.0	0.0	0.0	0.0	0.0	0.0	0.0	0.0	0.0	0.0	0.0	0.0	0.0	0.0	0.0	0.0	0.0	0.0	0.0	0.0	0.0	
Red-browed Firetail (<em class="sci">Neochmia temporalis</em>)	0.0487805	0.0169492	0.0181818	0.0	0.0	0.0232558	0.0	0.0	0.0015	0.0	0.0384615	0.0178571	0.0	0.0	0.0344828	0.0	0.0	0.0	0.0	0.0	0.0	0.0	0.0	0.0217391	0.0	0.0	0.0	0.0327869	0.04	0.0789474	0.0188679	0.0677966	0.0	0.0212766	0.0	0.0638298	0.0149254	0.0	0.0227273	0.0307692	0.0	0.0	0.0	0.0	0.0285714	0.0	0.0	0.0	
Double-barred Finch (<em class="sci">Taeniopygia bichenovii</em>)	0.0243902	0.0169492	0.0	0.0	0.0	0.0	0.0	0.0	0.0	0.0	0.0384615	0.0	0.0	0.0	0.0344828	0.0	0.0	0.0	0.0	0.0	0.0	0.0	0.0	0.0	0.0	0.0	0.0	0.0	0.0	0.0	0.0	0.0	0.0	0.0212766	0.0	0.0	0.0	0.0	0.0	0.0	0.0	0.0	0.0	0.0	0.0	0.0	0.0	0.0	
Scaly-breasted Munia (<em class="sci">Lonchura punctulata</em>)	0.0	0.0	0.0015	0.0	0.0	0.0	0.0	0.0	0.0	0.0	0.0	0.0	0.0	0.0	0.0	0.0	0.0	0.0	0.0	0.0	0.0	0.0	0.0	0.0	0.0	0.0	0.0243902	0.0	0.0	0.0	0.0	0.0	0.0	0.0	0.0	0.0	0.0	0.0	0.0	0.0	0.0	0.0	0.0	0.0	0.0	0.0	0.0	0.0	
Chestnut-breasted Munia (<em class="sci">Lonchura castaneothorax</em>)	0.0	0.0	0.0015	0.0	0.0	0.0	0.0	0.0	0.0	0.0	0.0	0.0	0.0	0.0	0.0	0.0	0.0	0.0	0.0	0.0	0.0	0.0	0.0	0.0	0.0	0.0	0.0	0.0	0.0	0.0	0.0	0.0	0.0	0.0	0.0	0.0	0.0	0.0	0.0	0.0	0.0	0.0	0.0	0.0	0.0	0.0	0.0	0.0	
House Sparrow (<em class="sci">Passer domesticus</em>)	0.0487805	0.0338983	0.0015	0.025974	0.0	0.0	0.0	0.0392157	0.0576923	0.0	0.0384615	0.0357143	0.0	0.0	0.0	0.025	0.0	0.0217391	0.025641	0.0227273	0.0	0.0285714	0.0333333	0.0217391	0.0	0.0434783	0.0243902	0.0163934	0.02	0.0263158	0.0943396	0.0338983	0.0	0.0425532	0.0015	0.0212766	0.0149254	0.0	0.0681818	0.0153846	0.0357143	0.0535714	0.0	0.0441176	0.0285714	0.0	0.0454545	0.0	
Australasian Pipit (<em class="sci">Anthus novaeseelandiae</em>)	0.0	0.0	0.0	0.0	0.0	0.0	0.0	0.0	0.0	0.0	0.0	0.0	0.0	0.0	0.0	0.0	0.0	0.0	0.0	0.0	0.0	0.0	0.0	0.0	0.0	0.0	0.0	0.0	0.0	0.0	0.0	0.0	0.0	0.0	0.0	0.0212766	0.0	0.0	0.0	0.0	0.0	0.0	0.0	0.0	0.0	0.0	0.0	0.0	
European Greenfinch (<em class="sci">Chloris chloris</em>)	0.0	0.0169492	0.0015	0.0	0.0	0.0	0.0	0.0	0.0	0.0	0.0	0.0	0.0	0.0	0.0	0.0	0.0	0.0	0.0	0.0	0.0	0.0	0.0	0.0	0.0	0.0	0.0	0.0	0.02	0.0	0.0	0.0169492	0.0	0.0212766	0.0	0.0	0.0015	0.0	0.0	0.0	0.0357143	0.0	0.0	0.0	0.0	0.0015	0.0	0.0	
European Goldfinch (<em class="sci">Carduelis carduelis</em>)	0.0	0.0	0.0015	0.0	0.0	0.0	0.0	0.0	0.0015	0.0	0.0	0.0	0.0	0.0	0.0	0.0	0.0	0.0	0.0	0.0	0.0	0.0	0.0	0.0217391	0.0	0.0	0.0	0.0	0.0	0.0	0.0	0.0169492	0.0	0.0212766	0.0	0.0	0.0	0.0	0.0	0.0	0.0	0.0	0.0	0.0	0.0	0.0015	0.0	0.0	

