









Frequency of observations in the selected location(s).:
Number of taxa: 	269

	Jan				Feb				Mar				Apr				May				Jun				Jul				Aug				Sep				Oct				Nov				Dec				
Sample Size:	65.0	68.0	72.0	81.0	41.0	69.0	100.0	42.0	45.0	46.0	39.0	50.0	54.0	43.0	51.0	78.0	68.0	110.0	98.0	59.0	15.0	15.0	11.0	11.0	5.0	3.0	3.0	8.0	5.0	8.0	9.0	22.0	39.0	53.0	51.0	53.0	45.0	37.0	45.0	69.0	42.0	40.0	64.0	48.0	47.0	24.0	26.0	66.0	

Snow Goose (<em class="sci">Anser caerulescens</em>)	0.0	0.0294118	0.0138889	0.0015	0.0731707	0.057971	0.12	0.0	0.0222222	0.0	0.0	0.0	0.0	0.0	0.0392157	0.0	0.0	0.0	0.0	0.0	0.0	0.0	0.0	0.0	0.0	0.0	0.0	0.0	0.0	0.0	0.0	0.0	0.0	0.0	0.0	0.0	0.0	0.0	0.0	0.0	0.0	0.0	0.0	0.0	0.0	0.0	0.0	0.0	
Ross's Goose (<em class="sci">Anser rossii</em>)	0.0	0.0	0.0015	0.0	0.0	0.0	0.0	0.0	0.0	0.0	0.0	0.0	0.0	0.0	0.0	0.0	0.0	0.0	0.0	0.0	0.0	0.0	0.0	0.0	0.0	0.0	0.0	0.0	0.0	0.0	0.0	0.0	0.0	0.0	0.0	0.0	0.0	0.0	0.0	0.0	0.0	0.0	0.0	0.0	0.0	0.0	0.0	0.0	
Domestic goose sp. (Domestic type) (<em class="sci">Anser sp. (Domestic type)</em>)	0.0	0.0	0.0138889	0.0246914	0.0243902	0.0	0.0	0.0	0.0	0.0	0.0	0.0	0.0	0.0	0.0	0.0128205	0.0	0.0	0.0102041	0.0	0.0666667	0.0	0.0	0.0	0.0	0.0	0.0	0.0	0.0	0.0	0.0	0.0	0.025641	0.0	0.0	0.0	0.0	0.0	0.0	0.0144928	0.0	0.0	0.03125	0.0	0.0212766	0.0	0.0769231	0.0454545	
Brant (<em class="sci">Branta bernicla</em>)	0.0	0.0	0.0	0.0	0.0	0.0	0.0	0.0	0.0	0.0	0.0	0.0	0.0	0.0	0.0	0.0	0.0	0.0	0.0	0.0	0.0	0.0	0.0	0.0	0.0	0.0	0.0	0.0	0.0	0.0	0.0	0.0	0.0	0.0	0.0	0.0	0.0	0.0	0.0	0.0015	0.0	0.0	0.0	0.0	0.0	0.0	0.0	0.0	
Barnacle Goose (<em class="sci">Branta leucopsis</em>)	0.0	0.0	0.0	0.0	0.0	0.4927536	0.28	0.0	0.0	0.0	0.0	0.0	0.0	0.0	0.0	0.0	0.0	0.0	0.0	0.0	0.0	0.0	0.0	0.0	0.0	0.0	0.0	0.0	0.0	0.0	0.0	0.0	0.0	0.0	0.0	0.0	0.0	0.0	0.0	0.0	0.0	0.0	0.0	0.0	0.0	0.0	0.0	0.0	
Cackling Goose (<em class="sci">Branta hutchinsii</em>)	0.0461538	0.0	0.0694444	0.0740741	0.0487805	0.0144928	0.04	0.0	0.0444444	0.0	0.0	0.0	0.0	0.0	0.0	0.0	0.0	0.0	0.0	0.0	0.0	0.0	0.0	0.0	0.0	0.0	0.0	0.0	0.0	0.0	0.0	0.0	0.0	0.0	0.0	0.0	0.0	0.0	0.0	0.0	0.0238095	0.25	0.140625	0.0	0.0212766	0.0416667	0.0384615	0.1666667	
Canada Goose (<em class="sci">Branta canadensis</em>)	1.0	0.8676471	0.9027778	0.8395062	0.902439	0.9855072	0.98	0.952381	0.9333333	0.9782609	0.8974359	0.78	0.6296296	0.6976744	0.6078431	0.7051282	0.6029412	0.5181818	0.5408163	0.4576271	0.3333333	0.2	0.0909091	0.0909091	0.0	0.0	0.0	0.25	0.6	0.5	0.3333333	0.1818182	0.2051282	0.2075472	0.2745098	0.4528302	0.5555556	0.6216216	0.6	0.7391304	0.8333333	1.0	0.953125	0.8958333	0.9574468	0.9166667	0.9615385	1.0	
Cackling/Canada Goose (<em class="sci">Branta hutchinsii/canadensis</em>)	0.0	0.0	0.0	0.0123457	0.0	0.0	0.0	0.0	0.0	0.0	0.0	0.0	0.0	0.0	0.0	0.0	0.0	0.0	0.0	0.0	0.0	0.0	0.0	0.0	0.0	0.0	0.0	0.0	0.0	0.0	0.0	0.0	0.0	0.0	0.0	0.0	0.0	0.0	0.0	0.0	0.0	0.0	0.0	0.0	0.0	0.0	0.0	0.0	
goose sp. (<em class="sci">Anser/Branta sp.</em>)	0.0	0.0	0.0	0.0	0.0	0.0	0.01	0.0	0.0	0.0015	0.0	0.0	0.0185185	0.0	0.0	0.0	0.0	0.0	0.0	0.0	0.0	0.0	0.0	0.0	0.0	0.0	0.0	0.0	0.0	0.0	0.0	0.0	0.0	0.0	0.0	0.0	0.0	0.0	0.0	0.0	0.0	0.0	0.0	0.0	0.0	0.0	0.0	0.0	
Mute Swan (<em class="sci">Cygnus olor</em>)	0.5846154	0.6323529	0.7361111	0.6790123	0.7317073	0.6811594	0.65	0.7619048	0.6222222	0.6086957	0.4871795	0.66	0.5	0.6976744	0.6470588	0.5641026	0.5294118	0.4727273	0.3469388	0.3559322	0.6666667	0.4	0.5454545	0.6363636	0.8	0.6666667	0.3333333	0.75	0.2	0.375	0.3333333	0.6363636	0.6666667	0.754717	0.6666667	0.490566	0.5555556	0.6756757	0.5111111	0.7246377	0.8095238	0.75	0.84375	0.8541667	0.7234043	0.5416667	0.5384615	0.6363636	
Tundra Swan (<em class="sci">Cygnus columbianus</em>)	0.0	0.0	0.0	0.0	0.0243902	0.0	0.0	0.0238095	0.0	0.0	0.0	0.0	0.0	0.0	0.0	0.0	0.0	0.0	0.0	0.0	0.0	0.0	0.0	0.0	0.0	0.0	0.0	0.0	0.0	0.0	0.0	0.0	0.0	0.0	0.0	0.0	0.0	0.0	0.0	0.0	0.0	0.0	0.015625	0.0	0.0	0.0	0.0	0.0	
swan sp. (<em class="sci">Cygnus sp.</em>)	0.0	0.0	0.0	0.0	0.0243902	0.0	0.0	0.0	0.0	0.0	0.0	0.0	0.0	0.0	0.0	0.0	0.0	0.0	0.0	0.0	0.0	0.0	0.0	0.0	0.0	0.0	0.0	0.0	0.0	0.0	0.0	0.0	0.0	0.0	0.0	0.0	0.0	0.0	0.0	0.0	0.0	0.0	0.0	0.0	0.0	0.0	0.0	0.0	
Muscovy Duck (Domestic type) (<em class="sci">Cairina moschata (Domestic type)</em>)	0.0153846	0.0015	0.0138889	0.0	0.0243902	0.0144928	0.02	0.0	0.0	0.0217391	0.0512821	0.08	0.0185185	0.0	0.0588235	0.0384615	0.0294118	0.0272727	0.0102041	0.0	0.0	0.0	0.0	0.0	0.0	0.0	0.0	0.125	0.0	0.0	0.0	0.0	0.0	0.0	0.0	0.0	0.0	0.027027	0.0	0.0	0.0	0.0	0.0	0.0	0.0212766	0.0	0.0015	0.0	
Wood Duck (<em class="sci">Aix sponsa</em>)	0.0307692	0.0	0.0555556	0.0123457	0.0243902	0.0	0.03	0.0952381	0.0444444	0.0652174	0.025641	0.2	0.0555556	0.1860465	0.3333333	0.3717949	0.3970588	0.3363636	0.2142857	0.3898305	0.4666667	0.2666667	0.0909091	0.1818182	0.2	0.3333333	0.3333333	0.375	0.0	0.125	0.3333333	0.3636364	0.2307692	0.1509434	0.2156863	0.1886792	0.2666667	0.1081081	0.1333333	0.0434783	0.1190476	0.0	0.0625	0.1041667	0.106383	0.0833333	0.1538462	0.0151515	
Blue-winged Teal (<em class="sci">Spatula discors</em>)	0.0	0.0	0.0	0.0	0.0	0.0	0.0	0.0	0.0	0.0	0.0	0.06	0.0	0.0	0.0588235	0.0769231	0.0147059	0.0	0.0102041	0.0	0.0	0.0	0.0	0.0	0.0	0.0	0.0	0.0	0.0	0.0	0.0	0.0454545	0.0769231	0.0754717	0.0	0.0566038	0.0666667	0.027027	0.0	0.0144928	0.0	0.0	0.0	0.0208333	0.0	0.0	0.0	0.0	
Northern Shoveler (<em class="sci">Spatula clypeata</em>)	0.7692308	0.6764706	0.6805556	0.5555556	0.7073171	0.2753623	0.52	0.6904762	0.6222222	0.6304348	0.5384615	0.26	0.1296296	0.1627907	0.0196078	0.0	0.0	0.0	0.0	0.0	0.0	0.0	0.0	0.0	0.0	0.0	0.0	0.0	0.0	0.0	0.0	0.0	0.0512821	0.0	0.0	0.0566038	0.2888889	0.4594595	0.4	0.5217391	0.7142857	0.375	0.609375	0.7708333	0.7234043	0.6666667	0.5769231	0.7272727	
Gadwall (<em class="sci">Mareca strepera</em>)	0.6307692	0.6470588	0.7083333	0.691358	0.6829268	0.7536232	0.64	0.7857143	0.7333333	0.7173913	0.6666667	0.66	0.6481481	0.4186047	0.3137255	0.2820513	0.0147059	0.0	0.0	0.0	0.0	0.0	0.0	0.0	0.0	0.0	0.0	0.0	0.0	0.0	0.0	0.0	0.0	0.0	0.0	0.1509434	0.4222222	0.5135135	0.4666667	0.7391304	0.8333333	0.8	0.8125	0.7916667	0.8085106	0.8333333	0.7307692	0.7272727	
Eurasian Wigeon (<em class="sci">Mareca penelope</em>)	0.0	0.0	0.0	0.0	0.0	0.0	0.0	0.0238095	0.0	0.0	0.0	0.0015	0.0	0.0	0.0	0.0	0.0	0.0	0.0	0.0	0.0	0.0	0.0	0.0	0.0	0.0	0.0	0.0	0.0	0.0	0.0	0.0	0.0	0.0	0.0	0.0	0.0	0.1891892	0.1777778	0.1594203	0.2857143	0.475	0.265625	0.25	0.0	0.0	0.1538462	0.030303	
American Wigeon (<em class="sci">Mareca americana</em>)	0.1384615	0.2647059	0.2916667	0.308642	0.2195122	0.1449275	0.28	0.5	0.5777778	0.5217391	0.6410256	0.34	0.1481481	0.3255814	0.1176471	0.0	0.0	0.0	0.0	0.0	0.0	0.0	0.0	0.0	0.0	0.0	0.0	0.0	0.0	0.0	0.0	0.0	0.0	0.0	0.0	0.0377358	0.2222222	0.5135135	0.3777778	0.6376812	0.6190476	0.825	0.515625	0.625	0.4468085	0.375	0.5384615	0.1363636	
Mallard (<em class="sci">Anas platyrhynchos</em>)	0.8769231	0.8529412	0.875	0.8395062	1.0	0.7536232	0.85	0.9761905	0.8666667	0.9565217	0.974359	0.96	0.962963	0.9534884	0.9803922	0.9487179	0.8823529	0.8909091	0.8163265	0.8135593	1.0	0.6666667	1.0	0.5454545	0.6	1.0	0.6666667	0.75	0.8	0.625	0.7777778	0.9090909	0.8205128	0.7924528	0.8431373	0.7358491	0.8	0.7567568	0.6888889	0.8115942	0.9047619	0.9	0.9375	0.8958333	0.9787234	0.875	0.8461538	0.9393939	
Mallard (Domestic type) (<em class="sci">Anas platyrhynchos (Domestic type)</em>)	0.0	0.0147059	0.0138889	0.037037	0.0	0.0434783	0.03	0.047619	0.0222222	0.0217391	0.025641	0.04	0.0185185	0.0	0.0	0.0	0.0	0.0090909	0.0	0.0169492	0.0015	0.1333333	0.1818182	0.0	0.0	0.0	0.0	0.0	0.2	0.0	0.0	0.0	0.0769231	0.0188679	0.0196078	0.0188679	0.0444444	0.0	0.0	0.0	0.0	0.0	0.015625	0.0	0.0	0.0	0.0	0.0	
Gadwall x Mallard (hybrid) (<em class="sci">Mareca strepera x Anas platyrhynchos</em>)	0.0	0.0	0.0	0.0	0.0	0.0	0.0	0.0	0.0	0.0	0.0	0.0	0.0	0.0	0.0196078	0.0	0.0	0.0	0.0	0.0	0.0	0.0	0.0	0.0	0.0	0.0	0.0	0.0	0.0	0.0	0.0	0.0	0.0	0.0	0.0	0.0	0.0	0.0	0.0	0.0	0.0	0.0	0.0	0.0	0.0	0.0	0.0	0.0	
American Black Duck (<em class="sci">Anas rubripes</em>)	0.0923077	0.2205882	0.0833333	0.0493827	0.1219512	0.0434783	0.1	0.0952381	0.1111111	0.0652174	0.0512821	0.04	0.1481481	0.0232558	0.0196078	0.025641	0.0588235	0.0363636	0.0204082	0.1186441	0.0015	0.0	0.0	0.0	0.0	0.3333333	0.0	0.0	0.2	0.0	0.1111111	0.0	0.025641	0.0188679	0.0196078	0.0377358	0.0444444	0.0810811	0.0444444	0.0869565	0.047619	0.15	0.125	0.1666667	0.212766	0.3333333	0.0769231	0.0757576	
Mallard x American Black Duck (hybrid) (<em class="sci">Anas platyrhynchos x rubripes</em>)	0.0153846	0.0147059	0.0138889	0.0	0.0	0.0	0.01	0.0	0.0	0.0	0.0	0.0	0.0	0.0	0.0	0.0	0.0	0.0	0.0	0.0	0.0	0.0666667	0.0	0.0	0.0	0.0	0.0	0.0	0.0	0.0	0.0	0.0	0.0	0.0	0.0	0.0188679	0.0	0.0	0.0	0.0	0.0	0.0	0.015625	0.0208333	0.0	0.0	0.0	0.0	
Mallard/American Black Duck (<em class="sci">Anas platyrhynchos/rubripes</em>)	0.0	0.0	0.0	0.0	0.0	0.0	0.0	0.0	0.0	0.0	0.0	0.0	0.0	0.0	0.0	0.0	0.0	0.0	0.0	0.0169492	0.0	0.0	0.0	0.0909091	0.0	0.0	0.0015	0.0	0.0	0.0	0.0	0.0	0.0	0.0	0.0196078	0.0	0.0	0.0	0.0	0.0	0.0	0.0	0.0	0.0	0.0	0.0	0.0	0.0	
Northern Pintail (<em class="sci">Anas acuta</em>)	0.0307692	0.0441176	0.0277778	0.0617284	0.0243902	0.0144928	0.02	0.047619	0.0	0.0652174	0.0769231	0.0	0.0	0.0	0.0	0.0	0.0	0.0	0.0	0.0	0.0	0.0	0.0	0.0	0.0	0.0	0.0	0.0	0.0	0.0	0.0	0.0	0.0	0.0	0.0	0.0377358	0.1111111	0.1621622	0.0666667	0.115942	0.1428571	0.4	0.09375	0.0208333	0.106383	0.0	0.0769231	0.0757576	
Mallard x Northern Pintail (hybrid) (<em class="sci">Anas platyrhynchos x acuta</em>)	0.0	0.0	0.0	0.0	0.0	0.0	0.0	0.0	0.0	0.0	0.0	0.0	0.0	0.0	0.0	0.0	0.0	0.0	0.0	0.0	0.0	0.0	0.0	0.0	0.0	0.0	0.0	0.0	0.0	0.0	0.0	0.0	0.0	0.0	0.0	0.0	0.0	0.0	0.0	0.0	0.0	0.0	0.0	0.0	0.0212766	0.0	0.0	0.0	
Green-winged Teal (<em class="sci">Anas crecca</em>)	0.0307692	0.0147059	0.0277778	0.0493827	0.0	0.0015	0.01	0.047619	0.0222222	0.0434783	0.0512821	0.1	0.0740741	0.0232558	0.0	0.0	0.0	0.0	0.0	0.0	0.0	0.0	0.0	0.0	0.0	0.0	0.0	0.0	0.0	0.0	0.0	0.0	0.0	0.0566038	0.0	0.0754717	0.0666667	0.0810811	0.0222222	0.057971	0.1428571	0.1	0.03125	0.1458333	0.0638298	0.0833333	0.1153846	0.0151515	
dabbling duck sp. (<em class="sci">Anatidae sp. (dabbling duck sp.)</em>)	0.0	0.0	0.0	0.0	0.0	0.0	0.0	0.0	0.0	0.0	0.0	0.02	0.0	0.0	0.0	0.0	0.0	0.0	0.0	0.0169492	0.0	0.0	0.0	0.0	0.0	0.0	0.0	0.0	0.0	0.0	0.0	0.0	0.0	0.0	0.0	0.0	0.0	0.0	0.0	0.0	0.0	0.0	0.0	0.0	0.0	0.0	0.0	0.0	
Canvasback (<em class="sci">Aythya valisineria</em>)	0.0	0.0	0.0416667	0.0123457	0.0243902	0.0	0.04	0.0714286	0.0222222	0.0	0.0	0.0	0.0	0.0	0.0	0.0	0.0	0.0	0.0	0.0	0.0	0.0	0.0	0.0	0.0	0.0	0.0	0.0	0.0	0.0	0.0	0.0	0.0	0.0	0.0	0.0	0.0	0.0	0.0	0.0	0.0	0.0	0.0	0.0	0.0	0.0	0.0	0.0	
Redhead (<em class="sci">Aythya americana</em>)	0.0307692	0.0441176	0.0277778	0.0740741	0.1707317	0.0434783	0.02	0.047619	0.0444444	0.0869565	0.0	0.0	0.0	0.0	0.0	0.0	0.0	0.0	0.0	0.0	0.0	0.0	0.0	0.0	0.0	0.0	0.0	0.0	0.0	0.0	0.0	0.0	0.0	0.0	0.0	0.0	0.0	0.0	0.0	0.0	0.0	0.0015	0.015625	0.0208333	0.0015	0.0	0.0	0.0151515	
Ring-necked Duck (<em class="sci">Aythya collaris</em>)	0.6461538	0.4852941	0.4166667	0.4444444	0.7560976	0.3043478	0.37	0.8095238	0.6444444	0.6956522	0.6153846	0.6	0.5	0.2093023	0.0392157	0.1025641	0.0	0.0	0.0	0.0	0.0	0.0	0.0	0.0	0.0	0.0	0.0	0.0	0.0	0.0	0.0	0.0	0.0	0.0	0.0	0.0	0.0444444	0.0	0.0222222	0.173913	0.2857143	0.625	0.609375	0.6458333	0.787234	0.5833333	0.5769231	0.6666667	
Greater Scaup (<em class="sci">Aythya marila</em>)	0.0461538	0.0147059	0.0416667	0.0	0.0731707	0.0	0.03	0.1190476	0.0222222	0.0217391	0.0769231	0.02	0.0185185	0.0	0.0	0.0	0.0	0.0	0.0	0.0	0.0	0.0	0.0	0.0	0.0	0.0	0.0	0.0	0.0	0.0	0.0	0.0	0.0	0.0	0.0	0.0	0.0	0.0	0.0	0.0	0.0238095	0.0	0.0	0.0208333	0.0425532	0.0	0.0	0.0151515	
Lesser Scaup (<em class="sci">Aythya affinis</em>)	0.1692308	0.1176471	0.1805556	0.2098765	0.5609756	0.0434783	0.16	0.4285714	0.1333333	0.3043478	0.2307692	0.12	0.0555556	0.0	0.0	0.0	0.0	0.0	0.0	0.0	0.0	0.0	0.0	0.0	0.0	0.0	0.0	0.0	0.0	0.0	0.0	0.0	0.0	0.0	0.0	0.0	0.0	0.0	0.0	0.0	0.1428571	0.05	0.046875	0.0208333	0.0851064	0.0015	0.1153846	0.1363636	
Greater/Lesser Scaup (<em class="sci">Aythya marila/affinis</em>)	0.0153846	0.0	0.0	0.0123457	0.0	0.0	0.0	0.0	0.0	0.0217391	0.025641	0.0	0.037037	0.0	0.0	0.0	0.0	0.0	0.0	0.0	0.0	0.0	0.0	0.0	0.0	0.0	0.0	0.0	0.0	0.0	0.0	0.0	0.0	0.0	0.0	0.0	0.0	0.0	0.0	0.0	0.0238095	0.0	0.0	0.0208333	0.0	0.0	0.0	0.0151515	
Aythya sp. (<em class="sci">Aythya sp.</em>)	0.0	0.0	0.0	0.0	0.0	0.0	0.0	0.0238095	0.0	0.0	0.0	0.0	0.0	0.0	0.0	0.0	0.0	0.0	0.0	0.0	0.0	0.0	0.0	0.0	0.0	0.0	0.0	0.0	0.0	0.0	0.0	0.0	0.0	0.0	0.0	0.0	0.0	0.0	0.0	0.0	0.0	0.0	0.0	0.0	0.0	0.0	0.0	0.0	
Bufflehead (<em class="sci">Bucephala albeola</em>)	0.3538462	0.2205882	0.1805556	0.1234568	0.3902439	0.0724638	0.1	0.0714286	0.1555556	0.1956522	0.1794872	0.12	0.0185185	0.0232558	0.0	0.0	0.0	0.0	0.0	0.0	0.0	0.0	0.0	0.0	0.0	0.0	0.0	0.0	0.0	0.0	0.0	0.0	0.0	0.0	0.0	0.0	0.0	0.0	0.0	0.0144928	0.047619	0.15	0.15625	0.0833333	0.1914894	0.2083333	0.1153846	0.469697	
Common Goldeneye (<em class="sci">Bucephala clangula</em>)	0.0	0.0	0.0	0.0	0.0	0.0	0.0	0.0	0.0	0.0	0.0	0.0	0.0	0.0	0.0	0.0	0.0	0.0	0.0	0.0	0.0	0.0	0.0	0.0	0.0	0.0	0.0	0.0	0.0	0.0	0.0	0.0	0.0	0.0	0.0	0.0	0.0	0.0	0.0	0.0	0.0	0.0	0.0	0.0	0.0015	0.0	0.0769231	0.0	
Hooded Merganser (<em class="sci">Lophodytes cucullatus</em>)	0.0615385	0.0294118	0.0555556	0.0740741	0.0487805	0.057971	0.04	0.1904762	0.0666667	0.0217391	0.1282051	0.04	0.0185185	0.0232558	0.0196078	0.0128205	0.0	0.0	0.0	0.0	0.0	0.0	0.0	0.0	0.0	0.0	0.0	0.0	0.0	0.0	0.0	0.0454545	0.0	0.0	0.0	0.0	0.0	0.0	0.0222222	0.0144928	0.0238095	0.1	0.1875	0.0625	0.0851064	0.1666667	0.0769231	0.1212121	
Common Merganser (<em class="sci">Mergus merganser</em>)	0.0015	0.0441176	0.1111111	0.0123457	0.0	0.0724638	0.05	0.0714286	0.0666667	0.1086957	0.0512821	0.0	0.0	0.0232558	0.0	0.0	0.0	0.0	0.0	0.0	0.0	0.0	0.0	0.0	0.0	0.0	0.0	0.0	0.0	0.0	0.0	0.0	0.0	0.0	0.0	0.0	0.0	0.0	0.0	0.0	0.0	0.0	0.0	0.0	0.0	0.0	0.0384615	0.0454545	
Red-breasted Merganser (<em class="sci">Mergus serrator</em>)	0.0015	0.0	0.0138889	0.0	0.0	0.0	0.0	0.0	0.0	0.0	0.0	0.0	0.0	0.0	0.0	0.0	0.0	0.0	0.0	0.0	0.0	0.0	0.0	0.0	0.0	0.0	0.0	0.0	0.0	0.0	0.0	0.0	0.0	0.0	0.0	0.0	0.0	0.0	0.0	0.0	0.0	0.0	0.0	0.0	0.0	0.0	0.0	0.0	
Ruddy Duck (<em class="sci">Oxyura jamaicensis</em>)	0.0923077	0.0882353	0.125	0.0493827	0.2195122	0.0	0.05	0.1190476	0.1777778	0.173913	0.1025641	0.12	0.0185185	0.0	0.0392157	0.0	0.0	0.0090909	0.0	0.0	0.0	0.0666667	0.0	0.0	0.0	0.0	0.0	0.0	0.0	0.0	0.0	0.0	0.0	0.0	0.0	0.0	0.0444444	0.0	0.0888889	0.0724638	0.2380952	0.3	0.109375	0.1875	0.3829787	0.2083333	0.1153846	0.1060606	
duck sp. (<em class="sci">Anatinae sp.</em>)	0.0	0.0294118	0.0	0.0	0.0	0.0	0.02	0.0	0.0222222	0.0	0.0	0.02	0.0	0.0	0.0	0.0128205	0.0147059	0.0090909	0.0	0.0	0.0	0.0	0.0	0.0	0.0	0.0	0.0	0.0	0.0	0.0	0.0	0.0	0.0	0.0	0.0	0.0188679	0.0	0.0	0.0666667	0.0	0.0	0.05	0.015625	0.0	0.0	0.0	0.0	0.0	
Wild Turkey (<em class="sci">Meleagris gallopavo</em>)	0.0	0.0	0.0	0.0	0.0	0.0	0.0	0.0	0.0	0.0	0.0	0.0	0.0	0.0	0.0	0.0	0.0	0.0	0.0	0.0	0.0	0.0	0.0	0.0	0.0	0.0	0.0	0.0	0.0	0.0	0.0	0.0	0.0	0.0	0.0	0.0	0.0	0.0	0.0	0.0	0.0238095	0.0	0.0	0.0	0.0	0.0	0.0	0.0	
Pied-billed Grebe (<em class="sci">Podilymbus podiceps</em>)	0.5076923	0.3823529	0.5	0.2716049	0.3658537	0.1594203	0.31	0.5714286	0.3777778	0.326087	0.5384615	0.48	0.5925926	0.4186047	0.1372549	0.0897436	0.0294118	0.1	0.0408163	0.0677966	0.4	0.1333333	0.2727273	0.0	0.0	0.0	0.0	0.0	0.0	0.125	0.1111111	0.0454545	0.0	0.0	0.0392157	0.0377358	0.0444444	0.1351351	0.1777778	0.2898551	0.3809524	0.5	0.46875	0.5416667	0.7234043	0.5833333	0.1923077	0.4848485	
Horned Grebe (<em class="sci">Podiceps auritus</em>)	0.0	0.0	0.0	0.0	0.0	0.0	0.0	0.0	0.0	0.0217391	0.025641	0.04	0.0	0.0	0.0	0.0	0.0	0.0	0.0	0.0	0.0	0.0	0.0	0.0	0.0	0.0	0.0	0.0	0.0	0.0	0.0	0.0	0.0	0.0	0.0	0.0	0.0	0.027027	0.0	0.0	0.0	0.0	0.0	0.0	0.0	0.0	0.0	0.0	
Rock Pigeon (<em class="sci">Columba livia</em>)	0.3692308	0.4117647	0.375	0.2469136	0.5121951	0.4927536	0.37	0.2142857	0.2444444	0.4347826	0.2307692	0.34	0.2962963	0.3255814	0.3137255	0.2820513	0.25	0.2818182	0.2653061	0.1355932	0.2	0.1333333	0.0909091	0.3636364	0.2	0.0	0.6666667	0.375	0.6	0.375	0.2222222	0.2272727	0.3589744	0.3584906	0.254902	0.2264151	0.1111111	0.1891892	0.2444444	0.2463768	0.1904762	0.375	0.296875	0.2291667	0.3191489	0.25	0.2692308	0.3333333	
Mourning Dove (<em class="sci">Zenaida macroura</em>)	0.4153846	0.3088235	0.25	0.2469136	0.2682927	0.2318841	0.19	0.3333333	0.2	0.2173913	0.4358974	0.38	0.4074074	0.5581395	0.5882353	0.5384615	0.5735294	0.5	0.4591837	0.4576271	0.2	0.2	0.3636364	0.4545455	0.4	0.0	0.6666667	0.375	0.4	0.625	0.6666667	0.7272727	0.4102564	0.3207547	0.3529412	0.3396226	0.2888889	0.3243243	0.3555556	0.3478261	0.2857143	0.425	0.421875	0.5833333	0.5744681	0.625	0.3846154	0.2878788	
Yellow-billed Cuckoo (<em class="sci">Coccyzus americanus</em>)	0.0	0.0	0.0	0.0	0.0	0.0	0.0	0.0	0.0	0.0	0.0	0.0	0.0	0.0	0.0	0.0	0.0441176	0.0272727	0.0408163	0.0169492	0.0	0.0	0.0	0.0	0.0	0.0	0.0	0.0	0.0	0.0	0.0	0.0	0.0769231	0.0377358	0.0392157	0.0188679	0.0222222	0.027027	0.0	0.0	0.0	0.0	0.0	0.0	0.0	0.0	0.0	0.0	
Black-billed Cuckoo (<em class="sci">Coccyzus erythropthalmus</em>)	0.0	0.0	0.0	0.0	0.0	0.0	0.0	0.0	0.0	0.0	0.0	0.0	0.0	0.0	0.0	0.0	0.0	0.0090909	0.0204082	0.0	0.0	0.0	0.0	0.0	0.0	0.0	0.0	0.0	0.0	0.0	0.0	0.0	0.025641	0.0	0.0	0.0	0.0	0.0	0.0	0.0	0.0	0.0	0.0	0.0	0.0	0.0	0.0	0.0	
cuckoo sp. (Cuculidae sp.) (<em class="sci">Cuculidae sp.</em>)	0.0	0.0	0.0	0.0	0.0	0.0	0.0	0.0	0.0	0.0	0.0	0.0	0.0	0.0	0.0	0.0	0.0	0.0	0.0	0.0	0.0	0.0	0.0	0.0	0.0	0.0	0.0	0.0	0.0	0.0	0.0	0.0	0.0	0.0	0.0	0.0	0.0444444	0.0	0.0	0.0	0.0	0.0	0.0	0.0	0.0	0.0	0.0	0.0	
Common Nighthawk (<em class="sci">Chordeiles minor</em>)	0.0	0.0	0.0	0.0	0.0	0.0	0.0	0.0	0.0	0.0	0.0	0.0	0.0	0.0	0.0	0.0	0.0	0.0090909	0.122449	0.1016949	0.0	0.0	0.0909091	0.0015	0.0	0.0	0.0015	0.0015	0.0015	0.0	0.1111111	0.0	0.0	0.0	0.0392157	0.0566038	0.0222222	0.0	0.0	0.0	0.0	0.0	0.0	0.0	0.0	0.0	0.0	0.0	
Chimney Swift (<em class="sci">Chaetura pelagica</em>)	0.0	0.0	0.0	0.0	0.0	0.0	0.0	0.0	0.0	0.0	0.0	0.0	0.0	0.0232558	0.0980392	0.4358974	0.5882353	0.4909091	0.5918367	0.5762712	0.4	0.4	0.5454545	0.7272727	0.6	0.3333333	0.6666667	0.875	1.0	0.5	0.5555556	0.7272727	0.6410256	0.4528302	0.627451	0.6226415	0.7111111	0.3513514	0.2	0.0144928	0.0	0.0	0.0	0.0	0.0	0.0	0.0	0.0	
Ruby-throated Hummingbird (<em class="sci">Archilochus colubris</em>)	0.0	0.0	0.0	0.0	0.0	0.0	0.0	0.0	0.0	0.0	0.0	0.0	0.0	0.0	0.0	0.0	0.0735294	0.0818182	0.0510204	0.0338983	0.0	0.0666667	0.0909091	0.0	0.0	0.0	0.0	0.0	0.0	0.0	0.3333333	0.1818182	0.4102564	0.1132075	0.0588235	0.0188679	0.0	0.0	0.0	0.0	0.0	0.0	0.0	0.0	0.0	0.0	0.0	0.0	
Sora (<em class="sci">Porzana carolina</em>)	0.0	0.0	0.0	0.0	0.0	0.0	0.0	0.0	0.0	0.0	0.0	0.0	0.0	0.0	0.0	0.0	0.0588235	0.0090909	0.0	0.0	0.0	0.0	0.0	0.0	0.0	0.0	0.0	0.0	0.0	0.0	0.0	0.0	0.025641	0.0	0.0	0.0	0.0	0.0	0.0	0.0	0.0	0.0	0.0	0.0	0.0	0.0	0.0	0.0	
Common Gallinule (<em class="sci">Gallinula galeata</em>)	0.0	0.0	0.0	0.0	0.0	0.0	0.0	0.0	0.0	0.0	0.0	0.0	0.0	0.0	0.0	0.0512821	0.0294118	0.0090909	0.0204082	0.0338983	0.2666667	0.1333333	0.0909091	0.2727273	0.4	0.3333333	0.3333333	0.25	0.0	0.0	0.1111111	0.1818182	0.1538462	0.245283	0.0784314	0.0566038	0.1555556	0.2162162	0.1777778	0.115942	0.2857143	0.025	0.0625	0.0	0.0	0.0	0.0	0.0	
American Coot (<em class="sci">Fulica americana</em>)	0.3230769	0.2941176	0.3472222	0.2469136	0.4390244	0.3478261	0.39	0.2142857	0.1777778	0.3043478	0.2820513	0.28	0.2037037	0.1627907	0.1176471	0.0384615	0.0	0.0090909	0.0102041	0.0508475	0.1333333	0.0666667	0.0	0.0	0.0	0.0	0.0	0.0	0.0	0.0	0.0	0.0	0.0	0.0	0.0	0.0	0.1111111	0.1621622	0.4	0.4927536	0.547619	0.425	0.140625	0.2083333	0.3617021	0.25	0.3076923	0.3030303	
Sandhill Crane (<em class="sci">Antigone canadensis</em>)	0.0	0.0	0.0	0.0	0.0	0.0	0.0	0.0	0.0	0.0	0.0	0.0	0.0	0.0	0.0	0.0	0.0	0.0	0.0	0.0	0.0	0.0	0.0	0.0	0.0	0.0	0.0	0.0	0.0	0.0	0.0	0.0	0.0	0.0	0.0	0.0	0.0	0.0	0.0	0.0	0.0	0.0	0.0	0.0	0.0	0.0	0.0384615	0.0	
Killdeer (<em class="sci">Charadrius vociferus</em>)	0.0153846	0.0	0.0015	0.0015	0.0	0.0289855	0.01	0.0	0.0444444	0.0	0.0512821	0.06	0.0	0.0232558	0.0196078	0.0128205	0.0147059	0.0090909	0.0	0.0	0.0	0.0	0.0	0.0	0.0	0.0	0.0	0.0	0.0	0.0	0.0	0.0	0.025641	0.0015	0.0	0.0377358	0.0	0.0	0.0444444	0.0	0.0	0.0	0.0	0.0	0.0015	0.0416667	0.0384615	0.0151515	
Pectoral Sandpiper (<em class="sci">Calidris melanotos</em>)	0.0	0.0	0.0	0.0	0.0	0.0	0.0	0.0	0.0	0.0	0.0	0.0	0.0	0.0	0.0	0.0	0.0	0.0	0.0	0.0	0.0	0.0	0.0	0.0	0.0	0.0	0.0	0.0	0.0	0.0	0.0	0.0	0.0	0.0	0.0	0.0188679	0.0	0.0	0.0222222	0.0	0.0	0.0	0.0	0.0	0.0	0.0	0.0	0.0	
Semipalmated Sandpiper (<em class="sci">Calidris pusilla</em>)	0.0	0.0	0.0	0.0	0.0	0.0	0.0	0.0	0.0	0.0	0.0	0.0	0.0	0.0	0.0	0.0	0.0	0.0	0.0	0.0	0.0	0.0	0.0	0.0	0.0	0.0	0.0	0.0	0.0	0.0	0.0	0.0	0.0	0.0	0.0	0.0188679	0.0	0.0	0.0222222	0.0	0.0	0.0	0.0	0.0	0.0	0.0	0.0	0.0	
peep sp. (<em class="sci">Calidris sp. (peep sp.)</em>)	0.0	0.0	0.0	0.0	0.0	0.0	0.0	0.0	0.0	0.0	0.0	0.0	0.0	0.0	0.0	0.0	0.0	0.0181818	0.0102041	0.0	0.0	0.0	0.0	0.0	0.0	0.0	0.0	0.0	0.0	0.0	0.0	0.0	0.0	0.0188679	0.0	0.0	0.0	0.0	0.0	0.0	0.0	0.0	0.0	0.0	0.0	0.0	0.0	0.0	
American Woodcock (<em class="sci">Scolopax minor</em>)	0.0	0.0	0.0	0.0	0.0	0.0	0.01	0.1190476	0.0666667	0.0217391	0.0512821	0.06	0.0185185	0.0	0.0392157	0.0	0.0	0.0	0.0	0.0	0.0	0.0	0.0	0.0	0.0	0.0	0.0	0.0	0.0	0.0	0.0	0.0	0.0	0.0	0.0	0.0	0.0	0.0	0.0	0.0144928	0.0	0.0	0.015625	0.0	0.0	0.0	0.0	0.0	
Wilson's Snipe (<em class="sci">Gallinago delicata</em>)	0.0	0.0	0.0	0.0	0.0	0.0	0.0	0.0	0.0	0.0	0.025641	0.02	0.037037	0.0465116	0.0196078	0.0	0.0	0.0	0.0	0.0	0.0	0.0	0.0	0.0	0.0	0.0	0.0	0.0	0.0	0.0	0.0	0.0	0.0	0.0	0.0	0.0	0.0222222	0.0	0.0	0.0015	0.0	0.0	0.0	0.0	0.0	0.0	0.0	0.0	
Spotted Sandpiper (<em class="sci">Actitis macularius</em>)	0.0	0.0	0.0	0.0	0.0	0.0	0.0	0.0	0.0	0.0	0.0	0.0	0.0	0.0	0.0196078	0.1282051	0.1323529	0.0727273	0.1020408	0.0	0.0666667	0.0	0.0	0.0	0.0	0.0	0.3333333	0.125	0.2	0.0	0.0	0.0	0.025641	0.0	0.0	0.0188679	0.0	0.0	0.0	0.0	0.0	0.0	0.0	0.0	0.0	0.0	0.0	0.0	
Solitary Sandpiper (<em class="sci">Tringa solitaria</em>)	0.0	0.0	0.0	0.0	0.0	0.0	0.0	0.0	0.0	0.0	0.0	0.0	0.0	0.0	0.0	0.0641026	0.0441176	0.0909091	0.0510204	0.0	0.0	0.0	0.0	0.0	0.0	0.0	0.0	0.0	0.0	0.0	0.0	0.0909091	0.025641	0.0188679	0.0	0.0188679	0.0	0.0	0.0	0.0	0.0	0.0	0.0	0.0	0.0	0.0	0.0	0.0	
Greater Yellowlegs (<em class="sci">Tringa melanoleuca</em>)	0.0	0.0	0.0	0.0	0.0	0.0	0.0	0.0	0.0	0.0	0.0	0.0	0.0	0.0	0.0	0.0	0.0	0.0090909	0.0	0.0	0.0	0.0	0.0	0.0	0.0	0.0	0.0	0.0	0.0	0.0	0.0	0.0	0.0	0.0188679	0.0	0.0188679	0.0	0.0	0.0	0.0	0.0	0.0	0.0	0.0	0.0	0.0	0.0	0.0	
Lesser Yellowlegs (<em class="sci">Tringa flavipes</em>)	0.0	0.0	0.0	0.0	0.0	0.0	0.0	0.0	0.0	0.0	0.0	0.0	0.0	0.0	0.0	0.0	0.0147059	0.0	0.0	0.0	0.0	0.0	0.0	0.0	0.0	0.0	0.0	0.0	0.0	0.0	0.0	0.0	0.0	0.0188679	0.0	0.0188679	0.0	0.0	0.0222222	0.0015	0.0	0.0	0.0	0.0	0.0	0.0	0.0	0.0	
Greater/Lesser Yellowlegs (<em class="sci">Tringa melanoleuca/flavipes</em>)	0.0	0.0	0.0	0.0	0.0	0.0	0.0	0.0	0.0	0.0	0.0	0.0	0.0	0.0	0.0	0.0	0.0	0.0	0.0	0.0	0.0	0.0	0.0	0.0	0.0	0.0	0.0	0.0	0.0	0.0	0.0	0.0	0.0	0.0188679	0.0	0.0	0.0	0.0	0.0	0.0	0.0	0.0	0.0	0.0	0.0	0.0	0.0	0.0	
shorebird sp. (<em class="sci">Charadriiformes sp.</em>)	0.0	0.0	0.0	0.0	0.0	0.0	0.0	0.0	0.0	0.0	0.0	0.0	0.0	0.0	0.0	0.0	0.0	0.0090909	0.0	0.0	0.0	0.0	0.0	0.0	0.0	0.0	0.0	0.0	0.0	0.0	0.0	0.0	0.0	0.0	0.0	0.0	0.0	0.0	0.0	0.0	0.0	0.0	0.0	0.0	0.0	0.0	0.0	0.0	
Bonaparte's Gull (<em class="sci">Chroicocephalus philadelphia</em>)	0.0	0.0	0.0	0.0	0.0	0.0	0.0	0.0	0.0	0.0	0.0	0.0	0.0	0.0	0.0	0.0	0.0	0.0	0.0	0.0	0.0	0.0	0.0	0.0	0.0	0.0	0.0	0.0	0.0	0.0	0.0	0.0	0.0	0.0	0.0	0.0	0.0	0.0	0.0	0.0	0.0	0.0	0.0	0.0	0.0	0.0	0.0	0.0151515	
Laughing Gull (<em class="sci">Leucophaeus atricilla</em>)	0.0	0.0	0.0	0.0	0.0	0.0	0.0	0.0	0.0	0.0217391	0.0	0.0	0.0	0.0	0.1176471	0.2564103	0.2647059	0.4	0.3367347	0.2033898	0.1333333	0.0666667	0.0909091	0.0909091	0.2	0.0	0.0	0.0	0.2	0.75	0.5555556	0.6818182	0.5384615	0.4150943	0.3529412	0.2264151	0.0666667	0.2162162	0.1333333	0.0434783	0.047619	0.025	0.03125	0.0	0.0	0.0	0.0	0.0	
Mew Gull (<em class="sci">Larus canus</em>)	0.0	0.0	0.0	0.0123457	0.0	0.0	0.0	0.0	0.0	0.0	0.0	0.0	0.0	0.0	0.0	0.0	0.0	0.0	0.0	0.0	0.0	0.0	0.0	0.0	0.0	0.0	0.0	0.0	0.0	0.0	0.0	0.0	0.0	0.0	0.0	0.0	0.0	0.0	0.0	0.0	0.0	0.0	0.0	0.0	0.0	0.0	0.0	0.0	
Ring-billed Gull (<em class="sci">Larus delawarensis</em>)	0.8307692	0.7647059	0.7777778	0.7407407	0.9512195	0.7971014	0.84	0.7380952	0.6444444	0.7391304	0.5897436	0.4	0.2222222	0.2325581	0.3529412	0.2435897	0.2058824	0.1454545	0.0816327	0.0508475	0.0	0.0666667	0.0	0.0	0.0	0.0	0.0	0.25	0.4	0.875	0.6666667	0.5	0.5384615	0.3584906	0.4705882	0.4528302	0.3333333	0.3243243	0.3555556	0.5072464	0.4761905	0.55	0.625	0.6458333	0.8085106	0.6666667	0.8846154	0.7424242	
Herring Gull (<em class="sci">Larus argentatus</em>)	0.2923077	0.3676471	0.2916667	0.2469136	0.3414634	0.3188406	0.42	0.1666667	0.1333333	0.1521739	0.2051282	0.2	0.1851852	0.0930233	0.1372549	0.1666667	0.0147059	0.1	0.0612245	0.0	0.0	0.0	0.0	0.0	0.0	0.0	0.0	0.0	0.0	0.125	0.2222222	0.0909091	0.1794872	0.1320755	0.0784314	0.1698113	0.1333333	0.2702703	0.0222222	0.1884058	0.2380952	0.2	0.1875	0.2083333	0.2340426	0.3333333	0.3461538	0.2575758	
Lesser Black-backed Gull (<em class="sci">Larus fuscus</em>)	0.0153846	0.0294118	0.0694444	0.0246914	0.0	0.0144928	0.0	0.0	0.0	0.0	0.0	0.0	0.0185185	0.0232558	0.0	0.0	0.0	0.0	0.0	0.0	0.0	0.0	0.0	0.0	0.0	0.0	0.0	0.0	0.0	0.0	0.0	0.0	0.0	0.0	0.0	0.0	0.0	0.0	0.0	0.0	0.0	0.025	0.0	0.0	0.0015	0.0	0.0	0.0	
Glaucous Gull (<em class="sci">Larus hyperboreus</em>)	0.0	0.0	0.0	0.0	0.0	0.0	0.0	0.0	0.0	0.0	0.0	0.0	0.0	0.0232558	0.0	0.0	0.0	0.0	0.0	0.0	0.0	0.0	0.0	0.0	0.0	0.0	0.0	0.0	0.0	0.0	0.0	0.0	0.0	0.0	0.0	0.0	0.0	0.0	0.0	0.0	0.0	0.0	0.0	0.0	0.0	0.0	0.0	0.0	
Great Black-backed Gull (<em class="sci">Larus marinus</em>)	0.2923077	0.1911765	0.2083333	0.1481481	0.3170732	0.1594203	0.38	0.1666667	0.0666667	0.1086957	0.0512821	0.02	0.1296296	0.0232558	0.0	0.0128205	0.0147059	0.0090909	0.0	0.0	0.0	0.0	0.0	0.0	0.0	0.0	0.0	0.0	0.0	0.0	0.0	0.0	0.0769231	0.0	0.0196078	0.0754717	0.0	0.0	0.0222222	0.0289855	0.047619	0.1	0.03125	0.0015	0.212766	0.2916667	0.2692308	0.1818182	
gull sp. (<em class="sci">Larinae sp.</em>)	0.0307692	0.0588235	0.0416667	0.0617284	0.0243902	0.1014493	0.03	0.0952381	0.0444444	0.0217391	0.025641	0.02	0.0555556	0.0930233	0.0392157	0.1025641	0.0294118	0.0090909	0.0204082	0.0	0.0015	0.0	0.0	0.0	0.0	0.0	0.0	0.0	0.2	0.0	0.0	0.0909091	0.1282051	0.1132075	0.0980392	0.1509434	0.0666667	0.1081081	0.0444444	0.1304348	0.2142857	0.15	0.0625	0.1041667	0.0212766	0.0833333	0.0384615	0.0151515	
Caspian Tern (<em class="sci">Hydroprogne caspia</em>)	0.0	0.0	0.0	0.0	0.0	0.0	0.0	0.0	0.0	0.0	0.0	0.0	0.0	0.0	0.0	0.0	0.0	0.0	0.0	0.0	0.0	0.0	0.0	0.0	0.0	0.0	0.0	0.125	0.0	0.25	0.0	0.0909091	0.0512821	0.0754717	0.0784314	0.0943396	0.0	0.0	0.0	0.0	0.0	0.0	0.0	0.0	0.0	0.0	0.0	0.0	
Forster's Tern (<em class="sci">Sterna forsteri</em>)	0.0	0.0	0.0	0.0	0.0	0.0	0.0	0.0	0.0	0.0	0.0	0.0	0.0	0.0	0.0	0.0	0.0	0.0	0.0	0.0	0.0	0.0	0.0	0.0	0.0	0.0	0.0	0.0	0.0	0.0	0.0	0.0	0.025641	0.0	0.0	0.0	0.0	0.0	0.0	0.0	0.0	0.0	0.0	0.0	0.0	0.0	0.0	0.0	
Sterna sp. (<em class="sci">Sterna sp.</em>)	0.0	0.0	0.0	0.0	0.0	0.0	0.0	0.0238095	0.0	0.0	0.0	0.0	0.0	0.0	0.0	0.0	0.0	0.0	0.0	0.0	0.0	0.0	0.0	0.0	0.0	0.0	0.0	0.0	0.0	0.0	0.0	0.0	0.0	0.0	0.0	0.0	0.0	0.0	0.0	0.0	0.0	0.0	0.0	0.0	0.0	0.0	0.0	0.0	
Common Loon (<em class="sci">Gavia immer</em>)	0.0	0.0	0.0	0.0	0.0	0.0	0.0	0.0	0.0	0.0	0.0	0.02	0.0555556	0.0697674	0.0392157	0.0128205	0.0	0.0090909	0.0	0.0	0.0	0.0	0.0	0.0	0.0	0.0	0.0	0.0	0.0	0.0	0.0	0.0	0.0	0.0	0.0	0.0	0.0	0.0	0.0	0.0144928	0.0	0.0	0.0	0.0	0.0	0.0	0.0	0.0	
Great Cormorant (<em class="sci">Phalacrocorax carbo</em>)	0.0	0.0	0.0138889	0.0	0.0	0.0	0.0015	0.0	0.0	0.0	0.0	0.0	0.0	0.0	0.0	0.0	0.0	0.0	0.0	0.0	0.0	0.0	0.0	0.0	0.0	0.0	0.0	0.0	0.0	0.0	0.0	0.0	0.0	0.0	0.0	0.0	0.0	0.0	0.0015	0.0	0.047619	0.025	0.0	0.0	0.0	0.0	0.0	0.0	
Double-crested Cormorant (<em class="sci">Phalacrocorax auritus</em>)	0.4	0.1617647	0.2361111	0.0987654	0.195122	0.0289855	0.06	0.047619	0.2444444	0.2173913	0.2564103	0.38	0.5740741	0.6511628	0.5882353	0.5128205	0.5588235	0.4636364	0.3163265	0.220339	0.3333333	0.1333333	0.2727273	0.0	0.0	0.0	0.0015	0.5	0.4	0.375	0.1111111	0.5	0.3846154	0.3207547	0.2941176	0.4339623	0.4444444	0.4864865	0.3111111	0.5797101	0.6428571	0.775	0.703125	0.4375	0.5106383	0.4166667	0.3461538	0.4090909	
Great/Double-crested Cormorant (<em class="sci">Phalacrocorax carbo/auritus</em>)	0.0	0.0	0.0	0.0	0.0	0.0	0.0	0.0	0.0	0.0	0.0	0.0	0.0	0.0	0.0	0.0015	0.0	0.0090909	0.0	0.0	0.0015	0.0	0.0	0.0	0.0	0.0	0.0	0.0	0.0	0.0	0.0	0.0	0.0	0.0	0.0	0.0	0.0	0.0	0.0	0.0	0.0	0.0	0.0	0.0	0.0	0.0	0.0	0.0	
cormorant sp. (<em class="sci">Phalacrocoracidae sp.</em>)	0.0	0.0	0.0	0.0	0.0	0.0015	0.0	0.0	0.0	0.0	0.0	0.0	0.0	0.0	0.0	0.0	0.0147059	0.0	0.0	0.0	0.0	0.0	0.0	0.0	0.0	0.0	0.0	0.0	0.0	0.0	0.0	0.0	0.0	0.0188679	0.0	0.0188679	0.0	0.0	0.0	0.0	0.0	0.0	0.0	0.0	0.0	0.0	0.0	0.0	
American Bittern (<em class="sci">Botaurus lentiginosus</em>)	0.0	0.0	0.0	0.0	0.0	0.0	0.0	0.0	0.0	0.0	0.0	0.0	0.0185185	0.0232558	0.0196078	0.0	0.0	0.0	0.0	0.0	0.0	0.0	0.0	0.0	0.0	0.0	0.0	0.0	0.0	0.0	0.0	0.0	0.0	0.0188679	0.0	0.0	0.0666667	0.027027	0.0	0.057971	0.0714286	0.0	0.0	0.0	0.0	0.0	0.0	0.0	
Least Bittern (<em class="sci">Ixobrychus exilis</em>)	0.0	0.0	0.0	0.0	0.0	0.0	0.0	0.0	0.0	0.0	0.0	0.0	0.0	0.0	0.0	0.0	0.0	0.0	0.0102041	0.0	0.0	0.0	0.0	0.0	0.0	0.0	0.0	0.0	0.0	0.0	0.0	0.0	0.0	0.0	0.0	0.0	0.0	0.0	0.0	0.0	0.0	0.0	0.0	0.0	0.0	0.0	0.0	0.0	
Great Blue Heron (<em class="sci">Ardea herodias</em>)	0.3846154	0.3382353	0.2638889	0.345679	0.4634146	0.2318841	0.22	0.2857143	0.1777778	0.1086957	0.2820513	0.32	0.3333333	0.2325581	0.3333333	0.3076923	0.3529412	0.2818182	0.3061224	0.2711864	0.5333333	0.2	0.2727273	0.4545455	0.4	0.3333333	0.6666667	0.75	0.4	0.625	0.5555556	0.6818182	0.6153846	0.5471698	0.6666667	0.5660377	0.4666667	0.5675676	0.2888889	0.5217391	0.452381	0.475	0.46875	0.5	0.6595745	0.5	0.3076923	0.4848485	
Great Egret (<em class="sci">Ardea alba</em>)	0.0	0.0	0.0	0.0	0.0	0.0	0.0	0.0	0.0	0.0	0.0	0.02	0.037037	0.0	0.0	0.0641026	0.0882353	0.1272727	0.0612245	0.0169492	0.0	0.0	0.0	0.0	0.0	0.0	0.0	0.0	0.0	0.0	0.0	0.0909091	0.0	0.0	0.0196078	0.0377358	0.0	0.0	0.0	0.0	0.0	0.0	0.0	0.0	0.0	0.0	0.0	0.0	
Snowy Egret (<em class="sci">Egretta thula</em>)	0.0	0.0	0.0	0.0	0.0	0.0	0.0	0.0	0.0	0.0	0.0	0.0	0.0	0.0	0.0	0.0	0.0	0.0	0.0	0.0	0.0	0.0	0.0	0.0	0.0015	0.0	0.0	0.0	0.0	0.0	0.0	0.0	0.0	0.0	0.0196078	0.0	0.0	0.0	0.0	0.0	0.0	0.0	0.0	0.0	0.0	0.0	0.0	0.0	
Little Blue Heron (<em class="sci">Egretta caerulea</em>)	0.0	0.0	0.0	0.0	0.0	0.0	0.0	0.0	0.0	0.0	0.0	0.0	0.0	0.0	0.0	0.0	0.0	0.0	0.0	0.0	0.0	0.0	0.0	0.0	0.2	0.0	0.0	0.0	0.0	0.0	0.0	0.0	0.0	0.0	0.0	0.0	0.0	0.0	0.0	0.0	0.0	0.0	0.0	0.0	0.0	0.0	0.0	0.0	
Green Heron (<em class="sci">Butorides virescens</em>)	0.0	0.0	0.0	0.0	0.0	0.0	0.0	0.0	0.0	0.0	0.0	0.0	0.0	0.0465116	0.1764706	0.2948718	0.3235294	0.3545455	0.1530612	0.0338983	0.0	0.0	0.1818182	0.0	0.0	0.0	0.0	0.25	0.2	0.5	0.3333333	0.4545455	0.4615385	0.4150943	0.2156863	0.2264151	0.1777778	0.0540541	0.0222222	0.0	0.0	0.0	0.0	0.0	0.0	0.0	0.0	0.0	
Black-crowned Night-Heron (<em class="sci">Nycticorax nycticorax</em>)	0.0	0.0	0.0	0.0	0.0	0.0	0.0	0.0	0.0	0.0	0.0	0.0	0.0185185	0.0	0.0015	0.0128205	0.0147059	0.0	0.0	0.0677966	0.4	0.0	0.0	0.0	0.0	0.0	0.0	0.0	0.2	0.0	0.0	0.0	0.0	0.0566038	0.0	0.0	0.0	0.0	0.0015	0.0	0.0	0.025	0.0	0.0	0.0	0.0	0.0	0.0	
heron sp. (<em class="sci">Ardeidae sp.</em>)	0.0	0.0	0.0	0.0	0.0	0.0	0.0	0.0	0.0	0.0	0.0	0.0	0.0	0.0	0.0	0.0	0.0	0.0	0.0	0.0	0.0	0.0	0.0	0.0	0.0	0.0	0.0015	0.0	0.0	0.0	0.0	0.0	0.0	0.0	0.0	0.0	0.0	0.0	0.0	0.0	0.0	0.0	0.0	0.0	0.0	0.0	0.0	0.0	
Glossy Ibis (<em class="sci">Plegadis falcinellus</em>)	0.0	0.0	0.0	0.0	0.0	0.0	0.0	0.0	0.0	0.0	0.0	0.0	0.0	0.0	0.0	0.0	0.0294118	0.0	0.0	0.0	0.0	0.0	0.0	0.0	0.0	0.0	0.0	0.0	0.0	0.0	0.0	0.0	0.0	0.0	0.0	0.0	0.0	0.0	0.0	0.0	0.0	0.0	0.0	0.0	0.0	0.0	0.0	0.0	
Black Vulture (<em class="sci">Coragyps atratus</em>)	0.0769231	0.0294118	0.0138889	0.0	0.0487805	0.0	0.02	0.0	0.0222222	0.0217391	0.025641	0.0	0.0740741	0.0232558	0.0	0.0384615	0.0	0.0272727	0.0	0.0	0.0	0.0	0.0	0.0	0.0	0.0	0.0	0.0	0.2	0.0	0.0	0.0	0.0	0.0377358	0.0	0.0	0.0	0.0	0.0222222	0.0015	0.0	0.05	0.0	0.0208333	0.0	0.0	0.0	0.0151515	
Turkey Vulture (<em class="sci">Cathartes aura</em>)	0.0307692	0.0735294	0.0555556	0.0740741	0.0487805	0.0434783	0.11	0.1904762	0.1555556	0.2608696	0.2820513	0.26	0.4259259	0.255814	0.1960784	0.3076923	0.2941176	0.2181818	0.2346939	0.1016949	0.1333333	0.1333333	0.1818182	0.1818182	0.0	0.0	0.0	0.125	0.2	0.125	0.1111111	0.0454545	0.1282051	0.1698113	0.1960784	0.1132075	0.1555556	0.2432432	0.1111111	0.1594203	0.1428571	0.1	0.15625	0.1666667	0.0638298	0.0416667	0.0769231	0.0454545	
Osprey (<em class="sci">Pandion haliaetus</em>)	0.0	0.0	0.0	0.0	0.0	0.0	0.0	0.0	0.0	0.0	0.1025641	0.36	0.2592593	0.3255814	0.2156863	0.3076923	0.3382353	0.3	0.2755102	0.1186441	0.0666667	0.1333333	0.2727273	0.0	0.0	0.0	0.3333333	0.125	0.4	0.5	0.2222222	0.2272727	0.1282051	0.1132075	0.0784314	0.0377358	0.0444444	0.027027	0.0	0.0144928	0.0238095	0.0	0.0	0.0	0.0	0.0	0.0	0.0	
Northern Harrier (<em class="sci">Circus hudsonius</em>)	0.0	0.0147059	0.0	0.0	0.0	0.0	0.0	0.0	0.0	0.0	0.0	0.0	0.0	0.0232558	0.0	0.0	0.0	0.0	0.0102041	0.0	0.0	0.0	0.0	0.0	0.0	0.0	0.0	0.0	0.0	0.0	0.0	0.0	0.0	0.0	0.0	0.0	0.0	0.027027	0.0222222	0.0	0.0	0.05	0.0	0.0	0.0	0.0	0.0	0.0	
Sharp-shinned Hawk (<em class="sci">Accipiter striatus</em>)	0.0153846	0.0441176	0.0416667	0.0246914	0.0243902	0.0	0.02	0.0238095	0.0444444	0.0217391	0.025641	0.02	0.0	0.0465116	0.0	0.0	0.0147059	0.0	0.0	0.0	0.0	0.0	0.0	0.0	0.0	0.0	0.0	0.0	0.0	0.0	0.0	0.0	0.0	0.0188679	0.0196078	0.0188679	0.0	0.0810811	0.0444444	0.057971	0.0	0.025	0.046875	0.0208333	0.0638298	0.0833333	0.0769231	0.0151515	
Cooper's Hawk (<em class="sci">Accipiter cooperii</em>)	0.2153846	0.1470588	0.125	0.0987654	0.195122	0.0724638	0.1	0.1428571	0.1111111	0.0434783	0.1025641	0.24	0.1296296	0.1162791	0.1176471	0.0897436	0.0588235	0.0272727	0.0918367	0.0	0.0	0.0666667	0.0	0.0	0.0	0.3333333	0.0	0.0	0.0	0.0	0.3333333	0.1818182	0.1538462	0.1132075	0.1372549	0.1886792	0.1777778	0.1081081	0.1777778	0.1304348	0.2142857	0.275	0.21875	0.1666667	0.2340426	0.25	0.2307692	0.1666667	
Sharp-shinned/Cooper's Hawk (<em class="sci">Accipiter striatus/cooperii</em>)	0.0	0.0147059	0.0138889	0.0	0.0	0.0	0.0	0.0	0.0	0.0	0.0	0.0	0.0	0.0	0.0	0.0128205	0.0	0.0	0.0	0.0	0.0	0.0	0.0	0.0	0.0	0.0	0.0	0.0	0.0	0.0	0.0	0.0	0.0	0.0	0.0	0.0	0.0222222	0.0	0.0222222	0.0	0.0238095	0.025	0.015625	0.0	0.0	0.0416667	0.0	0.0	
Accipiter sp. (<em class="sci">Accipiter sp.</em>)	0.0	0.0294118	0.0138889	0.0	0.0	0.0	0.0	0.0	0.0	0.0	0.0	0.0015	0.0	0.0	0.0	0.025641	0.0147059	0.0090909	0.0	0.0	0.0	0.0	0.0	0.0909091	0.0	0.0	0.0	0.0	0.0	0.0	0.0	0.0	0.0	0.0188679	0.0	0.0188679	0.0	0.0	0.0	0.0	0.0238095	0.025	0.0015	0.0208333	0.0	0.0	0.0769231	0.0	
Bald Eagle (<em class="sci">Haliaeetus leucocephalus</em>)	0.1230769	0.2058824	0.1111111	0.1358025	0.0	0.0434783	0.07	0.047619	0.0666667	0.0217391	0.1282051	0.1	0.2222222	0.0232558	0.0588235	0.025641	0.0147059	0.0	0.0102041	0.0169492	0.0	0.0	0.0	0.0	0.0	0.0	0.0	0.0	0.0	0.0	0.0	0.0909091	0.0512821	0.0566038	0.0392157	0.0188679	0.1111111	0.0810811	0.0	0.0144928	0.0238095	0.05	0.078125	0.1458333	0.0638298	0.125	0.0769231	0.0757576	
Red-shouldered Hawk (<em class="sci">Buteo lineatus</em>)	0.0923077	0.1470588	0.0416667	0.0246914	0.0243902	0.0434783	0.03	0.047619	0.0444444	0.0	0.0	0.02	0.0	0.0	0.0196078	0.0	0.0	0.0	0.0	0.0	0.0	0.0	0.0	0.0	0.0	0.0	0.0	0.0	0.0	0.0	0.0	0.0	0.0	0.0	0.0	0.0188679	0.0	0.0	0.0222222	0.057971	0.0	0.025	0.015625	0.0625	0.0212766	0.0416667	0.0	0.0151515	
Broad-winged Hawk (<em class="sci">Buteo platypterus</em>)	0.0	0.0	0.0	0.0	0.0	0.0	0.0	0.0	0.0	0.0	0.0	0.0	0.0	0.0	0.0	0.0	0.0147059	0.0	0.0	0.0	0.0	0.0	0.0	0.0	0.0	0.0	0.0	0.0	0.0	0.0	0.0	0.0	0.025641	0.0377358	0.0	0.0188679	0.0222222	0.0	0.0	0.0	0.0	0.0	0.0	0.0	0.0	0.0	0.0	0.0	
Red-tailed Hawk (<em class="sci">Buteo jamaicensis</em>)	0.2	0.2058824	0.1944444	0.0987654	0.1707317	0.0724638	0.09	0.1428571	0.2222222	0.1086957	0.1794872	0.16	0.2777778	0.1162791	0.1176471	0.1410256	0.1470588	0.1272727	0.0102041	0.0508475	0.0	0.0666667	0.0909091	0.0	0.0	0.3333333	0.0	0.0	0.2	0.125	0.0	0.0454545	0.0769231	0.1320755	0.1568627	0.0943396	0.1333333	0.1351351	0.2	0.2173913	0.2142857	0.2	0.140625	0.1666667	0.212766	0.125	0.2307692	0.1212121	
Buteo sp. (<em class="sci">Buteo sp.</em>)	0.0	0.0	0.0	0.0123457	0.0	0.0	0.0	0.0238095	0.0	0.0	0.0	0.0	0.0	0.0	0.0	0.0	0.0	0.0181818	0.0	0.0	0.0	0.0	0.0	0.0	0.0	0.0	0.0	0.0	0.0	0.0	0.0	0.0	0.0	0.0	0.0	0.0	0.0222222	0.0	0.0	0.0144928	0.0238095	0.0	0.0	0.0	0.0	0.0	0.0	0.0	
hawk sp. (<em class="sci">Accipitridae sp. (hawk sp.)</em>)	0.0	0.0147059	0.0138889	0.0	0.0	0.0	0.0	0.0238095	0.0222222	0.0	0.0	0.0	0.0	0.0232558	0.0	0.0	0.0147059	0.0090909	0.0015	0.0	0.0	0.0	0.0	0.0	0.0	0.0	0.0	0.0	0.0	0.0	0.0	0.0	0.0	0.0188679	0.0	0.0	0.0222222	0.0	0.0	0.0	0.0	0.0	0.03125	0.0208333	0.0	0.0	0.0	0.0	
Great Horned Owl (<em class="sci">Bubo virginianus</em>)	0.0615385	0.0588235	0.0	0.037037	0.0487805	0.0144928	0.01	0.0238095	0.0	0.0	0.025641	0.06	0.1851852	0.0465116	0.0784314	0.0384615	0.0441176	0.0272727	0.0102041	0.0169492	0.0	0.0	0.0	0.0	0.0	0.0	0.0	0.0	0.0	0.0	0.0	0.0	0.0	0.0	0.0	0.0188679	0.0	0.027027	0.0	0.0	0.0	0.05	0.0	0.0208333	0.0212766	0.0416667	0.0769231	0.0	
Belted Kingfisher (<em class="sci">Megaceryle alcyon</em>)	0.0307692	0.0147059	0.0138889	0.0123457	0.0243902	0.0434783	0.01	0.0238095	0.0444444	0.0	0.1025641	0.06	0.0185185	0.0232558	0.0784314	0.1666667	0.0588235	0.0090909	0.0	0.0	0.0	0.0	0.0	0.0	0.0	0.0	0.0	0.0	0.2	0.125	0.0	0.0909091	0.1538462	0.1886792	0.0980392	0.1698113	0.1111111	0.1891892	0.0444444	0.0434783	0.0952381	0.075	0.03125	0.1041667	0.0851064	0.0833333	0.1153846	0.0454545	
Yellow-bellied Sapsucker (<em class="sci">Sphyrapicus varius</em>)	0.0461538	0.0441176	0.0416667	0.0246914	0.0731707	0.0434783	0.02	0.0714286	0.0222222	0.0434783	0.025641	0.28	0.3148148	0.2790698	0.1372549	0.0641026	0.0147059	0.0	0.0	0.0	0.0	0.0	0.0	0.0	0.0	0.0	0.0	0.0	0.0	0.0	0.0	0.0	0.0	0.0	0.0196078	0.1320755	0.2222222	0.1081081	0.1777778	0.0289855	0.0238095	0.025	0.078125	0.0208333	0.0851064	0.0833333	0.0384615	0.0454545	
Red-headed Woodpecker (<em class="sci">Melanerpes erythrocephalus</em>)	0.0	0.0	0.0	0.0	0.0	0.0	0.0	0.0	0.0	0.0	0.0	0.0	0.0	0.0	0.0	0.0	0.0	0.0	0.0	0.0	0.0	0.0	0.0	0.0	0.0	0.0	0.0	0.0	0.0	0.0	0.0	0.0	0.0	0.4150943	0.0196078	0.0377358	0.0	0.0	0.0	0.0	0.0	0.0	0.0	0.0	0.0	0.0	0.0	0.0	
Red-bellied Woodpecker (<em class="sci">Melanerpes carolinus</em>)	0.4923077	0.5882353	0.3055556	0.308642	0.3658537	0.2898551	0.23	0.4047619	0.2666667	0.2173913	0.4871795	0.36	0.5	0.4651163	0.5098039	0.474359	0.5588235	0.5727273	0.5102041	0.4576271	0.4	0.3333333	0.3636364	0.3636364	0.2	0.3333333	0.3333333	0.0	0.2	0.625	0.3333333	0.6363636	0.5897436	0.5283019	0.5098039	0.6415094	0.5333333	0.6216216	0.3777778	0.4202899	0.3333333	0.55	0.390625	0.3958333	0.5531915	0.5	0.5384615	0.3333333	
Downy Woodpecker (<em class="sci">Dryobates pubescens</em>)	0.5692308	0.5294118	0.4861111	0.3580247	0.4146341	0.2898551	0.33	0.2857143	0.4	0.3695652	0.4615385	0.52	0.6851852	0.6976744	0.7647059	0.5769231	0.7058824	0.5090909	0.5	0.440678	0.5333333	0.3333333	0.4545455	0.7272727	0.6	0.6666667	0.6666667	0.25	0.4	0.625	0.5555556	0.8636364	0.6666667	0.7358491	0.6078431	0.7924528	0.6444444	0.6216216	0.4888889	0.5507246	0.5238095	0.575	0.453125	0.5208333	0.7021277	0.4166667	0.5	0.5	
Hairy Woodpecker (<em class="sci">Dryobates villosus</em>)	0.0923077	0.0882353	0.0694444	0.037037	0.0	0.0144928	0.05	0.0952381	0.0888889	0.0434783	0.1025641	0.12	0.1851852	0.0232558	0.0392157	0.025641	0.0441176	0.0363636	0.0204082	0.0338983	0.0	0.0	0.0	0.0	0.0	0.0	0.0	0.0	0.0	0.0	0.0	0.0454545	0.0769231	0.0754717	0.0588235	0.1509434	0.0444444	0.1081081	0.1333333	0.1594203	0.1904762	0.175	0.125	0.0833333	0.1276596	0.125	0.0769231	0.0757576	
Downy/Hairy Woodpecker (<em class="sci">Dryobates pubescens/villosus</em>)	0.0	0.0	0.0	0.0	0.0	0.0015	0.0	0.0	0.0	0.0217391	0.0	0.0	0.0185185	0.0	0.0	0.0	0.0	0.0	0.0	0.0338983	0.0	0.0	0.0	0.0	0.0	0.0	0.0	0.0	0.0	0.0	0.0	0.0454545	0.0	0.0	0.0	0.0	0.0	0.0	0.0	0.0	0.047619	0.0	0.0	0.0	0.0	0.0	0.0	0.0	
Northern Flicker (<em class="sci">Colaptes auratus</em>)	0.2307692	0.1470588	0.0972222	0.0987654	0.1219512	0.0144928	0.11	0.1428571	0.1555556	0.2173913	0.2051282	0.5	0.7592593	0.7674419	0.7058824	0.5512821	0.5	0.3909091	0.3469388	0.2881356	0.1333333	0.3333333	0.0909091	0.0	0.4	0.3333333	0.3333333	0.5	0.2	0.5	0.4444444	0.5454545	0.5384615	0.5660377	0.5686275	0.6792453	0.5777778	0.5135135	0.4	0.2898551	0.2142857	0.25	0.140625	0.1875	0.106383	0.2083333	0.2692308	0.1060606	
woodpecker sp. (<em class="sci">Picidae sp.</em>)	0.0	0.0	0.0	0.0123457	0.0	0.0	0.0	0.0015	0.0	0.0	0.0	0.0	0.0	0.0	0.0	0.0128205	0.0147059	0.0090909	0.0015	0.0	0.0	0.0	0.0	0.0	0.0	0.0	0.0	0.0	0.0	0.0	0.0	0.0	0.0	0.0	0.0	0.0	0.0	0.0	0.0	0.0434783	0.0	0.0	0.0	0.0	0.0	0.0	0.0	0.0	
American Kestrel (<em class="sci">Falco sparverius</em>)	0.0	0.0147059	0.0277778	0.0123457	0.0243902	0.0144928	0.0	0.047619	0.0666667	0.0217391	0.0	0.04	0.0185185	0.0697674	0.0196078	0.0128205	0.0	0.0090909	0.0	0.0	0.0	0.0	0.0	0.0	0.0	0.0	0.0	0.0	0.0	0.125	0.0	0.0	0.0	0.0188679	0.0392157	0.0566038	0.0666667	0.0	0.0	0.0289855	0.0	0.025	0.078125	0.0	0.0212766	0.0416667	0.0384615	0.030303	
Merlin (<em class="sci">Falco columbarius</em>)	0.0153846	0.0441176	0.0277778	0.037037	0.097561	0.0	0.0	0.0	0.0	0.0217391	0.025641	0.0	0.0740741	0.0232558	0.0196078	0.0	0.0	0.0	0.0	0.0	0.0	0.0	0.0	0.0	0.0	0.0	0.0	0.0	0.0	0.0	0.0	0.0	0.0	0.0188679	0.0392157	0.0377358	0.0	0.027027	0.0222222	0.0289855	0.0238095	0.075	0.03125	0.0	0.0212766	0.0833333	0.0384615	0.030303	
Peregrine Falcon (<em class="sci">Falco peregrinus</em>)	0.0	0.0588235	0.0138889	0.0	0.0	0.0144928	0.0	0.0	0.0	0.0217391	0.0	0.0	0.0185185	0.0	0.0196078	0.0	0.0147059	0.0090909	0.0102041	0.0	0.0	0.0	0.0	0.0	0.0	0.0	0.0	0.0	0.0	0.0	0.0	0.0	0.0512821	0.0	0.0	0.0377358	0.0	0.0	0.0	0.0144928	0.0	0.025	0.015625	0.0	0.0	0.0	0.0	0.0151515	
small falcon sp. (<em class="sci">Falco sp. (small falcon sp.)</em>)	0.0	0.0	0.0	0.0	0.0	0.0	0.0	0.0	0.0	0.0	0.0	0.0	0.0	0.0	0.0	0.0	0.0	0.0	0.0	0.0	0.0	0.0	0.0	0.0	0.0	0.0	0.0	0.0	0.0	0.0	0.0	0.0	0.0	0.0188679	0.0	0.0	0.0	0.0	0.0	0.0	0.0	0.0	0.0	0.0	0.0	0.0	0.0	0.0	
falcon sp. (<em class="sci">Falco sp.</em>)	0.0153846	0.0	0.0	0.0	0.0	0.0	0.0	0.0	0.0	0.0	0.0	0.0	0.0	0.0	0.0	0.0	0.0	0.0090909	0.0	0.0	0.0	0.0	0.0	0.0	0.0	0.0	0.0	0.0	0.0	0.0	0.0	0.0	0.0	0.0	0.0	0.0	0.0	0.0	0.0	0.0144928	0.0	0.0	0.0	0.0	0.0	0.0	0.0	0.0	
diurnal raptor sp. (<em class="sci">Accipitriformes/Falconiformes sp.</em>)	0.0	0.0	0.0	0.0	0.0	0.0	0.0	0.0	0.0	0.0	0.0	0.0	0.0	0.0	0.0	0.0	0.0	0.0	0.0	0.0	0.0	0.0	0.0	0.0	0.0	0.0	0.0	0.0	0.0	0.0	0.0	0.0	0.0	0.0	0.0	0.0	0.0	0.0	0.0	0.0	0.0	0.025	0.0	0.0208333	0.0	0.0	0.0	0.0	
Olive-sided Flycatcher (<em class="sci">Contopus cooperi</em>)	0.0	0.0	0.0	0.0	0.0	0.0	0.0	0.0	0.0	0.0	0.0	0.0	0.0	0.0	0.0	0.0	0.0	0.0	0.0	0.0338983	0.0	0.0	0.0	0.0	0.0	0.0	0.0	0.0	0.0	0.0	0.0	0.0	0.2820513	0.0188679	0.0	0.0	0.0	0.0	0.0	0.0	0.0	0.0	0.0	0.0	0.0	0.0	0.0	0.0	
Eastern Wood-Pewee (<em class="sci">Contopus virens</em>)	0.0	0.0	0.0	0.0	0.0	0.0	0.0	0.0	0.0	0.0	0.0	0.0	0.0	0.0	0.0	0.0128205	0.0	0.2181818	0.3877551	0.2542373	0.0666667	0.1333333	0.0909091	0.0909091	0.0	0.0	0.0	0.0	0.0	0.375	0.2222222	0.0909091	0.3589744	0.3584906	0.3137255	0.4150943	0.2444444	0.0810811	0.0	0.0	0.0	0.0	0.0	0.0	0.0	0.0	0.0	0.0	
Yellow-bellied Flycatcher (<em class="sci">Empidonax flaviventris</em>)	0.0	0.0	0.0	0.0	0.0	0.0	0.0	0.0	0.0	0.0	0.0	0.0	0.0	0.0	0.0	0.0	0.0	0.0	0.0	0.0677966	0.0	0.0	0.0	0.0	0.0	0.0	0.0	0.0	0.0	0.0	0.0	0.0	0.025641	0.0566038	0.0196078	0.0	0.0	0.0	0.0	0.0	0.0	0.0	0.0	0.0	0.0	0.0	0.0	0.0	
Acadian Flycatcher (<em class="sci">Empidonax virescens</em>)	0.0	0.0	0.0	0.0	0.0	0.0	0.0	0.0	0.0	0.0	0.0	0.0	0.0	0.0	0.0	0.0	0.0	0.2	0.0510204	0.0169492	0.0666667	0.0	0.0	0.0	0.0	0.0	0.0	0.0	0.2	0.0	0.0	0.0	0.0769231	0.0188679	0.0	0.0	0.0	0.0	0.0	0.0	0.0	0.0	0.0	0.0	0.0	0.0	0.0	0.0	
Willow Flycatcher (<em class="sci">Empidonax traillii</em>)	0.0	0.0	0.0	0.0	0.0	0.0	0.0	0.0	0.0	0.0	0.0	0.0	0.0	0.0	0.0	0.0	0.0294118	0.0909091	0.122449	0.3389831	0.2666667	0.2666667	0.0909091	0.0909091	0.0	0.3333333	0.3333333	0.125	0.0	0.375	0.1111111	0.0909091	0.0512821	0.0188679	0.0	0.0	0.0	0.0	0.0	0.0	0.0	0.0	0.0	0.0	0.0	0.0	0.0	0.0	
Alder/Willow Flycatcher (Traill's Flycatcher) (<em class="sci">Empidonax alnorum/traillii</em>)	0.0	0.0	0.0	0.0	0.0	0.0	0.0	0.0	0.0	0.0	0.0	0.0	0.0	0.0	0.0	0.0	0.0	0.0	0.0	0.0169492	0.0	0.0	0.0	0.0	0.0	0.0	0.0	0.0	0.0	0.0	0.0	0.1363636	0.025641	0.0377358	0.0	0.0	0.0666667	0.027027	0.0	0.0	0.0	0.0	0.0	0.0	0.0	0.0	0.0	0.0	
Least Flycatcher (<em class="sci">Empidonax minimus</em>)	0.0	0.0	0.0	0.0	0.0	0.0	0.0	0.0	0.0	0.0	0.0	0.0	0.0	0.0	0.0	0.0	0.0441176	0.0818182	0.1632653	0.0169492	0.0	0.0	0.0	0.0	0.0	0.0	0.0	0.0	0.0	0.0	0.0	0.0454545	0.0769231	0.0566038	0.0	0.0	0.0	0.0	0.0	0.0	0.0	0.0	0.0	0.0	0.0	0.0	0.0	0.0	
Empidonax sp. (<em class="sci">Empidonax sp.</em>)	0.0	0.0	0.0	0.0	0.0	0.0	0.0	0.0	0.0	0.0	0.0	0.0	0.0	0.0	0.0196078	0.0	0.0147059	0.0545455	0.0714286	0.0338983	0.0	0.0	0.0	0.0	0.0	0.0	0.0	0.0	0.0	0.125	0.2222222	0.2272727	0.2051282	0.1132075	0.0588235	0.1132075	0.0444444	0.0	0.0	0.0	0.0	0.0	0.0	0.0	0.0	0.0	0.0	0.0	
Eastern Phoebe (<em class="sci">Sayornis phoebe</em>)	0.0615385	0.0735294	0.0138889	0.0123457	0.0	0.0	0.0	0.0	0.0222222	0.0434783	0.1794872	0.54	0.6481481	0.372093	0.2156863	0.1153846	0.1029412	0.0545455	0.0408163	0.0677966	0.0666667	0.0	0.0	0.0	0.0	0.0	0.0	0.0	0.0	0.125	0.0	0.0	0.0512821	0.1132075	0.1372549	0.4150943	0.4222222	0.4594595	0.4	0.2898551	0.2857143	0.075	0.109375	0.0416667	0.0212766	0.0416667	0.0	0.0151515	
Great Crested Flycatcher (<em class="sci">Myiarchus crinitus</em>)	0.0	0.0	0.0	0.0	0.0	0.0	0.0	0.0	0.0	0.0	0.0	0.0	0.0	0.0	0.0	0.1538462	0.5882353	0.5	0.6020408	0.4915254	0.6	0.3333333	0.2727273	0.2727273	0.0	0.3333333	0.3333333	0.375	0.4	0.625	0.1111111	0.5	0.4358974	0.3207547	0.0980392	0.0377358	0.0222222	0.0	0.0	0.0	0.0	0.0	0.0	0.0	0.0	0.0	0.0	0.0	
Eastern Kingbird (<em class="sci">Tyrannus tyrannus</em>)	0.0	0.0	0.0	0.0	0.0	0.0	0.0	0.0	0.0	0.0	0.0	0.0	0.0185185	0.0	0.0196078	0.1153846	0.5294118	0.6727273	0.5204082	0.5932203	0.6	0.2666667	0.6363636	0.4545455	0.2	1.0	0.6666667	0.625	0.8	1.0	0.5555556	0.5454545	0.1282051	0.0754717	0.0196078	0.0	0.0	0.0	0.0	0.0	0.0	0.0	0.0	0.0	0.0	0.0	0.0	0.0	
flycatcher sp. (Tyrannidae sp.) (<em class="sci">Tyrannidae sp.</em>)	0.0	0.0	0.0	0.0	0.0	0.0	0.0	0.0	0.0	0.0	0.0	0.0	0.0	0.0	0.0	0.0	0.0	0.0181818	0.0102041	0.0	0.0	0.0666667	0.0	0.0	0.0	0.0	0.0	0.0	0.0	0.0	0.0	0.0	0.025641	0.0377358	0.0196078	0.0188679	0.0	0.0	0.0	0.0	0.0	0.0	0.0	0.0	0.0	0.0	0.0	0.0	
White-eyed Vireo (<em class="sci">Vireo griseus</em>)	0.0	0.0	0.0	0.0	0.0	0.0	0.0	0.0	0.0	0.0	0.0	0.0	0.0	0.1395349	0.0	0.025641	0.0294118	0.0181818	0.0	0.0	0.0	0.0	0.0	0.0	0.0	0.0	0.0	0.0	0.0	0.0	0.0	0.0454545	0.025641	0.0	0.0196078	0.0	0.0222222	0.0	0.0	0.0	0.0	0.0	0.0	0.0	0.0	0.0	0.0	0.0	
Yellow-throated Vireo (<em class="sci">Vireo flavifrons</em>)	0.0	0.0	0.0	0.0	0.0	0.0	0.0	0.0	0.0	0.0	0.0	0.0	0.0	0.0	0.0	0.0128205	0.0147059	0.0636364	0.0816327	0.0677966	0.0	0.0	0.0	0.0	0.0	0.0	0.0	0.0	0.0	0.0	0.0	0.0	0.0	0.0	0.0	0.0	0.0	0.0	0.0	0.0	0.0	0.0	0.0	0.0	0.0	0.0	0.0	0.0	
Blue-headed Vireo (<em class="sci">Vireo solitarius</em>)	0.0	0.0	0.0	0.0	0.0	0.0	0.0	0.0	0.0	0.0	0.0	0.0	0.0	0.0	0.0784314	0.2307692	0.2794118	0.2	0.0306122	0.0	0.0	0.0	0.0	0.0	0.0	0.0	0.0	0.0	0.0	0.0	0.0	0.0	0.0	0.0	0.0	0.0754717	0.0222222	0.1081081	0.1777778	0.1304348	0.0	0.0	0.0	0.0	0.0	0.0	0.0	0.0	
Philadelphia Vireo (<em class="sci">Vireo philadelphicus</em>)	0.0	0.0	0.0	0.0	0.0	0.0	0.0	0.0	0.0	0.0	0.0	0.0	0.0	0.0	0.0	0.0	0.0	0.0	0.0408163	0.0	0.0	0.0	0.0	0.0	0.0	0.0	0.0	0.0	0.0	0.0	0.0	0.0	0.025641	0.0188679	0.0	0.0	0.0	0.0	0.0	0.0	0.0	0.0	0.0	0.0	0.0	0.0	0.0	0.0	
Warbling Vireo (<em class="sci">Vireo gilvus</em>)	0.0	0.0	0.0	0.0	0.0	0.0	0.0	0.0	0.0	0.0	0.0	0.0	0.0	0.0	0.1176471	0.525641	0.8382353	0.8	0.8367347	0.7627119	0.6	0.4666667	0.5454545	0.5454545	0.2	1.0	1.0	0.5	0.0	0.5	0.4444444	0.8181818	0.7692308	0.6792453	0.5098039	0.1132075	0.0222222	0.0	0.0	0.0	0.0	0.0	0.0	0.0	0.0	0.0	0.0	0.0	
Red-eyed Vireo (<em class="sci">Vireo olivaceus</em>)	0.0	0.0	0.0	0.0	0.0	0.0	0.0	0.0	0.0	0.0	0.0	0.0	0.0	0.0	0.0	0.0128205	0.3088235	0.5	0.4795918	0.440678	0.2	0.2	0.1818182	0.1818182	0.0	0.3333333	0.3333333	0.125	0.2	0.25	0.1111111	0.1818182	0.2820513	0.3962264	0.2941176	0.3207547	0.1555556	0.0810811	0.0	0.0	0.0	0.0	0.0	0.0	0.0	0.0	0.0	0.0	
vireo sp. (<em class="sci">Vireo sp.</em>)	0.0	0.0	0.0	0.0	0.0	0.0	0.0	0.0	0.0	0.0	0.0	0.0	0.0	0.0	0.0	0.0	0.0	0.0090909	0.0102041	0.0	0.0	0.0	0.0	0.0	0.0	0.0	0.0	0.0	0.0	0.0	0.0	0.0	0.0	0.0	0.0	0.0	0.0	0.0	0.0	0.0	0.0	0.0	0.0	0.0	0.0	0.0	0.0	0.0	
Blue Jay (<em class="sci">Cyanocitta cristata</em>)	0.4769231	0.5294118	0.375	0.2962963	0.2926829	0.173913	0.26	0.452381	0.2666667	0.326087	0.4102564	0.64	0.4444444	0.5348837	0.4705882	0.6666667	0.7205882	0.6	0.5510204	0.3898305	0.2666667	0.2666667	0.1818182	0.3636364	0.4	0.3333333	0.0	0.25	0.6	0.375	0.5555556	0.7727273	0.6153846	0.6981132	0.8235294	0.8113208	0.8	0.7567568	0.6888889	0.6086957	0.6190476	0.6	0.46875	0.3958333	0.5319149	0.5416667	0.5769231	0.3787879	
American Crow (<em class="sci">Corvus brachyrhynchos</em>)	0.4615385	0.3529412	0.4027778	0.3333333	0.2926829	0.2608696	0.32	0.4761905	0.2222222	0.2391304	0.4871795	0.44	0.4444444	0.4651163	0.2156863	0.3589744	0.4852941	0.3454545	0.3163265	0.2542373	0.2666667	0.0666667	0.1818182	0.0909091	0.6	0.3333333	0.3333333	0.0	0.2	0.375	0.3333333	0.2727273	0.3333333	0.2641509	0.3137255	0.5283019	0.4444444	0.2972973	0.2222222	0.2753623	0.3333333	0.3	0.3125	0.3541667	0.4255319	0.5	0.4230769	0.3484848	
Fish Crow (<em class="sci">Corvus ossifragus</em>)	0.0	0.0441176	0.0	0.0246914	0.0	0.0144928	0.05	0.047619	0.1111111	0.1304348	0.1794872	0.2	0.2962963	0.255814	0.1960784	0.2051282	0.1617647	0.1454545	0.2346939	0.1355932	0.3333333	0.2666667	0.0909091	0.0909091	0.4	0.3333333	0.0	0.25	0.2	0.0	0.1111111	0.0	0.0	0.0188679	0.0392157	0.0	0.0222222	0.027027	0.0222222	0.0289855	0.0	0.0	0.0	0.0208333	0.0015	0.0	0.0384615	0.0151515	
crow sp. (<em class="sci">Corvus sp. (crow sp.)</em>)	0.0615385	0.0882353	0.0416667	0.0123457	0.0487805	0.0724638	0.0	0.0	0.0222222	0.0	0.0512821	0.02	0.0925926	0.0465116	0.0784314	0.1410256	0.1617647	0.1272727	0.1122449	0.0508475	0.0666667	0.1333333	0.1818182	0.0909091	0.0	0.3333333	0.0	0.125	0.0	0.125	0.1111111	0.1363636	0.025641	0.0943396	0.0784314	0.0377358	0.0666667	0.0810811	0.0222222	0.0289855	0.0238095	0.05	0.03125	0.0416667	0.0425532	0.0416667	0.0	0.030303	
Common Raven (<em class="sci">Corvus corax</em>)	0.0153846	0.0	0.0138889	0.0246914	0.0	0.0289855	0.02	0.0238095	0.0	0.0	0.0	0.04	0.0185185	0.0	0.0	0.025641	0.0294118	0.0181818	0.0306122	0.0	0.0	0.0	0.0	0.0	0.0	0.0	0.0	0.0	0.0	0.0	0.0	0.0454545	0.0	0.0	0.0392157	0.0188679	0.0	0.027027	0.0	0.0144928	0.0	0.0	0.015625	0.0625	0.0	0.0416667	0.0	0.0151515	
Carolina Chickadee (<em class="sci">Poecile carolinensis</em>)	0.4	0.4558824	0.3611111	0.2839506	0.4390244	0.2608696	0.22	0.3333333	0.1777778	0.2826087	0.3589744	0.48	0.5	0.5581395	0.4313725	0.4230769	0.3676471	0.3636364	0.2959184	0.2372881	0.0666667	0.2666667	0.0909091	0.0909091	0.0	0.6666667	0.6666667	0.25	0.2	0.375	0.3333333	0.5	0.6666667	0.5471698	0.5490196	0.6037736	0.5555556	0.5405405	0.4666667	0.4637681	0.4047619	0.475	0.421875	0.3958333	0.5106383	0.4583333	0.5769231	0.3939394	
Black-capped Chickadee (<em class="sci">Poecile atricapillus</em>)	0.0153846	0.0147059	0.0138889	0.0	0.0487805	0.0144928	0.0	0.0	0.0222222	0.0217391	0.0	0.0	0.0185185	0.0	0.0	0.0	0.0	0.0	0.0	0.0	0.0	0.0	0.0	0.0	0.0	0.0	0.0	0.0	0.0	0.0	0.0	0.0	0.0	0.0	0.0	0.0	0.0	0.0	0.0	0.0144928	0.0238095	0.0	0.046875	0.0416667	0.0	0.0	0.0384615	0.030303	
Carolina x Black-capped Chickadee (hybrid) (<em class="sci">Poecile carolinensis x atricapillus</em>)	0.0	0.0	0.0	0.0	0.0	0.0	0.01	0.0	0.0	0.0	0.0	0.0	0.0	0.0	0.0	0.0	0.0	0.0	0.0	0.0	0.0	0.0	0.0	0.0	0.0	0.0	0.0	0.0	0.0	0.0	0.0	0.0	0.0	0.0	0.0	0.0	0.0	0.0	0.0	0.0	0.0	0.0	0.0	0.0	0.0	0.0	0.0	0.0	
Carolina/Black-capped Chickadee (<em class="sci">Poecile carolinensis/atricapillus</em>)	0.0307692	0.0147059	0.0	0.0246914	0.0	0.0	0.0	0.0238095	0.0	0.0217391	0.0	0.0	0.0	0.0	0.0	0.0	0.0	0.0	0.0	0.0	0.0	0.0	0.0	0.0	0.0	0.0	0.0	0.0	0.0	0.0	0.0	0.0	0.0	0.0	0.0	0.0	0.0	0.0	0.0	0.0144928	0.0	0.0	0.015625	0.0208333	0.0	0.0416667	0.0	0.0151515	
chickadee sp. (<em class="sci">Poecile sp.</em>)	0.0	0.0	0.0	0.0	0.0	0.0	0.0	0.0	0.0	0.0	0.0	0.0	0.0185185	0.0	0.0	0.0	0.0	0.0	0.0	0.0	0.0	0.0	0.0	0.0	0.0	0.0	0.0	0.0	0.0	0.0	0.0	0.0	0.0	0.0	0.0	0.0	0.0	0.0	0.0	0.0	0.0	0.0	0.015625	0.0	0.0	0.0	0.0	0.0	
Tufted Titmouse (<em class="sci">Baeolophus bicolor</em>)	0.2923077	0.3088235	0.2777778	0.1234568	0.1707317	0.1449275	0.13	0.2619048	0.2222222	0.2173913	0.2564103	0.24	0.3703704	0.1395349	0.1960784	0.1282051	0.1470588	0.1454545	0.1428571	0.0169492	0.0666667	0.0666667	0.0909091	0.0	0.0	0.0	0.0	0.0	0.2	0.125	0.0	0.0909091	0.1282051	0.0188679	0.0588235	0.0754717	0.0888889	0.2162162	0.2666667	0.4202899	0.3333333	0.325	0.21875	0.2708333	0.2340426	0.1666667	0.3076923	0.3484848	
Horned Lark (<em class="sci">Eremophila alpestris</em>)	0.0	0.0	0.0	0.0	0.0	0.0	0.01	0.0	0.0	0.0	0.0	0.0	0.0	0.0	0.0	0.0	0.0	0.0	0.0	0.0	0.0	0.0	0.0	0.0	0.0	0.0	0.0	0.0	0.0	0.0	0.0	0.0	0.0	0.0	0.0	0.0	0.0	0.0	0.0	0.0	0.0	0.0	0.0	0.0	0.0	0.0	0.0	0.0	
Northern Rough-winged Swallow (<em class="sci">Stelgidopteryx serripennis</em>)	0.0307692	0.0147059	0.0	0.0	0.0	0.0	0.0	0.0238095	0.0444444	0.0434783	0.1025641	0.36	0.6666667	0.8139535	0.7647059	0.7692308	0.7941176	0.8	0.5408163	0.5254237	0.6	0.4	0.6363636	0.7272727	0.6	0.3333333	0.6666667	0.5	0.6	0.25	0.2222222	0.4545455	0.4615385	0.4150943	0.4901961	0.3962264	0.4666667	0.4054054	0.1555556	0.2463768	0.0714286	0.075	0.09375	0.1875	0.0	0.0	0.0	0.0151515	
Tree Swallow (<em class="sci">Tachycineta bicolor</em>)	0.0	0.0	0.0	0.0	0.0	0.0	0.0	0.0	0.0666667	0.0652174	0.2307692	0.46	0.5925926	0.5348837	0.5098039	0.5897436	0.5882353	0.6454545	0.4591837	0.6440678	0.8	0.4666667	0.3636364	0.7272727	0.2	0.3333333	0.0	0.25	0.0	0.125	0.1111111	0.2272727	0.2307692	0.1320755	0.1960784	0.2075472	0.2444444	0.1351351	0.3555556	0.1884058	0.1666667	0.0	0.015625	0.0208333	0.0	0.0	0.0	0.0	
Bank Swallow (<em class="sci">Riparia riparia</em>)	0.0	0.0	0.0	0.0	0.0	0.0	0.0	0.0	0.0	0.0	0.0	0.0	0.0	0.0	0.0	0.025641	0.0147059	0.0181818	0.0	0.0	0.0	0.0	0.0	0.0	0.0	0.0	0.0	0.0	0.0	0.0	0.0	0.0454545	0.025641	0.0188679	0.0	0.0	0.0	0.0	0.0	0.0	0.0	0.0	0.0	0.0	0.0	0.0	0.0	0.0	
Barn Swallow (<em class="sci">Hirundo rustica</em>)	0.0	0.0	0.0	0.0	0.0	0.0	0.0	0.0	0.0	0.0	0.0	0.0	0.037037	0.0465116	0.2745098	0.3974359	0.2352941	0.3636364	0.2653061	0.3050847	0.2	0.2	0.2727273	0.4545455	0.2	0.6666667	0.3333333	0.375	1.0	0.875	0.6666667	0.3636364	0.2564103	0.1698113	0.0392157	0.0	0.0	0.0	0.0	0.0	0.0	0.0	0.0	0.0	0.0	0.0	0.0	0.0	
swallow sp. (<em class="sci">Hirundinidae sp.</em>)	0.0	0.0	0.0	0.0	0.0	0.0	0.0	0.0	0.0	0.0	0.0	0.04	0.0	0.0	0.0	0.0128205	0.0	0.0363636	0.0306122	0.0169492	0.0015	0.0	0.0	0.0	0.0	0.0	0.0	0.0015	0.0	0.0	0.1111111	0.0	0.1025641	0.0377358	0.0784314	0.0377358	0.0	0.0	0.0222222	0.0434783	0.0	0.0	0.015625	0.0208333	0.0	0.0	0.0	0.0	
Golden-crowned Kinglet (<em class="sci">Regulus satrapa</em>)	0.2615385	0.2352941	0.2777778	0.1604938	0.1463415	0.0724638	0.1	0.2142857	0.1333333	0.0869565	0.2564103	0.42	0.3888889	0.1627907	0.0784314	0.0128205	0.0	0.0	0.0	0.0	0.0	0.0	0.0	0.0	0.0	0.0	0.0	0.0	0.0	0.0	0.0	0.0	0.0	0.0	0.0	0.0566038	0.0	0.2432432	0.3333333	0.4492754	0.452381	0.375	0.296875	0.3333333	0.3404255	0.375	0.4230769	0.2575758	
Ruby-crowned Kinglet (<em class="sci">Regulus calendula</em>)	0.2769231	0.25	0.1388889	0.1234568	0.1219512	0.057971	0.04	0.1190476	0.0888889	0.1086957	0.1025641	0.24	0.4444444	0.744186	0.627451	0.4871795	0.4558824	0.0909091	0.0	0.0169492	0.0	0.0	0.0	0.0	0.0	0.0	0.0	0.0	0.0	0.0	0.0	0.0	0.0	0.0	0.0196078	0.1320755	0.2666667	0.3513514	0.5333333	0.5507246	0.452381	0.2	0.21875	0.2916667	0.1914894	0.375	0.2692308	0.0909091	
Red-breasted Nuthatch (<em class="sci">Sitta canadensis</em>)	0.0153846	0.0588235	0.0694444	0.037037	0.0	0.0	0.01	0.0	0.0222222	0.0217391	0.0	0.02	0.0	0.0	0.0196078	0.0128205	0.0588235	0.0272727	0.0	0.0	0.0	0.0	0.0	0.0	0.0	0.0	0.0	0.0	0.0	0.0	0.0	0.0	0.0769231	0.0	0.0392157	0.0943396	0.0666667	0.1351351	0.1777778	0.115942	0.0	0.05	0.0	0.0208333	0.0	0.125	0.0384615	0.0151515	
White-breasted Nuthatch (<em class="sci">Sitta carolinensis</em>)	0.2923077	0.3382353	0.3194444	0.1728395	0.1463415	0.1449275	0.16	0.2142857	0.1555556	0.1956522	0.2307692	0.26	0.3518519	0.1627907	0.2156863	0.1153846	0.1617647	0.0818182	0.0510204	0.0338983	0.0666667	0.0666667	0.0	0.1818182	0.0	0.0	0.3333333	0.125	0.2	0.0	0.0	0.0454545	0.2307692	0.0943396	0.1372549	0.3018868	0.3111111	0.2432432	0.3111111	0.3623188	0.3571429	0.25	0.265625	0.3125	0.2340426	0.2916667	0.3076923	0.3181818	
Brown Creeper (<em class="sci">Certhia americana</em>)	0.3076923	0.2941176	0.2361111	0.1851852	0.1219512	0.115942	0.13	0.1190476	0.2222222	0.173913	0.1794872	0.32	0.462963	0.2325581	0.1568627	0.0128205	0.0	0.0	0.0	0.0	0.0	0.0	0.0	0.0	0.0	0.0	0.0	0.0	0.0	0.0	0.0	0.0	0.0	0.0	0.0	0.0	0.0222222	0.1351351	0.2666667	0.173913	0.3571429	0.225	0.15625	0.3541667	0.3617021	0.2083333	0.3846154	0.2878788	
Blue-gray Gnatcatcher (<em class="sci">Polioptila caerulea</em>)	0.0	0.0	0.0	0.0	0.0	0.0	0.0	0.0	0.0	0.0	0.0	0.0	0.1296296	0.6744186	0.9019608	0.8333333	0.8676471	0.8	0.7142857	0.6271186	0.4	0.4	0.5454545	0.5454545	0.4	0.3333333	0.6666667	0.625	0.0	0.5	0.6666667	0.7727273	0.3846154	0.1886792	0.0588235	0.0754717	0.0	0.0	0.0222222	0.0	0.0	0.0	0.0	0.0	0.0	0.0	0.0	0.0	
House Wren (<em class="sci">Troglodytes aedon</em>)	0.0	0.0	0.0	0.0	0.0	0.0	0.0	0.0	0.0	0.0	0.0	0.0	0.0740741	0.1395349	0.2941176	0.5128205	0.7205882	0.6818182	0.6632653	0.4915254	0.5333333	0.6	0.3636364	0.4545455	0.4	0.6666667	0.3333333	0.375	0.2	0.75	0.5555556	0.5454545	0.5128205	0.3396226	0.5490196	0.3962264	0.2666667	0.1621622	0.0666667	0.0289855	0.0	0.0	0.0	0.0416667	0.0	0.0	0.0	0.0	
Winter Wren (<em class="sci">Troglodytes hiemalis</em>)	0.1692308	0.2205882	0.0694444	0.0740741	0.195122	0.0289855	0.02	0.047619	0.0666667	0.0434783	0.0	0.12	0.0555556	0.0	0.0196078	0.0	0.0	0.0	0.0	0.0	0.0	0.0	0.0	0.0	0.0	0.0	0.0	0.0	0.0	0.0	0.0	0.0	0.0	0.0	0.0	0.0188679	0.0222222	0.1891892	0.0	0.057971	0.1428571	0.1	0.0625	0.1666667	0.1489362	0.125	0.1538462	0.0757576	
Marsh Wren (<em class="sci">Cistothorus palustris</em>)	0.0	0.0	0.0	0.0	0.0	0.0	0.0	0.0	0.0	0.0	0.0	0.0	0.0	0.0232558	0.0196078	0.0384615	0.0294118	0.0363636	0.0306122	0.0169492	0.0	0.0	0.0	0.1818182	0.0	0.0	0.0015	0.0	0.0	0.0	0.0	0.0	0.0	0.0188679	0.0980392	0.0943396	0.1111111	0.0540541	0.0444444	0.0434783	0.0238095	0.0	0.0	0.0	0.0	0.0416667	0.0	0.0151515	
Carolina Wren (<em class="sci">Thryothorus ludovicianus</em>)	0.5692308	0.4852941	0.4027778	0.345679	0.3414634	0.3768116	0.35	0.4761905	0.4222222	0.4130435	0.5641026	0.44	0.6111111	0.8604651	0.5882353	0.6666667	0.7352941	0.6272727	0.5510204	0.5084746	0.2666667	0.4	0.3636364	0.3636364	0.4	0.6666667	0.6666667	0.625	0.4	0.875	0.7777778	0.6363636	0.7179487	0.6603774	0.7647059	0.7735849	0.6444444	0.7027027	0.5555556	0.6231884	0.5714286	0.6	0.46875	0.5416667	0.5319149	0.5	0.6153846	0.4848485	
wren sp. (<em class="sci">Troglodytidae sp.</em>)	0.0	0.0	0.0	0.0	0.0	0.0	0.0	0.0	0.0	0.0	0.0	0.0	0.0	0.0	0.0	0.0	0.0	0.0	0.0015	0.0169492	0.0	0.0	0.0	0.0	0.0	0.0	0.0	0.0	0.0	0.0	0.0	0.0	0.025641	0.0	0.0	0.0	0.0	0.0	0.0	0.0	0.0	0.0	0.015625	0.0	0.0	0.0	0.0	0.0151515	
European Starling (<em class="sci">Sturnus vulgaris</em>)	0.6	0.5735294	0.4305556	0.4197531	0.6341463	0.5797101	0.61	0.6190476	0.5777778	0.4347826	0.6410256	0.72	0.6296296	0.5348837	0.6078431	0.525641	0.5882353	0.5181818	0.5816327	0.5932203	0.5333333	0.5333333	0.5454545	0.7272727	0.8	0.6666667	0.6666667	0.75	1.0	0.625	0.7777778	0.6818182	0.8205128	0.6415094	0.5294118	0.6415094	0.4222222	0.5405405	0.4222222	0.4347826	0.4761905	0.525	0.390625	0.375	0.4680851	0.3333333	0.5384615	0.5	
Gray Catbird (<em class="sci">Dumetella carolinensis</em>)	0.0461538	0.0735294	0.0	0.0	0.0	0.0144928	0.0	0.0238095	0.0	0.0	0.025641	0.0	0.0185185	0.0	0.0980392	0.6153846	0.9558824	0.9181818	0.9081633	0.8644068	1.0	0.8	0.9090909	0.9090909	1.0	1.0	1.0	0.875	0.8	1.0	1.0	1.0	0.7948718	0.8113208	0.9215686	0.9056604	0.6666667	0.6486486	0.3333333	0.2463768	0.1904762	0.1	0.046875	0.0833333	0.0212766	0.0833333	0.1538462	0.0	
Brown Thrasher (<em class="sci">Toxostoma rufum</em>)	0.0	0.0441176	0.0	0.0	0.0	0.0144928	0.01	0.0238095	0.0	0.0	0.025641	0.02	0.1851852	0.3488372	0.3333333	0.3717949	0.3823529	0.1272727	0.0714286	0.0508475	0.0	0.0	0.0	0.0	0.0	0.0	0.0	0.0	0.0	0.0	0.0	0.0	0.025641	0.0566038	0.1176471	0.1698113	0.0666667	0.0810811	0.0	0.0	0.0238095	0.0	0.03125	0.0208333	0.0	0.0	0.0384615	0.030303	
Northern Mockingbird (<em class="sci">Mimus polyglottos</em>)	0.3230769	0.2647059	0.2777778	0.1604938	0.2682927	0.0869565	0.15	0.2380952	0.1333333	0.0869565	0.1538462	0.22	0.3333333	0.2093023	0.1764706	0.0769231	0.1176471	0.1090909	0.122449	0.0338983	0.2	0.2	0.0	0.2727273	0.0	0.3333333	0.0	0.0	0.2	0.125	0.1111111	0.1363636	0.0769231	0.1132075	0.1568627	0.2075472	0.1111111	0.2432432	0.2444444	0.1449275	0.2380952	0.225	0.15625	0.2291667	0.2765957	0.2916667	0.3461538	0.1666667	
Eastern Bluebird (<em class="sci">Sialia sialis</em>)	0.0	0.0	0.0	0.0	0.0	0.0	0.0	0.0	0.0	0.0217391	0.0	0.0	0.0	0.0	0.0	0.0	0.0	0.0	0.0	0.0	0.0	0.0	0.0	0.0	0.0	0.0	0.0	0.0	0.0	0.0	0.0	0.0	0.0	0.0	0.0196078	0.0	0.0	0.0	0.0222222	0.0724638	0.1190476	0.075	0.109375	0.0625	0.0212766	0.0416667	0.0	0.0	
Veery (<em class="sci">Catharus fuscescens</em>)	0.0	0.0	0.0	0.0	0.0	0.0	0.0	0.0	0.0	0.0	0.0	0.0	0.0	0.0	0.0	0.0897436	0.2352941	0.2090909	0.2755102	0.0677966	0.0	0.0	0.0	0.0	0.0	0.0	0.0	0.0	0.0	0.0	0.0	0.0454545	0.1794872	0.0754717	0.0196078	0.0377358	0.0	0.0	0.0	0.0	0.0	0.0	0.0	0.0	0.0	0.0	0.0	0.0	
Gray-cheeked Thrush (<em class="sci">Catharus minimus</em>)	0.0	0.0	0.0	0.0	0.0	0.0	0.0	0.0	0.0	0.0	0.0	0.0	0.0	0.0	0.0	0.0	0.0	0.0	0.1122449	0.0677966	0.0	0.0	0.0	0.0	0.0	0.0	0.0	0.0	0.0	0.0	0.0	0.0	0.0	0.0	0.0	0.0377358	0.0222222	0.027027	0.0	0.0	0.0	0.0	0.0	0.0	0.0	0.0	0.0	0.0	
Swainson's Thrush (<em class="sci">Catharus ustulatus</em>)	0.0	0.0	0.0	0.0	0.0	0.0	0.0	0.0	0.0	0.0	0.0	0.0	0.0	0.0	0.0	0.025641	0.1176471	0.1909091	0.4795918	0.1355932	0.0	0.0	0.0	0.0	0.0	0.0	0.0	0.0	0.0	0.0	0.0	0.0	0.0	0.0377358	0.0588235	0.1320755	0.0444444	0.0	0.0222222	0.0289855	0.0	0.0	0.0	0.0	0.0	0.0	0.0	0.0	
Hermit Thrush (<em class="sci">Catharus guttatus</em>)	0.0	0.0	0.0	0.0	0.0	0.0144928	0.0	0.0	0.0	0.0	0.0	0.08	0.3333333	0.5348837	0.4313725	0.4358974	0.2352941	0.0363636	0.0306122	0.0	0.0	0.0	0.0	0.0	0.0	0.0	0.0	0.0	0.0	0.0	0.0	0.0	0.0	0.0	0.0	0.0	0.0	0.1081081	0.0222222	0.2028986	0.1428571	0.025	0.046875	0.0416667	0.0212766	0.0	0.0769231	0.0	
Catharus sp. (<em class="sci">Catharus sp.</em>)	0.0	0.0	0.0	0.0	0.0	0.0	0.0	0.0	0.0	0.0	0.0	0.0	0.0	0.0	0.0	0.0	0.0	0.0	0.0204082	0.0169492	0.0	0.0	0.0	0.0	0.0	0.0	0.0	0.0	0.0	0.0	0.0	0.0	0.0	0.0	0.0196078	0.0	0.0	0.0	0.0	0.0	0.0	0.0	0.0	0.0	0.0	0.0	0.0	0.0	
Wood Thrush (<em class="sci">Hylocichla mustelina</em>)	0.0	0.0	0.0	0.0	0.0	0.0	0.0	0.0	0.0	0.0	0.0	0.0	0.0	0.0	0.0	0.1794872	0.4117647	0.2454545	0.2244898	0.0847458	0.0666667	0.0	0.0	0.0	0.0	0.0	0.0	0.0	0.0	0.0	0.0	0.0	0.0	0.0	0.0196078	0.0188679	0.0444444	0.0	0.0	0.0	0.0	0.0	0.0	0.0	0.0	0.0	0.0	0.0	
American Robin (<em class="sci">Turdus migratorius</em>)	0.5538462	0.4852941	0.3194444	0.2716049	0.3414634	0.5072464	0.61	0.7142857	0.7333333	0.826087	0.974359	0.92	0.9814815	0.9302326	0.9215686	0.8974359	0.9411765	0.9090909	0.9387755	0.8983051	0.9333333	1.0	1.0	1.0	1.0	0.6666667	1.0	1.0	1.0	1.0	1.0	1.0	0.9487179	0.9245283	0.9019608	0.9433962	0.7333333	0.7567568	0.6666667	0.7246377	0.7142857	0.55	0.65625	0.5208333	0.5106383	0.375	0.4615385	0.4545455	
thrush sp. (<em class="sci">Turdidae sp.</em>)	0.0	0.0	0.0	0.0	0.0	0.0	0.0	0.0	0.0	0.0	0.0	0.0	0.0	0.0	0.0	0.0	0.0	0.0	0.0102041	0.0169492	0.0	0.0	0.0	0.0	0.0	0.0	0.0	0.0	0.0	0.0	0.0	0.0	0.0	0.0	0.0196078	0.0	0.0	0.0	0.0	0.0	0.0238095	0.0	0.0	0.0	0.0	0.0	0.0	0.0	
Cedar Waxwing (<em class="sci">Bombycilla cedrorum</em>)	0.0	0.0	0.0	0.0	0.0	0.0	0.03	0.0	0.0	0.0217391	0.0	0.04	0.0	0.0232558	0.0196078	0.025641	0.0735294	0.4090909	0.6020408	0.7118644	0.8	0.6	0.7272727	0.6363636	0.2	0.3333333	1.0	0.375	0.6	0.5	0.3333333	0.4545455	0.3846154	0.1886792	0.1176471	0.1886792	0.0888889	0.1621622	0.0666667	0.057971	0.1428571	0.175	0.140625	0.125	0.0851064	0.0416667	0.0	0.030303	
House Sparrow (<em class="sci">Passer domesticus</em>)	0.2461538	0.3235294	0.2361111	0.1234568	0.3170732	0.1449275	0.26	0.2380952	0.1333333	0.1956522	0.3333333	0.32	0.4074074	0.4883721	0.4705882	0.4358974	0.5441176	0.4272727	0.4795918	0.3389831	0.5333333	0.5333333	0.5454545	0.3636364	0.4	0.3333333	1.0	0.375	0.8	0.375	0.4444444	0.3636364	0.3589744	0.245283	0.1960784	0.245283	0.2222222	0.2432432	0.2888889	0.2173913	0.1904762	0.275	0.234375	0.2291667	0.3617021	0.2083333	0.2692308	0.2272727	
American Pipit (<em class="sci">Anthus rubescens</em>)	0.0	0.0147059	0.0	0.0	0.0	0.0	0.0	0.0	0.0	0.0	0.0	0.0	0.0	0.0	0.0	0.0	0.0	0.0	0.0	0.0	0.0	0.0	0.0	0.0	0.0	0.0	0.0	0.0	0.0	0.0	0.0	0.0	0.0	0.0	0.0	0.0	0.0	0.0	0.0	0.0	0.0238095	0.025	0.015625	0.0	0.0	0.0833333	0.0	0.0151515	
Evening Grosbeak (<em class="sci">Coccothraustes vespertinus</em>)	0.0	0.0	0.0	0.0	0.0	0.0	0.0	0.0	0.0	0.0	0.0	0.0	0.0	0.0	0.0	0.0	0.0	0.0	0.0	0.0	0.0	0.0	0.0	0.0	0.0	0.0	0.0	0.0	0.0	0.0	0.0	0.0	0.0	0.0	0.0	0.0	0.0	0.0	0.0	0.0	0.0	0.0	0.0	0.0	0.0212766	0.0	0.0	0.0	
House Finch (<em class="sci">Haemorhous mexicanus</em>)	0.2923077	0.2352941	0.2222222	0.1604938	0.097561	0.1449275	0.09	0.2857143	0.1555556	0.1521739	0.2820513	0.26	0.2407407	0.4186047	0.4901961	0.4615385	0.5882353	0.5181818	0.377551	0.2372881	0.6	0.4	0.5454545	0.5454545	0.2	0.0	0.6666667	0.125	0.6	0.5	0.4444444	0.5454545	0.3846154	0.3962264	0.2156863	0.2641509	0.4	0.2972973	0.2444444	0.2318841	0.1666667	0.275	0.34375	0.3333333	0.5531915	0.4166667	0.3076923	0.2272727	
Purple Finch (<em class="sci">Haemorhous purpureus</em>)	0.0	0.0	0.0	0.0	0.0	0.0	0.0	0.0	0.0	0.0	0.0	0.0	0.0	0.0	0.0784314	0.0128205	0.0588235	0.0181818	0.0	0.0	0.0	0.0	0.0	0.0	0.0	0.0	0.0	0.0	0.0	0.0	0.0	0.0	0.0	0.0	0.0	0.0188679	0.0444444	0.0540541	0.1333333	0.0289855	0.0238095	0.075	0.046875	0.0	0.0638298	0.0416667	0.0	0.0151515	
House/Purple Finch (<em class="sci">Haemorhous mexicanus/purpureus</em>)	0.0	0.0	0.0	0.0	0.0	0.0	0.0	0.0	0.0	0.0	0.0	0.0	0.0	0.0	0.0	0.0	0.0	0.0	0.0	0.0	0.0	0.0	0.0	0.0	0.0	0.0	0.0	0.0	0.0	0.0	0.0	0.0	0.0	0.0	0.0	0.0	0.0	0.0	0.0222222	0.0	0.0	0.0	0.0	0.0	0.0	0.0	0.0	0.0	
Pine Siskin (<em class="sci">Spinus pinus</em>)	0.0	0.0	0.0	0.0	0.0	0.0	0.0	0.0	0.0	0.0	0.0	0.0	0.0185185	0.0	0.0	0.0	0.0	0.0	0.0	0.0	0.0	0.0	0.0	0.0	0.0	0.0	0.0	0.0	0.0	0.0	0.0	0.0	0.0	0.0	0.0	0.0	0.0	0.0540541	0.2444444	0.2608696	0.1428571	0.05	0.078125	0.0416667	0.0425532	0.0	0.0	0.0151515	
American Goldfinch (<em class="sci">Spinus tristis</em>)	0.4461538	0.4558824	0.3055556	0.1728395	0.2439024	0.2028986	0.21	0.2380952	0.2222222	0.1956522	0.1794872	0.32	0.3333333	0.4883721	0.745098	0.6923077	0.8382353	0.7818182	0.5408163	0.4915254	0.2666667	0.4666667	0.6363636	0.1818182	0.2	0.6666667	0.6666667	0.125	0.6	1.0	0.8888889	0.7272727	0.6410256	0.4339623	0.4705882	0.509434	0.3777778	0.3513514	0.5111111	0.4637681	0.452381	0.45	0.46875	0.4791667	0.5319149	0.2083333	0.3076923	0.3030303	
finch sp. (<em class="sci">Fringillidae sp.</em>)	0.0	0.0	0.0	0.0	0.0	0.0	0.0	0.0	0.0	0.0	0.0	0.0	0.0	0.0	0.0	0.0	0.0	0.0	0.0	0.0	0.0	0.0	0.0	0.0	0.0	0.0	0.0	0.0	0.0	0.0	0.0	0.0	0.0	0.0	0.0	0.0	0.0	0.0	0.0	0.0144928	0.0	0.0	0.0	0.0	0.0	0.0	0.0	0.0	
Chipping Sparrow (<em class="sci">Spizella passerina</em>)	0.0153846	0.1323529	0.125	0.0123457	0.0	0.0144928	0.01	0.0238095	0.0444444	0.0217391	0.0512821	0.2	0.3518519	0.5581395	0.6666667	0.6410256	0.6617647	0.4454545	0.3367347	0.3220339	0.2	0.3333333	0.1818182	0.3636364	0.2	0.3333333	0.3333333	0.25	0.2	0.375	0.3333333	0.0454545	0.2051282	0.2075472	0.1372549	0.1886792	0.2888889	0.1351351	0.2888889	0.3043478	0.2380952	0.225	0.15625	0.1458333	0.0	0.125	0.1153846	0.0151515	
Clay-colored Sparrow (<em class="sci">Spizella pallida</em>)	0.0	0.0	0.0	0.0	0.0	0.0	0.0	0.0	0.0	0.0	0.0	0.0	0.0	0.0	0.0	0.0	0.0	0.0	0.0	0.0	0.0	0.0	0.0	0.0	0.0	0.0	0.0	0.0	0.0	0.0	0.0	0.0	0.0	0.0	0.0	0.0188679	0.0	0.0	0.0222222	0.0	0.0	0.0	0.0	0.0	0.0	0.0	0.0	0.0	
Field Sparrow (<em class="sci">Spizella pusilla</em>)	0.0769231	0.0294118	0.0416667	0.0493827	0.0487805	0.0144928	0.01	0.0238095	0.0666667	0.0217391	0.0512821	0.1	0.2407407	0.3488372	0.254902	0.2564103	0.1029412	0.0181818	0.0102041	0.0169492	0.0	0.0666667	0.0909091	0.0909091	0.0	0.0	0.0	0.0	0.0	0.125	0.1111111	0.0	0.0	0.0	0.0	0.0	0.0	0.0540541	0.2222222	0.1594203	0.1428571	0.125	0.078125	0.0833333	0.0425532	0.0416667	0.0384615	0.0454545	
American Tree Sparrow (<em class="sci">Spizelloides arborea</em>)	0.0	0.0147059	0.0138889	0.0	0.0	0.0	0.01	0.0	0.0	0.0434783	0.0	0.0	0.0	0.0232558	0.0	0.0	0.0	0.0	0.0	0.0	0.0	0.0	0.0	0.0	0.0	0.0	0.0	0.0	0.0	0.0	0.0	0.0	0.0	0.0	0.0	0.0	0.0	0.0	0.0	0.0	0.0	0.025	0.0	0.0	0.0	0.0	0.0	0.0	
Fox Sparrow (<em class="sci">Passerella iliaca</em>)	0.2615385	0.2205882	0.1111111	0.0987654	0.0487805	0.0724638	0.06	0.1428571	0.1777778	0.0434783	0.1794872	0.36	0.2037037	0.0930233	0.0784314	0.0	0.0	0.0	0.0	0.0	0.0	0.0	0.0	0.0	0.0	0.0	0.0	0.0	0.0	0.0	0.0	0.0	0.0	0.0	0.0	0.0	0.0	0.0	0.0	0.0289855	0.0238095	0.025	0.171875	0.2291667	0.106383	0.2083333	0.2307692	0.1212121	
Dark-eyed Junco (<em class="sci">Junco hyemalis</em>)	0.6615385	0.6617647	0.5138889	0.3580247	0.4634146	0.4202899	0.42	0.3333333	0.4222222	0.3913043	0.4615385	0.66	0.6851852	0.5348837	0.2941176	0.1025641	0.0147059	0.0	0.0	0.0	0.0	0.0	0.0	0.0	0.0	0.0	0.0	0.0	0.0	0.0	0.0	0.0	0.0	0.0	0.0196078	0.0377358	0.0	0.0810811	0.3111111	0.3623188	0.5714286	0.525	0.59375	0.5416667	0.6595745	0.625	0.6538462	0.4848485	
White-crowned Sparrow (<em class="sci">Zonotrichia leucophrys</em>)	0.0	0.0015	0.0138889	0.0	0.0	0.0	0.0	0.0	0.0	0.0217391	0.0	0.02	0.0	0.0	0.0	0.0384615	0.0	0.0454545	0.0	0.0	0.0	0.0	0.0	0.0	0.0	0.0	0.0	0.0	0.0	0.0	0.0	0.0	0.0	0.0	0.0	0.0	0.0	0.0	0.1333333	0.0869565	0.0952381	0.0	0.0	0.0	0.0212766	0.0	0.0	0.0151515	
White-throated Sparrow (<em class="sci">Zonotrichia albicollis</em>)	0.7076923	0.75	0.6111111	0.5802469	0.6341463	0.4492754	0.39	0.6666667	0.6	0.4782609	0.6923077	0.72	0.8518519	0.9069767	0.8823529	0.8589744	0.8676471	0.6090909	0.1938776	0.0	0.0	0.0	0.0	0.0	0.0	0.0	0.0	0.0	0.0	0.0	0.0	0.0	0.0	0.0	0.0	0.0566038	0.2666667	0.6216216	0.6888889	0.7681159	0.8333333	0.7	0.65625	0.7083333	0.787234	0.7083333	0.7692308	0.7121212	
Vesper Sparrow (<em class="sci">Pooecetes gramineus</em>)	0.0	0.0	0.0	0.0	0.0	0.0	0.0	0.0	0.0	0.0	0.0	0.0	0.0	0.0	0.0	0.0	0.0	0.0	0.0	0.0	0.0	0.0	0.0	0.0	0.0	0.0	0.0	0.0	0.0	0.0	0.0	0.0	0.0	0.0	0.0	0.0	0.0	0.0	0.0	0.0144928	0.0	0.0	0.0	0.0	0.0	0.0	0.0	0.0	
Seaside Sparrow (<em class="sci">Ammospiza maritima</em>)	0.0	0.0	0.0	0.0	0.0	0.0	0.0	0.0	0.0	0.0	0.0	0.0	0.0	0.0	0.0	0.0	0.0	0.0636364	0.0	0.0	0.0	0.0	0.0	0.0	0.0	0.0	0.0	0.0	0.0	0.0	0.0	0.0	0.0	0.0	0.0	0.0	0.0	0.0	0.0	0.0	0.0	0.0	0.0	0.0	0.0	0.0	0.0	0.0	
Savannah Sparrow (<em class="sci">Passerculus sandwichensis</em>)	0.0	0.0015	0.0	0.0123457	0.0	0.0	0.0	0.0238095	0.0	0.0	0.0	0.02	0.0185185	0.0697674	0.0980392	0.0384615	0.0735294	0.0	0.0	0.0	0.0	0.0	0.0	0.0	0.0	0.0	0.0	0.0	0.0	0.0	0.0	0.0	0.0	0.0188679	0.0	0.0188679	0.0	0.027027	0.0	0.0144928	0.0	0.0	0.015625	0.0	0.0	0.0	0.0	0.0	
Song Sparrow (<em class="sci">Melospiza melodia</em>)	0.6769231	0.6617647	0.5833333	0.5555556	0.5365854	0.3913043	0.45	0.7142857	0.5333333	0.6956522	0.7179487	0.88	0.9074074	0.9302326	0.8627451	0.8076923	0.8088235	0.7545455	0.5816327	0.5932203	0.6666667	0.4666667	0.6363636	0.7272727	0.6	0.6666667	1.0	0.5	0.6	0.75	0.6666667	0.6363636	0.5897436	0.4150943	0.5490196	0.6603774	0.5777778	0.7837838	0.7333333	0.7536232	0.8095238	0.525	0.65625	0.7291667	0.7234043	0.7083333	0.6923077	0.530303	
Lincoln's Sparrow (<em class="sci">Melospiza lincolnii</em>)	0.0	0.0	0.0	0.0	0.0	0.0	0.0	0.0	0.0	0.0	0.0	0.0	0.0	0.0	0.0196078	0.0	0.0147059	0.0181818	0.0408163	0.0	0.0	0.0	0.0	0.0	0.0	0.0	0.0	0.0	0.0	0.0	0.0	0.0	0.0	0.0188679	0.0	0.0377358	0.1777778	0.0540541	0.0444444	0.0144928	0.0	0.0	0.0	0.0	0.0	0.0	0.0	0.0	
Swamp Sparrow (<em class="sci">Melospiza georgiana</em>)	0.2769231	0.2941176	0.1527778	0.1234568	0.0731707	0.1014493	0.07	0.1428571	0.1333333	0.0217391	0.1282051	0.26	0.3703704	0.4418605	0.4705882	0.4615385	0.3676471	0.1818182	0.0306122	0.0169492	0.0	0.0	0.0	0.0	0.0	0.0	0.0	0.0	0.0	0.0	0.0	0.0	0.0769231	0.0015	0.0196078	0.2075472	0.2666667	0.3783784	0.4	0.3768116	0.3571429	0.25	0.203125	0.3125	0.1914894	0.2083333	0.2307692	0.1212121	
Eastern Towhee (<em class="sci">Pipilo erythrophthalmus</em>)	0.0769231	0.0147059	0.0	0.0	0.0243902	0.0	0.01	0.0	0.0	0.0217391	0.0512821	0.1	0.0925926	0.627907	0.6470588	0.5897436	0.5441176	0.2090909	0.1122449	0.1016949	0.0	0.2	0.0909091	0.0	0.0	0.0	0.0	0.125	0.0	0.0	0.0	0.0	0.0	0.0	0.0196078	0.0377358	0.0666667	0.2702703	0.1777778	0.1304348	0.047619	0.1	0.03125	0.0015	0.0	0.0	0.0384615	0.0	
sparrow sp. (<em class="sci">Passerellidae sp. (sparrow sp.)</em>)	0.0153846	0.0147059	0.0	0.037037	0.0243902	0.0	0.0	0.047619	0.0222222	0.0	0.0	0.02	0.0185185	0.0232558	0.0	0.0	0.0	0.0	0.0015	0.0	0.0	0.0	0.0	0.0	0.0	0.0	0.0	0.0	0.0	0.0	0.0	0.0	0.0	0.0377358	0.0	0.0188679	0.0	0.0	0.0222222	0.0724638	0.0238095	0.0	0.0	0.0208333	0.0	0.0416667	0.0384615	0.0151515	
Yellow-breasted Chat (<em class="sci">Icteria virens</em>)	0.0	0.0	0.0	0.0	0.0	0.0	0.0	0.0	0.0	0.0	0.0	0.0	0.0	0.0	0.0	0.0	0.0	0.0	0.0306122	0.0	0.0	0.0	0.0	0.0	0.0	0.0	0.0	0.0	0.0	0.0	0.0	0.0	0.0	0.0	0.0392157	0.0188679	0.0	0.0	0.0	0.0	0.0	0.0	0.0	0.0	0.0	0.0	0.0	0.0	
Bobolink (<em class="sci">Dolichonyx oryzivorus</em>)	0.0	0.0	0.0	0.0	0.0	0.0	0.0	0.0	0.0	0.0	0.0	0.0	0.0	0.0	0.0	0.0	0.0	0.0	0.0	0.0	0.0	0.0	0.0	0.0	0.0	0.0	0.0	0.0	0.0	0.0	0.1111111	0.1363636	0.2051282	0.0566038	0.0588235	0.0754717	0.0	0.0	0.0	0.0	0.0	0.0	0.0	0.0	0.0	0.0	0.0	0.0	
Eastern Meadowlark (<em class="sci">Sturnella magna</em>)	0.0	0.0	0.0	0.0	0.0	0.0	0.0	0.0	0.0	0.0	0.0	0.0	0.0	0.0	0.0	0.0	0.0	0.0	0.0	0.0	0.0	0.0	0.0	0.0	0.0	0.0	0.0	0.0	0.0	0.0	0.0	0.0	0.0	0.0	0.0	0.0188679	0.0222222	0.0	0.0222222	0.0144928	0.0	0.0	0.0	0.0	0.0	0.0	0.0	0.0	
Orchard Oriole (<em class="sci">Icterus spurius</em>)	0.0	0.0	0.0	0.0	0.0	0.0	0.0	0.0	0.0	0.0	0.0	0.0	0.0	0.0	0.0	0.1410256	0.4558824	0.3454545	0.2346939	0.2542373	0.2	0.2	0.1818182	0.2727273	0.2	0.0	0.3333333	0.0	0.0	0.125	0.0	0.0454545	0.0	0.0	0.0	0.0	0.0	0.0	0.0	0.0	0.0	0.0	0.0	0.0	0.0	0.0	0.0	0.0	
Baltimore Oriole (<em class="sci">Icterus galbula</em>)	0.0	0.0	0.0	0.0	0.0	0.0	0.0	0.0	0.0	0.0	0.0	0.0	0.0	0.0	0.0	0.3717949	0.8970588	0.9	0.8877551	0.7627119	0.8	0.7333333	0.8181818	0.7272727	0.2	0.3333333	0.3333333	0.375	0.4	0.5	0.5555556	0.7727273	0.3076923	0.0943396	0.0784314	0.0188679	0.0	0.0	0.0	0.0	0.0	0.025	0.0	0.0416667	0.0	0.0	0.0	0.0	
Red-winged Blackbird (<em class="sci">Agelaius phoeniceus</em>)	0.5384615	0.5735294	0.4444444	0.4320988	0.5365854	0.4347826	0.74	0.8333333	0.9111111	0.8913043	1.0	0.9	0.9444444	0.9767442	0.9607843	0.974359	0.9264706	0.9454545	0.8979592	0.9322034	1.0	0.9333333	1.0	1.0	1.0	1.0	1.0	0.875	1.0	1.0	0.7777778	0.6363636	0.5384615	0.3962264	0.3921569	0.6037736	0.6666667	0.7297297	0.7555556	0.6231884	0.5952381	0.525	0.40625	0.5416667	0.5319149	0.4583333	0.5	0.469697	
Brown-headed Cowbird (<em class="sci">Molothrus ater</em>)	0.0615385	0.0882353	0.1111111	0.0123457	0.1219512	0.0869565	0.2	0.0952381	0.2	0.2173913	0.1025641	0.4	0.462963	0.6511628	0.5882353	0.4871795	0.6470588	0.4545455	0.3571429	0.3220339	0.4	0.5333333	0.4545455	0.2727273	0.2	0.3333333	0.3333333	0.25	0.4	0.625	0.2222222	0.4545455	0.3846154	0.2830189	0.2156863	0.3584906	0.3777778	0.2162162	0.3333333	0.0724638	0.0714286	0.05	0.109375	0.0	0.1489362	0.0416667	0.1153846	0.030303	
Rusty Blackbird (<em class="sci">Euphagus carolinus</em>)	0.1846154	0.2647059	0.0833333	0.0493827	0.1219512	0.1449275	0.16	0.1428571	0.1777778	0.0652174	0.1794872	0.24	0.2777778	0.3255814	0.254902	0.1410256	0.1029412	0.0	0.0102041	0.0	0.0	0.0	0.0	0.0	0.0	0.0	0.0	0.0	0.0	0.0	0.0	0.0	0.0	0.0	0.0	0.0	0.0	0.0	0.0	0.0289855	0.0238095	0.025	0.03125	0.0	0.0425532	0.0416667	0.1538462	0.030303	
Common Grackle (<em class="sci">Quiscalus quiscula</em>)	0.0923077	0.1176471	0.0694444	0.0617284	0.2195122	0.1594203	0.42	0.5	0.5111111	0.6304348	0.7692308	0.8	0.8888889	0.9069767	0.8627451	0.9102564	0.8970588	0.8636364	0.7959184	0.779661	0.6666667	0.8666667	0.6363636	0.8181818	0.6	1.0	0.6666667	0.625	0.4	1.0	0.7777778	0.7272727	0.7179487	0.6792453	0.6666667	0.5471698	0.5333333	0.4324324	0.4666667	0.3623188	0.2619048	0.25	0.1875	0.0416667	0.1489362	0.0416667	0.0	0.0454545	
blackbird sp. (<em class="sci">Icteridae sp.</em>)	0.0307692	0.0147059	0.0138889	0.0	0.0243902	0.0289855	0.01	0.0238095	0.0	0.0	0.025641	0.02	0.0	0.0232558	0.0	0.0	0.0	0.0	0.0	0.0	0.0	0.0	0.0	0.0	0.0	0.0	0.0	0.0	0.0	0.0	0.0	0.0	0.0512821	0.0188679	0.0392157	0.0754717	0.0888889	0.0540541	0.0888889	0.0289855	0.0	0.025	0.0625	0.0	0.0	0.0833333	0.0	0.0151515	
Ovenbird (<em class="sci">Seiurus aurocapilla</em>)	0.0	0.0	0.0	0.0	0.0	0.0	0.0	0.0	0.0	0.0	0.0	0.0	0.0	0.0232558	0.0784314	0.2692308	0.6176471	0.6363636	0.5204082	0.1694915	0.0666667	0.0	0.0	0.0	0.0	0.0	0.0	0.0	0.0	0.0	0.2222222	0.1818182	0.0512821	0.0377358	0.1372549	0.2264151	0.1555556	0.1081081	0.0222222	0.0	0.0	0.0	0.0	0.0	0.0	0.0	0.0	0.0	
Worm-eating Warbler (<em class="sci">Helmitheros vermivorum</em>)	0.0	0.0	0.0	0.0	0.0	0.0	0.0	0.0	0.0	0.0	0.0	0.0	0.0	0.0	0.0	0.0512821	0.1764706	0.0454545	0.0	0.0	0.0	0.0	0.0	0.0	0.0	0.0	0.0	0.0	0.0	0.0	0.0	0.0	0.0	0.0	0.0	0.0188679	0.0	0.0	0.0	0.0	0.0	0.0	0.0	0.0	0.0	0.0	0.0	0.0	
Louisiana Waterthrush (<em class="sci">Parkesia motacilla</em>)	0.0	0.0	0.0	0.0	0.0	0.0	0.0	0.0	0.0	0.0	0.0	0.0	0.0555556	0.0232558	0.0588235	0.0128205	0.0	0.0090909	0.0204082	0.0169492	0.0	0.0	0.0	0.0	0.0	0.0	0.0	0.0	0.0	0.125	0.0	0.0	0.0	0.0	0.0	0.0	0.0	0.0	0.0	0.0	0.0	0.0	0.0	0.0	0.0	0.0	0.0	0.0	
Northern Waterthrush (<em class="sci">Parkesia noveboracensis</em>)	0.0	0.0	0.0	0.0	0.0	0.0	0.0	0.0	0.0	0.0	0.0	0.0	0.0	0.0232558	0.1372549	0.3589744	0.5882353	0.5727273	0.5918367	0.220339	0.0	0.0	0.0	0.0	0.0	0.0	0.0	0.0	0.0	0.0	0.5555556	0.2272727	0.4102564	0.2075472	0.2941176	0.2830189	0.2444444	0.0540541	0.0	0.0	0.0	0.0	0.0	0.0	0.0	0.0	0.0	0.0	
Louisiana/Northern Waterthrush (<em class="sci">Parkesia motacilla/noveboracensis</em>)	0.0	0.0	0.0	0.0	0.0	0.0	0.0	0.0	0.0	0.0	0.0	0.0	0.0	0.0	0.0	0.0	0.0294118	0.0	0.0204082	0.0338983	0.0	0.0	0.0	0.0	0.0	0.0	0.0	0.0	0.0	0.125	0.0	0.0	0.0	0.0	0.0	0.0	0.0	0.027027	0.0	0.0	0.0	0.0	0.0	0.0	0.0	0.0	0.0	0.0	
Golden-winged Warbler (<em class="sci">Vermivora chrysoptera</em>)	0.0	0.0	0.0	0.0	0.0	0.0	0.0	0.0	0.0	0.0	0.0	0.0	0.0	0.0	0.0	0.0	0.0	0.0	0.0	0.0	0.0	0.0	0.0	0.0	0.0	0.0	0.0	0.0	0.0	0.0	0.0	0.0	0.0	0.0	0.0196078	0.0	0.0	0.0	0.0	0.0	0.0	0.0	0.0	0.0	0.0	0.0	0.0	0.0	
Blue-winged Warbler (<em class="sci">Vermivora cyanoptera</em>)	0.0	0.0	0.0	0.0	0.0	0.0	0.0	0.0	0.0	0.0	0.0	0.0	0.0	0.0	0.0	0.0897436	0.1764706	0.0727273	0.0204082	0.0	0.0	0.0	0.0	0.0	0.0	0.0	0.0	0.0	0.0	0.0	0.0	0.0909091	0.1282051	0.0188679	0.0196078	0.0	0.0	0.0	0.0	0.0	0.0	0.0	0.0	0.0	0.0	0.0	0.0	0.0	
Black-and-white Warbler (<em class="sci">Mniotilta varia</em>)	0.0	0.0	0.0	0.0	0.0	0.0	0.0	0.0	0.0	0.0	0.0	0.0	0.0	0.0	0.2745098	0.5897436	0.8823529	0.8363636	0.7244898	0.2881356	0.0	0.0	0.0	0.0	0.0	0.0	0.0	0.0	0.0	0.0	0.3333333	0.4090909	0.4358974	0.3584906	0.4313725	0.5471698	0.4	0.2972973	0.0	0.0144928	0.0	0.0	0.0	0.0	0.0	0.0	0.0	0.0	
Prothonotary Warbler (<em class="sci">Protonotaria citrea</em>)	0.0	0.0	0.0	0.0	0.0	0.0	0.0	0.0	0.0	0.0	0.0	0.0	0.0	0.0	0.0	0.0	0.0	0.0181818	0.0204082	0.0	0.0	0.0	0.0	0.0	0.0	0.0	0.0	0.0	0.0	0.0	0.0	0.0	0.0	0.0	0.0	0.0	0.0	0.0	0.0	0.0	0.0	0.0	0.0	0.0	0.0	0.0	0.0	0.0	
Tennessee Warbler (<em class="sci">Leiothlypis peregrina</em>)	0.0	0.0	0.0	0.0	0.0	0.0	0.0	0.0	0.0	0.0	0.0	0.0	0.0	0.0	0.0	0.0	0.0147059	0.1090909	0.1836735	0.0338983	0.0	0.0	0.0	0.0	0.0	0.0	0.0	0.0	0.0	0.0	0.0	0.0	0.1282051	0.0377358	0.0588235	0.1886792	0.0888889	0.2162162	0.0666667	0.057971	0.0238095	0.025	0.015625	0.0208333	0.0	0.0	0.0	0.0	
Orange-crowned Warbler (<em class="sci">Leiothlypis celata</em>)	0.0923077	0.1029412	0.0416667	0.0246914	0.0	0.0	0.02	0.0	0.0888889	0.0217391	0.025641	0.02	0.0	0.0930233	0.0392157	0.0641026	0.0147059	0.0	0.0	0.0	0.0	0.0	0.0	0.0	0.0	0.0	0.0	0.0	0.0	0.0	0.0	0.0	0.0	0.0	0.0	0.0188679	0.0	0.0	0.0	0.0289855	0.0238095	0.0	0.03125	0.1041667	0.1489362	0.1666667	0.1153846	0.0	
Nashville Warbler (<em class="sci">Leiothlypis ruficapilla</em>)	0.0	0.0	0.0	0.0	0.0	0.0	0.0	0.0	0.0	0.0	0.0	0.0	0.0	0.0	0.0	0.0	0.1617647	0.0727273	0.0714286	0.0338983	0.0	0.0	0.0	0.0	0.0	0.0	0.0	0.0	0.0	0.0	0.0	0.0454545	0.0	0.0188679	0.0	0.1320755	0.0444444	0.0540541	0.0222222	0.0289855	0.0	0.025	0.0	0.0	0.0	0.0	0.0384615	0.0	
Connecticut Warbler (<em class="sci">Oporornis agilis</em>)	0.0	0.0	0.0	0.0	0.0	0.0	0.0	0.0	0.0	0.0	0.0	0.0	0.0	0.0	0.0	0.0	0.0	0.0	0.0	0.0	0.0	0.0	0.0	0.0	0.0	0.0	0.0	0.0	0.0	0.0	0.0	0.0	0.0	0.0	0.0196078	0.0	0.0	0.0	0.0222222	0.0	0.0	0.0	0.0	0.0	0.0	0.0	0.0	0.0	
Mourning Warbler (<em class="sci">Geothlypis philadelphia</em>)	0.0	0.0	0.0	0.0	0.0	0.0	0.0	0.0	0.0	0.0	0.0	0.0	0.0	0.0	0.0	0.0	0.0	0.0	0.0510204	0.0	0.0	0.0	0.0	0.0	0.0	0.0	0.0	0.0	0.0	0.0	0.0	0.0	0.0	0.0	0.0	0.0	0.0	0.0	0.0	0.0	0.0	0.0	0.0	0.0	0.0	0.0	0.0	0.0	
Kentucky Warbler (<em class="sci">Geothlypis formosa</em>)	0.0	0.0	0.0	0.0	0.0	0.0	0.0	0.0	0.0	0.0	0.0	0.0	0.0	0.0	0.0	0.0	0.0	0.0272727	0.0	0.0	0.0	0.0	0.0	0.0	0.0	0.0	0.0	0.0	0.0	0.0	0.0	0.0	0.0	0.0	0.0	0.0	0.0	0.0	0.0	0.0	0.0	0.0	0.0	0.0	0.0	0.0	0.0	0.0	
Common Yellowthroat (<em class="sci">Geothlypis trichas</em>)	0.0307692	0.0	0.0	0.0	0.0	0.0144928	0.0	0.0	0.0	0.0	0.0	0.0	0.0	0.0232558	0.2352941	0.5	0.8382353	0.8545455	0.8265306	0.5084746	0.2666667	0.2	0.2727273	0.2727273	0.4	0.6666667	0.3333333	0.25	0.0	0.25	0.2222222	0.5454545	0.5384615	0.509434	0.6470588	0.754717	0.6666667	0.4864865	0.2888889	0.115942	0.0238095	0.025	0.015625	0.0	0.0	0.0833333	0.0769231	0.0151515	
Hooded Warbler (<em class="sci">Setophaga citrina</em>)	0.0	0.0	0.0	0.0	0.0	0.0	0.0	0.0	0.0	0.0	0.0	0.0	0.0	0.0	0.0	0.0384615	0.0294118	0.0	0.0102041	0.0	0.0	0.0	0.0	0.0	0.0	0.0	0.0	0.0	0.0	0.0	0.0	0.0454545	0.025641	0.0	0.0	0.0	0.0	0.0	0.0	0.0	0.0	0.0	0.0	0.0	0.0	0.0	0.0	0.0	
American Redstart (<em class="sci">Setophaga ruticilla</em>)	0.0	0.0	0.0	0.0	0.0	0.0	0.0	0.0	0.0	0.0	0.0	0.0	0.0	0.0	0.0	0.1282051	0.6029412	0.7545455	0.8163265	0.5423729	0.2	0.1333333	0.0	0.0	0.0	0.0	0.0	0.0	0.0	0.125	0.2222222	0.3636364	0.5641026	0.509434	0.6666667	0.5471698	0.4	0.0	0.0	0.0	0.0	0.0	0.0	0.0	0.0	0.0	0.0	0.0	
Cape May Warbler (<em class="sci">Setophaga tigrina</em>)	0.0	0.0	0.0	0.0	0.0	0.0	0.0	0.0	0.0	0.0	0.0	0.0	0.0	0.0	0.0	0.0	0.1470588	0.2545455	0.2346939	0.0338983	0.0	0.0	0.0	0.0	0.0	0.0	0.0	0.0	0.0	0.0	0.0	0.0	0.0512821	0.0754717	0.1372549	0.3584906	0.2222222	0.0540541	0.0	0.0	0.0	0.0	0.0	0.0	0.0	0.0	0.0	0.0	
Northern Parula (<em class="sci">Setophaga americana</em>)	0.0	0.0	0.0	0.0	0.0	0.0	0.0	0.0	0.0	0.0	0.0	0.0	0.0	0.0	0.0	0.3205128	0.7794118	0.6363636	0.6836735	0.2372881	0.0	0.0	0.0	0.0	0.0	0.0	0.0	0.0	0.0	0.0	0.0	0.0	0.0769231	0.2641509	0.4705882	0.6792453	0.5777778	0.2702703	0.1111111	0.0144928	0.0	0.0	0.0	0.0	0.0	0.0	0.0	0.0	
Magnolia Warbler (<em class="sci">Setophaga magnolia</em>)	0.0	0.0	0.0	0.0	0.0	0.0	0.0	0.0	0.0	0.0	0.0	0.0	0.0	0.0	0.0	0.0	0.1764706	0.2909091	0.5102041	0.2542373	0.0	0.0	0.0	0.0	0.0	0.0	0.0	0.0	0.0	0.0	0.1111111	0.0454545	0.2820513	0.2264151	0.3529412	0.5660377	0.4222222	0.1351351	0.0222222	0.0144928	0.0238095	0.0	0.0	0.0	0.0	0.0	0.0	0.0	
Bay-breasted Warbler (<em class="sci">Setophaga castanea</em>)	0.0	0.0	0.0	0.0	0.0	0.0	0.0	0.0	0.0	0.0	0.0	0.0	0.0	0.0	0.0	0.0	0.0294118	0.1545455	0.4693878	0.2372881	0.0	0.0	0.0	0.0	0.0	0.0	0.0	0.0	0.0	0.0	0.0	0.0	0.0	0.0188679	0.0392157	0.0754717	0.0666667	0.0	0.0222222	0.0	0.0	0.0	0.0	0.0	0.0	0.0	0.0	0.0	
Blackburnian Warbler (<em class="sci">Setophaga fusca</em>)	0.0	0.0	0.0	0.0	0.0	0.0	0.0	0.0	0.0	0.0	0.0	0.0	0.0	0.0	0.0	0.0	0.0882353	0.1	0.122449	0.0338983	0.0	0.0	0.0	0.0	0.0	0.0	0.0	0.0	0.0	0.0	0.0	0.0	0.025641	0.0377358	0.0588235	0.0566038	0.0222222	0.0	0.0	0.0	0.0	0.0	0.0	0.0	0.0	0.0	0.0	0.0	
Yellow Warbler (<em class="sci">Setophaga petechia</em>)	0.0	0.0	0.0	0.0	0.0	0.0	0.0	0.0	0.0	0.0	0.0	0.0	0.0	0.0	0.1176471	0.7179487	0.8823529	0.7727273	0.7244898	0.7457627	0.6666667	0.4666667	0.5454545	0.4545455	0.2	0.6666667	0.6666667	0.5	0.4	0.375	0.1111111	0.3181818	0.2564103	0.2264151	0.2156863	0.1698113	0.0888889	0.0	0.0	0.0	0.0	0.0	0.0	0.0	0.0	0.0	0.0	0.0	
Chestnut-sided Warbler (<em class="sci">Setophaga pensylvanica</em>)	0.0	0.0	0.0	0.0	0.0	0.0	0.0	0.0	0.0	0.0	0.0	0.0	0.0	0.0	0.0	0.0	0.0882353	0.2363636	0.255102	0.1016949	0.0	0.0	0.0	0.0	0.0	0.0	0.0	0.0	0.0	0.0	0.0	0.1818182	0.1538462	0.1320755	0.1764706	0.1132075	0.0888889	0.0	0.0	0.0	0.0	0.0	0.0	0.0	0.0	0.0	0.0	0.0	
Blackpoll Warbler (<em class="sci">Setophaga striata</em>)	0.0	0.0	0.0	0.0	0.0	0.0	0.0	0.0	0.0	0.0	0.0	0.0	0.0	0.0	0.0	0.0384615	0.25	0.5181818	0.7653061	0.6779661	0.1333333	0.0	0.0	0.0	0.0	0.0	0.0	0.0	0.0	0.0	0.0	0.0	0.025641	0.0188679	0.0980392	0.3773585	0.2666667	0.2702703	0.2	0.2318841	0.047619	0.025	0.0	0.0	0.0	0.0	0.0	0.0	
Bay-breasted/Blackpoll Warbler (<em class="sci">Setophaga castanea/striata</em>)	0.0	0.0	0.0	0.0	0.0	0.0	0.0	0.0	0.0	0.0	0.0	0.0	0.0	0.0	0.0	0.0	0.0	0.0	0.0	0.0	0.0	0.0	0.0	0.0	0.0	0.0	0.0	0.0	0.0	0.0	0.0	0.0	0.0	0.0188679	0.0	0.0188679	0.0222222	0.0	0.0	0.0	0.0	0.0	0.0	0.0	0.0	0.0	0.0	0.0	
Black-throated Blue Warbler (<em class="sci">Setophaga caerulescens</em>)	0.0	0.0	0.0	0.0	0.0	0.0	0.0	0.0	0.0	0.0	0.0	0.0	0.0	0.0	0.0	0.0769231	0.3970588	0.5727273	0.5306122	0.1186441	0.0	0.0	0.0	0.0	0.0	0.0	0.0	0.0	0.0	0.0	0.0	0.0	0.025641	0.1132075	0.0980392	0.2641509	0.2888889	0.2432432	0.0888889	0.0144928	0.0	0.0	0.0	0.0	0.0	0.0	0.0	0.0	
Palm Warbler (<em class="sci">Setophaga palmarum</em>)	0.0	0.0	0.0	0.0	0.0	0.0	0.0	0.0	0.0	0.0	0.0	0.1	0.5	0.7209302	0.8039216	0.6410256	0.3970588	0.1090909	0.0	0.0	0.0	0.0	0.0	0.0	0.0	0.0	0.0	0.0	0.0	0.0	0.0	0.0	0.0	0.0566038	0.0196078	0.3018868	0.3555556	0.2702703	0.4888889	0.2608696	0.0952381	0.0015	0.0	0.0	0.0	0.0	0.0	0.0	
Pine Warbler (<em class="sci">Setophaga pinus</em>)	0.0	0.0147059	0.0277778	0.0	0.0	0.0	0.0	0.0	0.0	0.0	0.0512821	0.14	0.4074074	0.3023256	0.3333333	0.1025641	0.0882353	0.0272727	0.0	0.0	0.0	0.0	0.0	0.0	0.0	0.0	0.0	0.0	0.0	0.0	0.0	0.0	0.0	0.0	0.0196078	0.1320755	0.1555556	0.027027	0.1777778	0.0289855	0.047619	0.0	0.015625	0.0208333	0.0	0.0	0.0	0.0	
Yellow-rumped Warbler (<em class="sci">Setophaga coronata</em>)	0.0	0.0147059	0.0	0.0123457	0.0	0.0	0.0	0.0	0.1555556	0.0217391	0.0512821	0.16	0.2222222	0.6511628	0.9019608	0.8974359	0.9852941	0.8727273	0.6836735	0.0677966	0.0	0.0	0.0	0.0	0.0	0.0	0.0	0.0	0.0	0.0	0.0	0.0	0.0512821	0.0377358	0.0196078	0.3962264	0.5777778	0.7837838	0.6888889	0.6956522	0.452381	0.15	0.0625	0.0208333	0.0425532	0.0015	0.0	0.0	
Yellow-throated Warbler (<em class="sci">Setophaga dominica</em>)	0.0	0.0	0.0	0.0	0.0	0.0	0.0	0.0	0.0	0.0	0.0	0.0	0.0	0.0232558	0.1372549	0.0384615	0.0	0.0	0.0102041	0.0	0.0	0.0	0.0	0.0	0.0	0.0	0.0	0.0	0.0	0.0	0.0	0.0	0.0	0.0	0.0	0.0	0.0	0.0	0.0	0.0	0.0	0.0	0.0	0.0	0.0	0.0	0.0	0.0	
Prairie Warbler (<em class="sci">Setophaga discolor</em>)	0.0	0.0	0.0	0.0	0.0	0.0	0.0	0.0	0.0	0.0	0.0	0.0	0.0	0.0	0.0	0.1282051	0.2205882	0.0909091	0.0510204	0.0	0.0	0.0	0.0	0.0	0.0	0.0	0.0	0.0	0.0	0.0	0.0	0.0	0.0	0.0377358	0.0980392	0.0754717	0.0	0.0	0.0	0.0	0.0	0.0	0.0	0.0	0.0	0.0	0.0	0.0	
Black-throated Gray Warbler (<em class="sci">Setophaga nigrescens</em>)	0.0	0.0	0.0	0.0	0.0	0.0	0.0	0.0	0.0	0.0	0.0	0.0	0.0	0.0	0.0	0.0	0.0	0.0	0.0	0.0	0.0	0.0	0.0	0.0	0.0	0.0	0.0	0.0	0.0	0.0	0.0	0.0	0.0	0.0	0.0	0.0	0.0	0.0	0.0222222	0.0	0.0	0.0	0.0	0.0	0.0	0.0	0.0	0.0	
Black-throated Green Warbler (<em class="sci">Setophaga virens</em>)	0.0	0.0	0.0	0.0	0.0	0.0	0.0	0.0	0.0	0.0	0.0	0.0	0.0	0.0	0.0	0.025641	0.1764706	0.2363636	0.1938776	0.0847458	0.0	0.0	0.0	0.0	0.0	0.0	0.0	0.0	0.0	0.0	0.0	0.0	0.0	0.0754717	0.0588235	0.3018868	0.2	0.1081081	0.1111111	0.0144928	0.0714286	0.0	0.0	0.0	0.0	0.0	0.0	0.0	
Canada Warbler (<em class="sci">Cardellina canadensis</em>)	0.0	0.0	0.0	0.0	0.0	0.0	0.0	0.0	0.0	0.0	0.0	0.0	0.0	0.0	0.0	0.0	0.0294118	0.1272727	0.2755102	0.1355932	0.0	0.0	0.0	0.0	0.0	0.0	0.0	0.0	0.0	0.0	0.0	0.0909091	0.0512821	0.0188679	0.0	0.0	0.0	0.0	0.0	0.0	0.0	0.0	0.0	0.0	0.0	0.0	0.0	0.0	
Wilson's Warbler (<em class="sci">Cardellina pusilla</em>)	0.0	0.0	0.0	0.0	0.0	0.0	0.0	0.0	0.0	0.0	0.0	0.0	0.0	0.0	0.0	0.0	0.1764706	0.1545455	0.3367347	0.0	0.0	0.0	0.0	0.0	0.0	0.0	0.0	0.0	0.0	0.0	0.0	0.0	0.0	0.0015	0.0392157	0.0188679	0.0	0.0	0.0222222	0.0	0.0	0.0	0.0	0.0	0.0	0.0	0.0	0.0	
warbler sp. (Parulidae sp.) (<em class="sci">Parulidae sp.</em>)	0.0	0.0	0.0	0.0	0.0	0.0	0.0	0.0	0.0	0.0	0.0	0.0	0.0	0.0	0.0	0.0	0.0	0.0181818	0.0	0.0	0.0	0.0	0.0	0.0	0.0	0.0	0.0	0.0	0.0	0.0	0.0	0.0454545	0.0769231	0.0566038	0.0588235	0.1698113	0.1777778	0.027027	0.0	0.0144928	0.0	0.0	0.0	0.0	0.0	0.0	0.0	0.0	
Summer Tanager (<em class="sci">Piranga rubra</em>)	0.0	0.0	0.0	0.0	0.0	0.0	0.0	0.0	0.0	0.0	0.0	0.0	0.0	0.0	0.0	0.0	0.0147059	0.0090909	0.0816327	0.0	0.0	0.0	0.0	0.0	0.0	0.0	0.0	0.0	0.0	0.0	0.0	0.0	0.0	0.0	0.0	0.0	0.0	0.0	0.0	0.0	0.0	0.0	0.0	0.0	0.0	0.0	0.0	0.0	
Scarlet Tanager (<em class="sci">Piranga olivacea</em>)	0.0	0.0	0.0	0.0	0.0	0.0	0.0	0.0	0.0	0.0	0.0	0.0	0.0	0.0	0.0	0.0769231	0.1911765	0.2818182	0.4285714	0.0847458	0.0666667	0.0	0.0	0.0	0.0	0.0	0.0	0.0	0.0	0.0	0.0	0.0	0.025641	0.0943396	0.1176471	0.0754717	0.2222222	0.0540541	0.0	0.0	0.0	0.0	0.0	0.0	0.0	0.0	0.0	0.0	
Northern Cardinal (<em class="sci">Cardinalis cardinalis</em>)	0.7384615	0.6911765	0.5694444	0.5185185	0.5121951	0.3913043	0.51	0.6904762	0.6666667	0.4782609	0.7435897	0.74	0.8518519	0.8604651	0.8431373	0.9102564	0.8970588	0.8454545	0.8367347	0.7457627	0.6666667	0.8	0.8181818	0.9090909	0.6	0.6666667	0.6666667	0.625	0.6	0.75	0.6666667	0.9545455	0.7948718	0.7358491	0.7647059	0.8113208	0.6888889	0.8378378	0.7111111	0.6231884	0.6428571	0.525	0.625	0.6458333	0.7021277	0.6666667	0.6153846	0.5757576	
Rose-breasted Grosbeak (<em class="sci">Pheucticus ludovicianus</em>)	0.0	0.0	0.0	0.0	0.0	0.0	0.0	0.0	0.0	0.0	0.0	0.0	0.0	0.0	0.0	0.0897436	0.25	0.2636364	0.0918367	0.0338983	0.0	0.0	0.0	0.0	0.0	0.0	0.0	0.0	0.0	0.0	0.0	0.0	0.0	0.0566038	0.0392157	0.1320755	0.0444444	0.0	0.0	0.0	0.0	0.0	0.0	0.0	0.0	0.0	0.0	0.0	
Blue Grosbeak (<em class="sci">Passerina caerulea</em>)	0.0	0.0	0.0	0.0	0.0	0.0	0.0	0.0	0.0	0.0	0.0	0.0	0.0	0.0	0.0	0.0128205	0.0	0.0	0.0306122	0.0	0.0	0.0	0.0	0.0	0.0	0.0	0.0	0.0	0.0	0.0	0.0	0.0	0.0	0.0	0.0	0.0	0.0	0.0	0.0	0.0	0.0	0.0	0.0	0.0	0.0	0.0	0.0	0.0	
Indigo Bunting (<em class="sci">Passerina cyanea</em>)	0.0	0.0	0.0	0.0	0.0	0.0	0.0	0.0	0.0	0.0	0.0	0.0	0.0	0.0	0.0196078	0.0897436	0.2058824	0.2272727	0.2653061	0.2711864	0.0	0.2	0.2727273	0.0	0.0	0.3333333	0.3333333	0.0	0.2	0.25	0.1111111	0.0	0.025641	0.0188679	0.0392157	0.0943396	0.0888889	0.0	0.0	0.0	0.0	0.0	0.0	0.0	0.0	0.0	0.0	0.0	
passerine sp. (<em class="sci">Passeriformes sp.</em>)	0.0	0.0	0.0	0.0	0.0	0.0	0.0	0.0	0.0	0.0	0.0	0.0	0.0	0.0	0.0	0.0	0.0	0.0090909	0.0	0.0	0.0	0.0	0.0	0.0	0.0	0.0	0.0	0.0	0.0	0.0	0.1111111	0.0	0.0	0.0	0.0	0.0	0.0	0.0	0.0	0.0	0.0	0.0	0.0	0.0	0.0	0.0	0.0	0.0	
bird sp. (<em class="sci">Aves sp.</em>)	0.0	0.0	0.0	0.0	0.0	0.0	0.01	0.0	0.0	0.0	0.0	0.0	0.0	0.0	0.0	0.0	0.0	0.0	0.0	0.0	0.0	0.0	0.0	0.0	0.0	0.0	0.0	0.0	0.0	0.0	0.0	0.0	0.0	0.0	0.0	0.0	0.0	0.0	0.0222222	0.0	0.0	0.0	0.0	0.0	0.0	0.0	0.0	0.0	

