









Frequency of observations in the selected location(s).:
Number of taxa: 	190

	Jan				Feb				Mar				Apr				May				Jun				Jul				Aug				Sep				Oct				Nov				Dec				
Sample Size:	15.0	12.0	25.0	34.0	30.0	54.0	45.0	31.0	28.0	24.0	19.0	32.0	21.0	7.0	4.0	21.0	17.0	25.0	26.0	24.0	21.0	16.0	17.0	17.0	5.0	6.0	6.0	10.0	9.0	5.0	14.0	27.0	12.0	17.0	20.0	22.0	19.0	27.0	30.0	42.0	32.0	19.0	4.0	14.0	14.0	8.0	7.0	7.0	

Snow Goose (<em class="sci">Anser caerulescens</em>)	0.0666667	0.0	0.0	0.0	0.0333333	0.0	0.0	0.0	0.0357143	0.0416667	0.0	0.0	0.0	0.0	0.0	0.0	0.0	0.0	0.0	0.0	0.0	0.0	0.0	0.0	0.0	0.0	0.0	0.0	0.0	0.0	0.0	0.0	0.0	0.0	0.0	0.0	0.0	0.0	0.0	0.0	0.0	0.0	0.0	0.0	0.0	0.0	0.0	0.0	
Cackling Goose (<em class="sci">Branta hutchinsii</em>)	0.0	0.0	0.0	0.0	0.0	0.0	0.0	0.0	0.0	0.0	0.0	0.0	0.0	0.0	0.0	0.0	0.0	0.0	0.0	0.0	0.0	0.0	0.0	0.0	0.0	0.0	0.0	0.0	0.0	0.0	0.0	0.0	0.0	0.0	0.0	0.0	0.0	0.0	0.0	0.0	0.0	0.0	0.25	0.0	0.0	0.0	0.0	0.0	
Canada Goose (<em class="sci">Branta canadensis</em>)	0.4	0.1666667	0.16	0.0588235	0.2333333	0.3888889	0.4888889	0.4193548	0.4285714	0.4583333	0.2631579	0.34375	0.5714286	0.4285714	1.0	0.2380952	0.3529412	0.24	0.1153846	0.0416667	0.1428571	0.125	0.0	0.1176471	0.0	0.0	0.0	0.0	0.2222222	0.0	0.1428571	0.037037	0.1666667	0.0	0.0	0.3636364	0.5263158	0.5185185	0.2666667	0.2380952	0.34375	0.2105263	0.5	0.2857143	0.2142857	0.25	0.4285714	0.2857143	
goose sp. (<em class="sci">Anser/Branta sp.</em>)	0.0	0.0	0.0	0.0	0.0	0.0	0.0222222	0.0	0.0	0.0	0.0	0.03125	0.0	0.0	0.0	0.0	0.0	0.0	0.0	0.0	0.0	0.0	0.0	0.0	0.0	0.0	0.0	0.0	0.0	0.0	0.0	0.0	0.0	0.0	0.0	0.0	0.0	0.0	0.0	0.0	0.0	0.0	0.0	0.0	0.0	0.0	0.0	0.0	
Wood Duck (<em class="sci">Aix sponsa</em>)	0.0	0.0	0.04	0.0	0.0	0.0	0.0	0.0645161	0.2857143	0.4166667	0.2105263	0.125	0.4285714	0.0	0.75	0.0952381	0.2352941	0.2	0.1538462	0.0833333	0.047619	0.0625	0.0	0.0	0.0	0.0	0.0	0.1	0.1111111	0.0	0.0	0.037037	0.0	0.0588235	0.0	0.0	0.1052632	0.4444444	0.1666667	0.1904762	0.09375	0.0	0.0	0.0	0.0	0.0	0.0	0.0	
Northern Shoveler (<em class="sci">Spatula clypeata</em>)	0.0	0.0	0.0	0.0	0.0	0.0	0.0	0.0	0.0	0.0	0.0	0.0	0.0	0.0	0.0	0.0	0.0	0.0	0.0	0.0	0.0	0.0	0.0	0.0	0.0	0.0	0.0	0.0	0.0	0.0	0.0	0.0	0.0	0.0	0.0	0.0	0.0	0.0	0.0	0.0	0.0	0.0015	0.0	0.0	0.0	0.0	0.0	0.0	
Mallard (<em class="sci">Anas platyrhynchos</em>)	0.0	0.1666667	0.08	0.0294118	0.0	0.0555556	0.1333333	0.1935484	0.2142857	0.2916667	0.2631579	0.15625	0.0952381	0.4285714	0.5	0.1904762	0.2941176	0.32	0.1538462	0.25	0.0952381	0.125	0.0588235	0.1176471	0.0	0.1666667	0.0	0.1	0.1111111	0.0	0.0714286	0.0	0.0	0.0	0.1	0.0454545	0.0	0.0740741	0.0666667	0.0238095	0.0	0.0	0.0	0.1428571	0.0714286	0.125	0.0	0.0	
Mallard (Domestic type) (<em class="sci">Anas platyrhynchos (Domestic type)</em>)	0.0	0.0	0.0	0.0	0.0	0.0	0.0	0.0	0.0	0.0416667	0.0	0.0	0.0	0.0	0.0	0.0	0.0	0.0	0.0	0.0	0.0	0.0	0.0	0.0	0.0	0.0	0.0	0.0	0.0	0.0	0.0	0.0	0.0	0.0	0.0	0.0	0.0	0.0	0.0	0.0	0.0	0.0	0.0	0.0	0.0	0.0	0.0	0.0	
American Black Duck (<em class="sci">Anas rubripes</em>)	0.0	0.0	0.0	0.0	0.0	0.0	0.0	0.0	0.0	0.0	0.0	0.0	0.0	0.0	0.0	0.0	0.0	0.0	0.0	0.0	0.0	0.0	0.0	0.0	0.0	0.0	0.0	0.0	0.0	0.0	0.0	0.0	0.0	0.0	0.0	0.0	0.0	0.0	0.0	0.0238095	0.0	0.0015	0.0	0.0	0.0	0.0	0.0	0.0	
Common Merganser (<em class="sci">Mergus merganser</em>)	0.0	0.0	0.0	0.0	0.0	0.0	0.0	0.0322581	0.0	0.0	0.0	0.0	0.0	0.0	0.0	0.0	0.0	0.0	0.0	0.0	0.0	0.0	0.0	0.0	0.0	0.0	0.0	0.0	0.0	0.0	0.0	0.0	0.0	0.0	0.0	0.0	0.0	0.0	0.0	0.0	0.0	0.0	0.0	0.0	0.0	0.0	0.0	0.0	
duck sp. (<em class="sci">Anatinae sp.</em>)	0.0	0.0	0.0	0.0	0.0	0.0	0.0	0.0322581	0.0	0.0416667	0.0	0.0	0.0	0.0	0.0	0.0	0.0	0.04	0.0	0.0	0.0	0.0	0.0	0.0588235	0.0	0.0	0.0	0.0	0.0	0.0	0.0	0.037037	0.0	0.0	0.0	0.0	0.0	0.0	0.0	0.0	0.0	0.0	0.0	0.0	0.0	0.0	0.0	0.0	
Rock Pigeon (<em class="sci">Columba livia</em>)	0.0	0.0	0.0	0.0	0.0	0.0185185	0.0	0.0	0.0	0.0	0.0	0.0	0.0	0.0	0.0	0.047619	0.0	0.04	0.1153846	0.0416667	0.0	0.0	0.0	0.0	0.0	0.0	0.0	0.0	0.0	0.2	0.0	0.1111111	0.0833333	0.1176471	0.0	0.0454545	0.1052632	0.0	0.0333333	0.0714286	0.03125	0.0526316	0.25	0.0	0.0	0.0	0.0	0.0	
Mourning Dove (<em class="sci">Zenaida macroura</em>)	0.6	0.5833333	0.72	0.6470588	0.3666667	0.5740741	0.7333333	0.6451613	0.7142857	0.7083333	0.7368421	0.53125	0.8095238	0.7142857	0.5	0.6190476	0.7058824	0.8	0.7307692	0.7916667	0.7142857	0.6875	1.0	0.8235294	1.0	0.8333333	0.6666667	0.7	0.6666667	1.0	0.7857143	0.8888889	0.6666667	0.8235294	0.8	0.5454545	0.5789474	0.5925926	0.6666667	0.5952381	0.71875	0.7368421	1.0	0.7142857	0.7857143	0.875	0.8571429	0.8571429	
Yellow-billed Cuckoo (<em class="sci">Coccyzus americanus</em>)	0.0	0.0	0.0	0.0	0.0	0.0	0.0	0.0	0.0	0.0	0.0	0.0	0.0	0.0	0.0	0.0	0.0588235	0.16	0.0384615	0.0416667	0.0952381	0.0	0.0	0.0588235	0.2	0.0	0.1666667	0.0	0.0	0.0	0.0	0.0740741	0.0833333	0.0	0.05	0.0909091	0.1052632	0.037037	0.0	0.0	0.0	0.0	0.0	0.0	0.0	0.0	0.0	0.0	
Black-billed Cuckoo (<em class="sci">Coccyzus erythropthalmus</em>)	0.0	0.0	0.0	0.0	0.0	0.0	0.0	0.0	0.0	0.0	0.0	0.0	0.0	0.0	0.0	0.0	0.2352941	0.08	0.0769231	0.0015	0.047619	0.0	0.0	0.0	0.0	0.0	0.0	0.0	0.0	0.0	0.0	0.0	0.0	0.0	0.0	0.0	0.0	0.0	0.0	0.0	0.0	0.0	0.0	0.0	0.0	0.0	0.0	0.0	
cuckoo sp. (Cuculidae sp.) (<em class="sci">Cuculidae sp.</em>)	0.0	0.0	0.0	0.0	0.0	0.0	0.0	0.0	0.0	0.0	0.0	0.0	0.0	0.0	0.0	0.0	0.0	0.0	0.0384615	0.0	0.0	0.0	0.0	0.0	0.0	0.0	0.0	0.0	0.0	0.0	0.0	0.0	0.0	0.0	0.0	0.0	0.0	0.0	0.0	0.0	0.0	0.0	0.0	0.0	0.0	0.0	0.0	0.0	
Common Nighthawk (<em class="sci">Chordeiles minor</em>)	0.0	0.0	0.0	0.0	0.0	0.0	0.0	0.0	0.0	0.0	0.0	0.0	0.0	0.0	0.0	0.0	0.0588235	0.04	0.1153846	0.0	0.0	0.0	0.0	0.0	0.0	0.0	0.0	0.0	0.0	0.0	0.0	0.1851852	0.1666667	0.3529412	0.05	0.1363636	0.0	0.0	0.0	0.0	0.0	0.0	0.0	0.0	0.0	0.0	0.0	0.0	
Chimney Swift (<em class="sci">Chaetura pelagica</em>)	0.0	0.0	0.0	0.0	0.0	0.0	0.0	0.0	0.0	0.0	0.0	0.0	0.0	0.0	0.0	0.1904762	0.3529412	0.6	0.3846154	0.4583333	0.5238095	0.625	0.7058824	0.6470588	0.6	1.0	0.8333333	0.7	0.7777778	0.6	0.7857143	0.5185185	0.75	0.7647059	0.75	0.5909091	0.7368421	0.4814815	0.3333333	0.0714286	0.03125	0.0	0.0	0.0	0.0	0.0	0.0	0.0	
Ruby-throated Hummingbird (<em class="sci">Archilochus colubris</em>)	0.0	0.0	0.0	0.0	0.0	0.0	0.0	0.0	0.0	0.0	0.0	0.0	0.0	0.0	0.0	0.0	0.1764706	0.44	0.2307692	0.4583333	0.5238095	0.5	0.5882353	0.6470588	0.6	0.3333333	0.1666667	0.5	0.6666667	1.0	0.8571429	0.8148148	0.5	0.5882353	0.2	0.1363636	0.0	0.0	0.0	0.0	0.0	0.0	0.0	0.0	0.0	0.0	0.0	0.0	
hummingbird sp. (<em class="sci">Trochilidae sp.</em>)	0.0	0.0	0.0	0.0	0.0	0.0	0.0	0.0	0.0	0.0	0.0	0.0	0.0	0.0	0.0	0.0	0.0	0.0	0.0	0.0	0.0	0.0	0.0	0.0	0.0	0.0	0.0	0.0	0.0	0.0	0.0	0.0	0.0	0.0	0.05	0.0	0.0	0.037037	0.0	0.0	0.0	0.0	0.0	0.0	0.0	0.0	0.0	0.0	
American Woodcock (<em class="sci">Scolopax minor</em>)	0.0	0.0	0.04	0.0	0.0	0.0	0.0888889	0.516129	0.3214286	0.25	0.1578947	0.40625	0.0	0.0	0.0	0.0	0.0	0.0	0.0	0.0	0.0	0.0	0.0	0.0	0.0	0.0	0.0	0.0	0.0	0.0	0.0	0.0	0.0	0.0	0.0	0.0	0.0	0.0	0.0333333	0.0015	0.0	0.0	0.0	0.0	0.0	0.0	0.0	0.0	
Solitary Sandpiper (<em class="sci">Tringa solitaria</em>)	0.0	0.0	0.0	0.0	0.0	0.0	0.0	0.0	0.0	0.0	0.0	0.0	0.0	0.0	0.0	0.0	0.0	0.04	0.0	0.0	0.0	0.0	0.0	0.0	0.0	0.0	0.0	0.0	0.0	0.0	0.0	0.0	0.0	0.0	0.0	0.0	0.0	0.0	0.0	0.0	0.0	0.0	0.0	0.0	0.0	0.0	0.0	0.0	
Ring-billed Gull (<em class="sci">Larus delawarensis</em>)	0.0666667	0.0	0.04	0.0294118	0.0666667	0.037037	0.0	0.0	0.0357143	0.0	0.1052632	0.03125	0.0	0.0	0.0	0.0	0.0	0.0	0.0	0.0	0.0	0.0	0.0	0.0	0.0	0.0	0.0	0.0	0.0	0.0	0.0	0.0	0.0	0.0	0.0	0.0	0.0	0.0	0.0	0.0	0.0	0.0	0.25	0.0	0.0	0.0	0.0	0.0	
Herring Gull (<em class="sci">Larus argentatus</em>)	0.0	0.0	0.0	0.0	0.0	0.0	0.0	0.0322581	0.0	0.0	0.0	0.0	0.0	0.0	0.0	0.0	0.0	0.0	0.0	0.0	0.0	0.0	0.0	0.0	0.0	0.0	0.0	0.0	0.0	0.0	0.0	0.0	0.0	0.0	0.0	0.0	0.0	0.0	0.0	0.0	0.03125	0.0	0.25	0.0	0.0	0.0	0.0	0.0	
Great Black-backed Gull (<em class="sci">Larus marinus</em>)	0.0	0.0	0.0	0.0	0.0	0.0	0.0	0.0	0.0	0.0	0.0	0.0	0.0	0.0	0.0	0.0	0.0	0.0	0.0	0.0	0.0	0.0	0.0	0.0	0.0	0.0	0.0	0.0	0.0	0.0	0.0	0.0	0.0	0.0	0.0	0.0	0.0	0.0	0.0	0.0	0.0	0.0	0.25	0.0	0.0	0.0	0.0	0.0	
gull sp. (<em class="sci">Larinae sp.</em>)	0.0	0.0	0.0	0.0	0.0	0.0	0.0	0.0	0.0	0.0	0.0	0.0	0.0	0.0	0.0	0.0	0.0	0.0	0.0	0.0	0.0	0.0	0.0	0.0	0.0	0.0	0.0	0.0	0.0	0.0	0.0	0.0	0.0	0.0	0.0	0.0	0.0	0.0	0.0	0.0	0.0	0.0	0.25	0.0	0.0714286	0.0	0.0	0.0	
Double-crested Cormorant (<em class="sci">Phalacrocorax auritus</em>)	0.0	0.0	0.0	0.0	0.0	0.0	0.0222222	0.0	0.0	0.0	0.0	0.0	0.0	0.1428571	0.0	0.047619	0.0	0.0	0.0	0.0	0.0	0.0	0.0	0.0	0.0	0.0	0.0	0.0	0.0	0.0	0.0	0.0	0.0	0.0588235	0.0	0.0	0.0	0.0	0.0333333	0.0	0.0	0.0	0.0	0.0	0.0714286	0.0	0.0	0.0	
Great Blue Heron (<em class="sci">Ardea herodias</em>)	0.0666667	0.0	0.0	0.0	0.0	0.0185185	0.0222222	0.0	0.0	0.0	0.0	0.0625	0.0	0.0	0.25	0.0	0.0	0.04	0.0384615	0.0	0.047619	0.0	0.1176471	0.0588235	0.0	0.0	0.0	0.0	0.0	0.0	0.1428571	0.1111111	0.0	0.0	0.05	0.0454545	0.0	0.0	0.0	0.0	0.03125	0.0	0.0	0.0714286	0.0714286	0.125	0.0	0.0	
Green Heron (<em class="sci">Butorides virescens</em>)	0.0	0.0	0.0	0.0	0.0	0.0	0.0	0.0	0.0	0.0	0.0	0.0	0.0	0.0	0.0	0.0	0.0588235	0.04	0.0	0.0416667	0.0	0.0625	0.0588235	0.0	0.0	0.0	0.0	0.0	0.0	0.0	0.0	0.0	0.0	0.0	0.0	0.0	0.0	0.0	0.0	0.0	0.0	0.0	0.0	0.0	0.0	0.0	0.0	0.0	
Black Vulture (<em class="sci">Coragyps atratus</em>)	0.1333333	0.0	0.44	0.2352941	0.2666667	0.1111111	0.1555556	0.3548387	0.2142857	0.125	0.2105263	0.1875	0.047619	0.0	0.25	0.2380952	0.1176471	0.08	0.1153846	0.125	0.1428571	0.125	0.1176471	0.2352941	0.0	0.1666667	0.1666667	0.2	0.1111111	0.0	0.0714286	0.037037	0.0	0.0	0.0	0.1818182	0.3157895	0.1111111	0.2	0.1666667	0.25	0.1578947	0.5	0.2857143	0.1428571	0.25	0.4285714	0.0	
Turkey Vulture (<em class="sci">Cathartes aura</em>)	0.6666667	0.4166667	0.44	0.5	0.6666667	0.462963	0.5111111	0.2580645	0.3214286	0.4166667	0.5789474	0.625	0.6666667	0.7142857	0.5	0.4285714	0.3529412	0.28	0.3461538	0.5416667	0.5238095	0.4375	0.2941176	0.2352941	0.0	0.5	0.3333333	0.3	0.3333333	0.4	0.2857143	0.2592593	0.25	0.4117647	0.45	0.1818182	0.6842105	0.4074074	0.6333333	0.5952381	0.5625	0.7894737	0.5	0.7142857	0.3571429	0.375	0.7142857	0.4285714	
Osprey (<em class="sci">Pandion haliaetus</em>)	0.0	0.0	0.0	0.0	0.0	0.0	0.0	0.0	0.0	0.0	0.0	0.0	0.047619	0.0	0.0	0.047619	0.0588235	0.0	0.0	0.0015	0.0	0.0	0.0	0.0	0.0	0.0	0.0	0.0	0.0	0.0	0.0	0.037037	0.0015	0.0588235	0.0	0.0454545	0.0	0.0	0.0	0.0	0.0	0.0	0.0	0.0	0.0	0.0	0.0	0.0	
Golden Eagle (<em class="sci">Aquila chrysaetos</em>)	0.0	0.0	0.0	0.0	0.0	0.0	0.0	0.0	0.0	0.0	0.0	0.0	0.0	0.0	0.0	0.0	0.0	0.0	0.0	0.0	0.0	0.0	0.0	0.0	0.0	0.0	0.0	0.0	0.0	0.0	0.0	0.0	0.0	0.0	0.0	0.0	0.0	0.0	0.0333333	0.0	0.03125	0.0	0.0	0.0	0.0	0.0	0.0	0.0	
Northern Harrier (<em class="sci">Circus hudsonius</em>)	0.0	0.0	0.0	0.0	0.0	0.0	0.0	0.0	0.0	0.0	0.0	0.0	0.0	0.0	0.0	0.0	0.0	0.0	0.0	0.0	0.0	0.0	0.0	0.0	0.0	0.0	0.0	0.0	0.0	0.0	0.0	0.0	0.0	0.0	0.05	0.0	0.0	0.0	0.0	0.0714286	0.0	0.0	0.0	0.0	0.0	0.0	0.0	0.0	
Sharp-shinned Hawk (<em class="sci">Accipiter striatus</em>)	0.0666667	0.0833333	0.04	0.0	0.0666667	0.0185185	0.0444444	0.0322581	0.0	0.0416667	0.0526316	0.03125	0.1428571	0.0	0.25	0.0952381	0.0	0.0	0.0384615	0.0	0.0	0.0	0.0	0.0	0.0	0.0	0.0	0.0	0.0	0.0	0.0	0.037037	0.0	0.0	0.15	0.1363636	0.3157895	0.1851852	0.2666667	0.2142857	0.09375	0.1052632	0.25	0.0	0.0714286	0.125	0.1428571	0.0	
Cooper's Hawk (<em class="sci">Accipiter cooperii</em>)	0.0	0.0	0.2	0.0	0.0333333	0.0555556	0.1777778	0.0322581	0.0015	0.0416667	0.0526316	0.03125	0.1904762	0.4285714	0.25	0.1904762	0.1176471	0.08	0.0	0.0015	0.4285714	0.1875	0.3529412	0.4117647	0.4	0.0015	0.0	0.2	0.3333333	0.2	0.5	0.1111111	0.0	0.4705882	0.5	0.2727273	0.3684211	0.3703704	0.4	0.3809524	0.15625	0.1578947	0.5	0.0714286	0.0714286	0.375	0.4285714	0.0	
Sharp-shinned/Cooper's Hawk (<em class="sci">Accipiter striatus/cooperii</em>)	0.0	0.0	0.0	0.0294118	0.0	0.0	0.0	0.0	0.0	0.0	0.0	0.0	0.0	0.0	0.0	0.0	0.0	0.0	0.0	0.0	0.0	0.0	0.0	0.0	0.0	0.0	0.0	0.0	0.0	0.0	0.0	0.0	0.0	0.0	0.0	0.0454545	0.0526316	0.037037	0.1	0.0	0.0	0.0	0.0	0.0	0.0	0.0	0.0	0.0	
Accipiter sp. (<em class="sci">Accipiter sp.</em>)	0.0	0.0	0.04	0.0	0.0	0.0185185	0.0	0.0	0.0	0.0	0.0	0.0	0.0	0.0	0.0	0.047619	0.0	0.0	0.0	0.0	0.0	0.0	0.0	0.0588235	0.0	0.0	0.0	0.0	0.0	0.0	0.0	0.0	0.0	0.0	0.0	0.0	0.0	0.0740741	0.0333333	0.0238095	0.03125	0.0	0.0	0.0	0.0	0.0	0.0	0.0	
Bald Eagle (<em class="sci">Haliaeetus leucocephalus</em>)	0.0	0.0	0.0	0.0294118	0.0	0.0	0.0222222	0.0	0.0	0.0416667	0.0526316	0.03125	0.0	0.0	0.0	0.1428571	0.0	0.04	0.0384615	0.0	0.0	0.0	0.0	0.0	0.0	0.1666667	0.0	0.0	0.0	0.0	0.0	0.0	0.0	0.0	0.0	0.0	0.0526316	0.0	0.0333333	0.047619	0.0	0.0526316	0.25	0.1428571	0.0	0.0	0.0	0.0	
Red-shouldered Hawk (<em class="sci">Buteo lineatus</em>)	0.0	0.0	0.0	0.1176471	0.1	0.0	0.0444444	0.0	0.0714286	0.0416667	0.0	0.0	0.0	0.0	0.0	0.0	0.0	0.0	0.0	0.0	0.0	0.0	0.0	0.0	0.0	0.1666667	0.0	0.0	0.0	0.0	0.0	0.0	0.0	0.0	0.0	0.0454545	0.0	0.037037	0.0666667	0.1428571	0.09375	0.1052632	0.5	0.0714286	0.0	0.0	0.1428571	0.0	
Broad-winged Hawk (<em class="sci">Buteo platypterus</em>)	0.0	0.0	0.0	0.0	0.0	0.0	0.0	0.0	0.0	0.0	0.0	0.0	0.047619	0.0	0.5	0.047619	0.0588235	0.0	0.0	0.0	0.0	0.0	0.0	0.0	0.0	0.0	0.0	0.0	0.0	0.0	0.0	0.0	0.0015	0.0588235	0.2	0.1818182	0.1052632	0.0	0.0	0.0	0.0	0.0	0.0	0.0	0.0	0.0	0.0	0.0	
Red-tailed Hawk (<em class="sci">Buteo jamaicensis</em>)	0.4666667	0.4166667	0.32	0.3529412	0.3333333	0.3333333	0.4222222	0.3225806	0.3571429	0.375	0.6315789	0.3125	0.3333333	0.5714286	0.5	0.3333333	0.4117647	0.4	0.2307692	0.3333333	0.3809524	0.3125	0.4117647	0.1176471	0.0	0.3333333	0.0	0.2	0.1111111	0.0	0.1428571	0.2592593	0.1666667	0.1764706	0.15	0.2272727	0.5789474	0.4074074	0.5	0.3809524	0.46875	0.4736842	0.5	0.3571429	0.3571429	0.375	0.5714286	0.4285714	
Buteo sp. (<em class="sci">Buteo sp.</em>)	0.0	0.0	0.0	0.0	0.0	0.0	0.0	0.0	0.0357143	0.0	0.0	0.0	0.0	0.0	0.25	0.0	0.0	0.0	0.0384615	0.0	0.0	0.0	0.0	0.0	0.0	0.0	0.0	0.0	0.0	0.0	0.0	0.0	0.0	0.0588235	0.0	0.0	0.0	0.037037	0.0333333	0.0	0.0	0.0	0.0	0.0	0.0	0.0	0.0	0.0	
hawk sp. (<em class="sci">Accipitridae sp. (hawk sp.)</em>)	0.0666667	0.0833333	0.0	0.0	0.0	0.0	0.0222222	0.0	0.0357143	0.0	0.0	0.03125	0.0	0.0	0.0	0.0	0.0	0.0	0.0	0.0	0.0	0.0	0.0	0.0	0.0	0.0	0.0	0.0	0.0	0.0	0.0	0.037037	0.1666667	0.1176471	0.0	0.0454545	0.0	0.1111111	0.0333333	0.0238095	0.0	0.0	0.0	0.0	0.0714286	0.0	0.0	0.0	
Eastern Screech-Owl (<em class="sci">Megascops asio</em>)	0.0	0.0	0.0	0.0	0.0	0.0	0.0	0.0	0.0	0.125	0.0015	0.0	0.0	0.0	0.25	0.0	0.0588235	0.0	0.0	0.0	0.0	0.0	0.0	0.0588235	0.0	0.0	0.0	0.0	0.0	0.0	0.0	0.037037	0.0	0.0	0.0	0.0454545	0.0	0.037037	0.0666667	0.0	0.0	0.0	0.0	0.0	0.0	0.0	0.0	0.0	
Great Horned Owl (<em class="sci">Bubo virginianus</em>)	0.0	0.0	0.0	0.0294118	0.0	0.037037	0.0222222	0.0967742	0.0	0.0	0.0	0.0	0.0	0.0	0.0	0.0	0.0588235	0.0	0.0	0.0	0.0	0.0	0.0	0.0	0.0	0.0	0.0	0.0	0.0	0.0	0.0	0.0	0.0833333	0.0588235	0.0	0.0	0.0	0.0	0.0	0.0	0.0	0.0	0.0	0.0	0.0	0.0	0.0	0.0	
Barred Owl (<em class="sci">Strix varia</em>)	0.0	0.0	0.0	0.0	0.0	0.0	0.0	0.0	0.0	0.0	0.0	0.0	0.0	0.0	0.0	0.0	0.0	0.0	0.0	0.0	0.0	0.0	0.0	0.0	0.0	0.0	0.0	0.0	0.0	0.0	0.0	0.0	0.0	0.0	0.0	0.0	0.0	0.0	0.0	0.0	0.0	0.0526316	0.0	0.0	0.0	0.0	0.0	0.0	
Belted Kingfisher (<em class="sci">Megaceryle alcyon</em>)	0.0	0.0	0.0	0.0	0.0	0.0	0.0	0.0	0.0	0.0	0.0	0.0	0.0	0.0	0.0	0.0	0.0588235	0.0	0.0	0.0	0.0	0.0	0.0	0.0	0.0	0.0	0.0	0.0	0.0	0.0	0.0714286	0.0	0.0	0.0	0.0	0.0	0.1052632	0.0	0.0	0.0	0.0	0.0	0.0	0.0	0.0	0.0	0.1428571	0.0	
Yellow-bellied Sapsucker (<em class="sci">Sphyrapicus varius</em>)	0.1333333	0.3333333	0.24	0.1764706	0.1333333	0.1296296	0.1555556	0.0322581	0.0714286	0.2083333	0.0526316	0.0	0.1904762	0.0	0.0	0.0	0.0	0.0	0.0	0.0	0.0	0.0	0.0	0.0	0.0	0.0	0.0	0.0	0.0	0.0	0.0	0.0	0.0	0.0	0.0	0.0909091	0.1052632	0.4814815	0.3333333	0.3095238	0.21875	0.1052632	0.5	0.2142857	0.1428571	0.625	0.4285714	0.4285714	
Red-headed Woodpecker (<em class="sci">Melanerpes erythrocephalus</em>)	0.0	0.0	0.0	0.0	0.0	0.0	0.0	0.0	0.0	0.0	0.0	0.0	0.0	0.0	0.0	0.0	0.0	0.0	0.0	0.0	0.0	0.0	0.0	0.0	0.0	0.0	0.0	0.0	0.0	0.0	0.0	0.0	0.0	0.0	0.1	0.0	0.0	0.0	0.0	0.0	0.0	0.0	0.0	0.0	0.0	0.0	0.0	0.0	
Red-bellied Woodpecker (<em class="sci">Melanerpes carolinus</em>)	0.7333333	0.6666667	0.76	0.6764706	0.7666667	0.6111111	0.5555556	0.2903226	0.4285714	0.375	0.6315789	0.5625	0.9047619	0.8571429	0.75	0.8095238	0.5882353	0.88	0.7692308	0.9166667	0.6666667	0.8125	0.9411765	0.8823529	1.0	1.0	0.5	0.7	0.7777778	0.8	0.7857143	0.7037037	0.75	0.8235294	0.85	0.8181818	0.9473684	0.7777778	0.8333333	0.8809524	0.75	0.8421053	0.75	0.8571429	0.7142857	1.0	0.7142857	0.8571429	
Downy Woodpecker (<em class="sci">Dryobates pubescens</em>)	0.7333333	0.6666667	0.76	0.6764706	0.6666667	0.7407407	0.5777778	0.1612903	0.3214286	0.375	0.6842105	0.5625	0.6190476	0.4285714	0.5	0.5714286	0.5294118	0.56	0.4615385	0.2083333	0.4285714	0.375	0.6470588	0.8235294	0.8	1.0	0.6666667	0.7	0.6666667	0.4	0.7857143	0.6296296	0.6666667	0.6470588	0.65	0.4545455	0.5263158	0.7407407	0.6333333	0.7380952	0.65625	0.7894737	0.75	0.7142857	0.7142857	1.0	0.7142857	0.7142857	
Hairy Woodpecker (<em class="sci">Dryobates villosus</em>)	0.3333333	0.1666667	0.4	0.2941176	0.1333333	0.2037037	0.3555556	0.0645161	0.1785714	0.0416667	0.1052632	0.125	0.2380952	0.2857143	0.5	0.1904762	0.2352941	0.08	0.1153846	0.0416667	0.2380952	0.25	0.4117647	0.3529412	0.0	0.1666667	0.0	0.0	0.3333333	0.0	0.0714286	0.2962963	0.1666667	0.1176471	0.35	0.3181818	0.2631579	0.1481481	0.2333333	0.2380952	0.125	0.3157895	0.75	0.4285714	0.2857143	0.5	0.2857143	0.1428571	
Downy/Hairy Woodpecker (<em class="sci">Dryobates pubescens/villosus</em>)	0.0	0.0	0.0	0.0	0.0333333	0.0	0.0222222	0.0	0.0	0.0	0.0526316	0.0	0.0	0.0	0.0	0.0	0.0	0.0	0.0	0.0	0.0	0.0	0.0	0.0	0.0	0.0	0.0	0.0	0.0	0.0	0.0	0.0	0.0	0.0	0.0	0.0	0.0	0.0	0.0	0.0	0.0	0.0	0.0	0.0	0.0	0.0	0.0	0.0	
Pileated Woodpecker (<em class="sci">Dryocopus pileatus</em>)	0.1333333	0.25	0.2	0.3529412	0.1666667	0.1111111	0.0666667	0.0322581	0.1071429	0.0416667	0.1052632	0.0625	0.2380952	0.1428571	0.5	0.1904762	0.3529412	0.08	0.0769231	0.0833333	0.1428571	0.125	0.0588235	0.1764706	0.2	0.1666667	0.0	0.1	0.0	0.0	0.0	0.037037	0.0833333	0.1176471	0.05	0.0909091	0.1052632	0.037037	0.1333333	0.1190476	0.0625	0.1052632	0.0015	0.0	0.2142857	0.25	0.0	0.4285714	
Northern Flicker (<em class="sci">Colaptes auratus</em>)	0.4	0.3333333	0.64	0.3235294	0.4	0.3148148	0.1333333	0.0645161	0.25	0.1666667	0.4210526	0.5	0.8571429	0.8571429	1.0	0.7619048	0.7647059	0.72	0.5769231	0.75	0.7142857	0.8125	0.7647059	0.8235294	0.8	0.8333333	0.8333333	0.7	0.7777778	1.0	0.7857143	0.962963	0.8333333	0.9411765	0.9	0.7272727	0.9473684	0.8148148	0.6666667	0.6190476	0.59375	0.3684211	0.5	0.5	0.5	0.75	0.7142857	0.0	
woodpecker sp. (<em class="sci">Picidae sp.</em>)	0.0	0.0	0.0	0.0	0.0333333	0.0	0.0	0.0	0.0	0.0	0.0526316	0.0	0.0952381	0.0	0.0	0.0	0.0	0.0	0.0	0.0	0.0	0.0	0.0	0.0	0.0	0.0	0.0	0.1	0.0	0.0	0.0	0.037037	0.0	0.0	0.0	0.0454545	0.0	0.0	0.0	0.0	0.03125	0.0	0.0	0.0	0.0	0.0	0.0	0.0	
American Kestrel (<em class="sci">Falco sparverius</em>)	0.0	0.0	0.08	0.0	0.0	0.0185185	0.0	0.0	0.0	0.0	0.0	0.0	0.0	0.1428571	0.0	0.0	0.0	0.0	0.0	0.0	0.0	0.0	0.0	0.0	0.0	0.0	0.0	0.0	0.0	0.0	0.0	0.0	0.0	0.0588235	0.0	0.0454545	0.0	0.0	0.0	0.0714286	0.0	0.0	0.25	0.0714286	0.1428571	0.0	0.0	0.0	
Merlin (<em class="sci">Falco columbarius</em>)	0.0	0.0	0.08	0.0	0.0	0.0	0.0	0.0	0.0	0.0	0.0	0.03125	0.0	0.0	0.0	0.0	0.0	0.0	0.0	0.0	0.0	0.0	0.0	0.0	0.0	0.0	0.0	0.0	0.0	0.0	0.0	0.0	0.0833333	0.0588235	0.05	0.0454545	0.0526316	0.0	0.0	0.0714286	0.03125	0.0526316	0.0	0.0	0.0	0.0	0.0	0.1428571	
Peregrine Falcon (<em class="sci">Falco peregrinus</em>)	0.0	0.0833333	0.0	0.0	0.0	0.0185185	0.0	0.0	0.0	0.0	0.0	0.0	0.0	0.0	0.0	0.0	0.0	0.0	0.0	0.0	0.0	0.0	0.0	0.0	0.0	0.0	0.0	0.0	0.0	0.0	0.0	0.0	0.0	0.0	0.0	0.0454545	0.0	0.0	0.0333333	0.0	0.0	0.0	0.0	0.0	0.0	0.0	0.0	0.0	
small falcon sp. (<em class="sci">Falco sp. (small falcon sp.)</em>)	0.0	0.0	0.0	0.0	0.0	0.0	0.0	0.0	0.0	0.0	0.0	0.0	0.0	0.0	0.25	0.0	0.0	0.0	0.0	0.0	0.0	0.0	0.0	0.0	0.0	0.0	0.0	0.0	0.0	0.0	0.0	0.0	0.0833333	0.0	0.0	0.0	0.0	0.0	0.0	0.0	0.0	0.0	0.0	0.0	0.0	0.0	0.0	0.0	
falcon sp. (<em class="sci">Falco sp.</em>)	0.0	0.0	0.0	0.0	0.0	0.0	0.0	0.0	0.0	0.0	0.0	0.0	0.0	0.0	0.0	0.0	0.0	0.0	0.0	0.0	0.0	0.0	0.0	0.0	0.0	0.0	0.0	0.0	0.0	0.0	0.0	0.0	0.0	0.0	0.0	0.0	0.0	0.0	0.0	0.0238095	0.0	0.0	0.0	0.0	0.0	0.0	0.0	0.0	
diurnal raptor sp. (<em class="sci">Accipitriformes/Falconiformes sp.</em>)	0.0	0.0	0.0	0.0	0.0333333	0.0	0.0	0.0	0.0	0.0	0.0	0.0	0.0	0.0	0.0	0.0	0.0	0.0	0.0	0.0	0.0	0.0	0.0	0.0	0.0	0.0	0.0	0.0	0.0	0.0	0.0	0.0	0.0	0.0	0.0	0.0	0.0	0.0	0.0	0.0238095	0.0	0.0	0.25	0.0	0.0	0.0	0.0	0.0	
Olive-sided Flycatcher (<em class="sci">Contopus cooperi</em>)	0.0	0.0	0.0	0.0	0.0	0.0	0.0	0.0	0.0	0.0	0.0	0.0	0.0	0.0	0.0	0.0	0.0	0.12	0.1538462	0.0	0.0	0.0	0.0	0.0	0.0	0.0	0.0	0.0	0.0	0.2	0.4285714	0.0740741	0.0	0.0588235	0.0	0.0	0.0	0.0	0.0	0.0	0.0	0.0	0.0	0.0	0.0	0.0	0.0	0.0	
Eastern Wood-Pewee (<em class="sci">Contopus virens</em>)	0.0	0.0	0.0	0.0	0.0	0.0	0.0	0.0	0.0	0.0	0.0	0.0	0.0	0.0	0.0	0.0	0.1176471	0.04	0.4615385	0.7083333	0.6666667	0.5625	0.6470588	0.8235294	0.6	0.5	0.5	0.6	0.7777778	0.6	0.7857143	0.8148148	0.5833333	0.5294118	0.25	0.4090909	0.0526316	0.037037	0.0	0.0	0.0	0.0	0.0	0.0	0.0	0.0	0.0	0.0	
Yellow-bellied Flycatcher (<em class="sci">Empidonax flaviventris</em>)	0.0	0.0	0.0	0.0	0.0	0.0	0.0	0.0	0.0	0.0	0.0	0.0	0.0	0.0	0.0	0.0	0.0	0.0	0.0	0.0	0.0	0.0	0.0	0.0	0.0	0.0	0.0	0.0	0.0	0.0	0.0	0.037037	0.0	0.0	0.0	0.0	0.0	0.0	0.0	0.0	0.0	0.0	0.0	0.0	0.0	0.0	0.0	0.0	
Acadian Flycatcher (<em class="sci">Empidonax virescens</em>)	0.0	0.0	0.0	0.0	0.0	0.0	0.0	0.0	0.0	0.0	0.0	0.0	0.0	0.0	0.0	0.0	0.0	0.04	0.0384615	0.0416667	0.047619	0.0625	0.1176471	0.0588235	0.2	0.0015	0.0	0.0	0.0	0.0	0.0	0.037037	0.0	0.0	0.0	0.0	0.0	0.0	0.0	0.0	0.0	0.0	0.0	0.0	0.0	0.0	0.0	0.0	
Alder Flycatcher (<em class="sci">Empidonax alnorum</em>)	0.0	0.0	0.0	0.0	0.0	0.0	0.0	0.0	0.0	0.0	0.0	0.0	0.0	0.0	0.0	0.0	0.0	0.0	0.0	0.0	0.0	0.0015	0.0588235	0.0	0.0	0.0	0.0	0.0	0.0	0.0	0.0	0.0	0.0	0.0	0.0	0.0	0.0	0.0	0.0	0.0	0.0	0.0	0.0	0.0	0.0	0.0	0.0	0.0	
Willow Flycatcher (<em class="sci">Empidonax traillii</em>)	0.0	0.0	0.0	0.0	0.0	0.0	0.0	0.0	0.0	0.0	0.0	0.0	0.0	0.0	0.0	0.0	0.0	0.04	0.0	0.2083333	0.0015	0.0625	0.0	0.0	0.0	0.0	0.0	0.0	0.0	0.0	0.0714286	0.1111111	0.0	0.0	0.0	0.0	0.0	0.0	0.0	0.0	0.0	0.0	0.0	0.0	0.0	0.0	0.0	0.0	
Alder/Willow Flycatcher (Traill's Flycatcher) (<em class="sci">Empidonax alnorum/traillii</em>)	0.0	0.0	0.0	0.0	0.0	0.0	0.0	0.0	0.0	0.0	0.0	0.0	0.0	0.0	0.0	0.0	0.0	0.0	0.0	0.0	0.0	0.0	0.0	0.0	0.0	0.0	0.0	0.0	0.1111111	0.0	0.0	0.037037	0.0	0.0	0.0	0.0454545	0.0	0.0	0.0	0.0	0.0	0.0	0.0	0.0	0.0	0.0	0.0	0.0	
Least Flycatcher (<em class="sci">Empidonax minimus</em>)	0.0	0.0	0.0	0.0	0.0	0.0	0.0	0.0	0.0	0.0	0.0	0.0	0.0	0.0	0.0	0.0	0.1176471	0.0015	0.0	0.0	0.0	0.0	0.0	0.0	0.0	0.0	0.0	0.0	0.1111111	0.0	0.0	0.037037	0.0833333	0.1176471	0.05	0.0	0.0	0.0	0.0	0.0	0.0	0.0	0.0	0.0	0.0	0.0	0.0	0.0	
Empidonax sp. (<em class="sci">Empidonax sp.</em>)	0.0	0.0	0.0	0.0	0.0	0.0	0.0	0.0	0.0	0.0	0.0	0.0	0.0	0.0	0.0	0.0	0.0	0.0	0.0384615	0.0	0.0	0.0625	0.0	0.1176471	0.0	0.0	0.0	0.0	0.0	0.0	0.0714286	0.2592593	0.3333333	0.2941176	0.1	0.0454545	0.0	0.0	0.0	0.0	0.0	0.0	0.0	0.0	0.0	0.0	0.0	0.0	
Eastern Phoebe (<em class="sci">Sayornis phoebe</em>)	0.0	0.0	0.0	0.0	0.0	0.0	0.0	0.0	0.0	0.0	0.2631579	0.0625	0.5714286	0.1428571	0.25	0.0	0.1176471	0.04	0.0	0.125	0.0	0.0625	0.2352941	0.1764706	0.0	0.3333333	0.1666667	0.3	0.0	0.0	0.0714286	0.0	0.25	0.0588235	0.15	0.5909091	0.7368421	0.7407407	0.6666667	0.3809524	0.125	0.2105263	0.0	0.0	0.0	0.0	0.1428571	0.0	
Great Crested Flycatcher (<em class="sci">Myiarchus crinitus</em>)	0.0	0.0	0.0	0.0	0.0	0.0	0.0	0.0	0.0	0.0	0.0	0.0	0.0	0.0	0.0	0.0	0.1764706	0.32	0.1538462	0.375	0.3333333	0.3125	0.4705882	0.3529412	0.0	0.5	0.0	0.1	0.1111111	0.0	0.0	0.2592593	0.1666667	0.0588235	0.0	0.0454545	0.0	0.0	0.0	0.0	0.0	0.0	0.0	0.0	0.0	0.0	0.0	0.0	
Eastern Kingbird (<em class="sci">Tyrannus tyrannus</em>)	0.0	0.0	0.0	0.0	0.0	0.0	0.0	0.0	0.0	0.0	0.0	0.0	0.0	0.0	0.0	0.0	0.2352941	0.28	0.3846154	0.2083333	0.047619	0.0	0.1176471	0.1176471	0.2	0.1666667	0.0	0.1	0.7777778	0.8	0.7142857	0.3703704	0.0	0.0	0.05	0.0	0.0	0.0	0.0	0.0	0.0	0.0	0.0	0.0	0.0	0.0	0.0	0.0	
flycatcher sp. (Tyrannidae sp.) (<em class="sci">Tyrannidae sp.</em>)	0.0	0.0	0.0	0.0	0.0	0.0	0.0	0.0	0.0	0.0	0.0	0.0	0.0	0.0	0.0	0.0	0.0588235	0.0	0.0	0.0416667	0.047619	0.0	0.0	0.0588235	0.0	0.0	0.0	0.1	0.1111111	0.0	0.0714286	0.0740741	0.0015	0.0588235	0.1	0.0454545	0.0	0.0	0.0	0.0	0.0	0.0	0.0	0.0	0.0	0.0	0.0	0.0	
White-eyed Vireo (<em class="sci">Vireo griseus</em>)	0.0	0.0	0.0	0.0	0.0	0.0	0.0	0.0	0.0	0.0	0.0	0.0	0.0	0.0	0.0	0.0	0.1176471	0.16	0.2307692	0.0	0.1904762	0.1875	0.0588235	0.0588235	0.0	0.0	0.0	0.0	0.0	0.0	0.0	0.0740741	0.0	0.0	0.0	0.0909091	0.0	0.0	0.0	0.0	0.0	0.0	0.0	0.0	0.0	0.0	0.0	0.0	
Yellow-throated Vireo (<em class="sci">Vireo flavifrons</em>)	0.0	0.0	0.0	0.0	0.0	0.0	0.0	0.0	0.0	0.0	0.0	0.0	0.0	0.0	0.0	0.0	0.0	0.04	0.0	0.0015	0.0015	0.0015	0.2352941	0.0588235	0.0	0.0	0.0	0.0	0.0	0.0	0.0	0.0	0.0833333	0.0	0.0	0.0	0.0	0.0	0.0	0.0	0.0	0.0	0.0	0.0	0.0	0.0	0.0	0.0	
Blue-headed Vireo (<em class="sci">Vireo solitarius</em>)	0.0	0.0	0.0	0.0	0.0	0.0	0.0	0.0	0.0	0.0	0.0	0.0	0.0	0.0	0.0015	0.2380952	0.0588235	0.0	0.0	0.0	0.0	0.0	0.0	0.0	0.0	0.0	0.0	0.0	0.0	0.0	0.0	0.0	0.0	0.0588235	0.0015	0.0909091	0.2631579	0.1851852	0.3666667	0.1428571	0.0	0.0	0.0	0.0	0.0	0.0	0.0	0.0	
Philadelphia Vireo (<em class="sci">Vireo philadelphicus</em>)	0.0	0.0	0.0	0.0	0.0	0.0	0.0	0.0	0.0	0.0	0.0	0.0	0.0	0.0	0.0	0.0	0.0	0.0	0.0	0.0	0.0	0.0	0.0	0.0	0.0	0.0	0.0	0.0	0.0	0.0	0.0	0.0	0.0	0.0588235	0.0	0.0	0.0	0.0	0.0	0.0	0.0	0.0	0.0	0.0	0.0	0.0	0.0	0.0	
Warbling Vireo (<em class="sci">Vireo gilvus</em>)	0.0	0.0	0.0	0.0	0.0	0.0	0.0	0.0	0.0	0.0	0.0	0.0	0.0	0.0	0.0	0.0	0.2352941	0.16	0.2307692	0.375	0.1428571	0.25	0.0588235	0.1764706	0.4	0.1666667	0.0	0.0	0.1111111	0.0	0.0714286	0.1481481	0.1666667	0.1176471	0.05	0.0	0.0526316	0.0	0.0	0.0	0.0	0.0	0.0	0.0	0.0	0.0	0.0	0.0	
Red-eyed Vireo (<em class="sci">Vireo olivaceus</em>)	0.0	0.0	0.0	0.0	0.0	0.0	0.0	0.0	0.0	0.0	0.0	0.0	0.0	0.0	0.0	0.0	0.4117647	0.48	0.5769231	0.6666667	0.7619048	0.6875	0.8823529	0.8235294	0.8	0.6666667	0.5	0.5	0.6666667	0.8	0.7857143	0.5185185	0.5833333	0.5294118	0.4	0.3636364	0.3684211	0.037037	0.0333333	0.0	0.0	0.0	0.0	0.0	0.0	0.0	0.0	0.0	
Blue Jay (<em class="sci">Cyanocitta cristata</em>)	0.8	0.3333333	0.28	0.3235294	0.4	0.1111111	0.1333333	0.0967742	0.1785714	0.125	0.4210526	0.25	0.3333333	0.7142857	0.75	0.7619048	0.7647059	0.84	0.6923077	0.8333333	0.7619048	0.6875	0.7647059	0.8823529	0.8	1.0	0.5	0.6	0.7777778	1.0	0.9285714	0.9259259	0.8333333	0.8235294	0.95	0.7727273	0.9473684	0.8148148	0.8	0.7142857	0.40625	0.5789474	0.5	0.2142857	0.5	0.375	0.4285714	0.2857143	
American Crow (<em class="sci">Corvus brachyrhynchos</em>)	0.8	0.4166667	0.48	0.3823529	0.6333333	0.2962963	0.3555556	0.2580645	0.3214286	0.25	0.5263158	0.625	0.4285714	0.7142857	0.5	0.4761905	0.2941176	0.6	0.2307692	0.625	0.4761905	0.6875	0.8235294	0.5294118	0.6	0.8333333	0.5	0.8	0.6666667	0.6	0.7142857	0.5925926	0.5833333	0.5882353	0.6	0.6363636	0.6315789	0.5555556	0.8	0.6666667	0.65625	0.6315789	0.75	0.5714286	0.2857143	0.875	0.7142857	0.5714286	
Fish Crow (<em class="sci">Corvus ossifragus</em>)	0.0	0.0	0.0	0.0	0.1	0.0	0.0444444	0.0	0.0	0.0	0.1052632	0.15625	0.2380952	0.2857143	0.5	0.1428571	0.0588235	0.12	0.1153846	0.1666667	0.047619	0.125	0.0588235	0.0588235	0.0	0.1666667	0.1666667	0.2	0.1111111	0.0	0.0714286	0.037037	0.0	0.0588235	0.05	0.0454545	0.0526316	0.037037	0.0666667	0.0714286	0.0625	0.1052632	0.25	0.0	0.0714286	0.0	0.0	0.0	
crow sp. (<em class="sci">Corvus sp. (crow sp.)</em>)	0.0	0.0	0.04	0.0	0.0	0.0	0.0	0.0322581	0.0357143	0.0	0.0526316	0.0	0.0	0.0	0.0	0.0	0.0588235	0.0	0.0	0.0416667	0.0952381	0.0	0.0588235	0.0	0.0	0.1666667	0.0	0.0	0.0	0.0	0.0714286	0.0	0.0833333	0.0	0.05	0.0	0.1052632	0.037037	0.0333333	0.0	0.03125	0.0526316	0.0	0.0714286	0.0	0.0	0.0	0.0	
Common Raven (<em class="sci">Corvus corax</em>)	0.0	0.0	0.04	0.0	0.0	0.0	0.0222222	0.0645161	0.0	0.0	0.0	0.0	0.0	0.0	0.0	0.0	0.0	0.0	0.0	0.0	0.047619	0.0	0.0	0.0	0.0	0.0	0.0	0.0	0.0	0.0	0.0714286	0.0	0.0833333	0.0	0.0	0.0	0.0	0.0740741	0.0333333	0.047619	0.03125	0.1578947	0.0	0.0714286	0.0	0.125	0.0	0.0	
Carolina Chickadee (<em class="sci">Poecile carolinensis</em>)	0.6666667	0.8333333	0.72	0.6764706	0.6333333	0.6851852	0.5333333	0.3225806	0.3571429	0.375	0.5263158	0.46875	0.7142857	0.7142857	1.0	0.6190476	0.7647059	0.4	0.3076923	0.4583333	0.2857143	0.625	0.8235294	0.5882353	0.8	1.0	0.3333333	0.9	0.5555556	0.8	0.7857143	0.4444444	0.75	0.6470588	0.55	0.5454545	0.8421053	0.4814815	0.5333333	0.6190476	0.3125	0.6842105	0.5	0.9285714	0.5	0.75	0.7142857	0.4285714	
Black-capped Chickadee (<em class="sci">Poecile atricapillus</em>)	0.0666667	0.0	0.0	0.0	0.0666667	0.037037	0.0	0.0	0.0	0.0416667	0.0	0.0	0.0	0.0	0.0	0.0	0.0	0.0	0.0	0.0	0.0	0.0	0.0	0.0	0.0	0.0	0.0	0.0	0.0	0.0	0.0	0.0	0.0	0.0	0.0	0.0	0.0	0.0	0.0	0.0	0.0	0.0526316	0.0	0.1428571	0.0	0.0	0.0	0.0	
Carolina/Black-capped Chickadee (<em class="sci">Poecile carolinensis/atricapillus</em>)	0.0	0.0	0.08	0.0	0.0	0.0185185	0.0888889	0.0	0.0	0.0416667	0.0	0.0	0.0	0.0	0.0	0.0	0.0	0.0	0.0	0.0	0.0	0.0	0.0	0.0	0.0	0.0	0.0	0.0	0.0	0.0	0.0	0.0	0.0	0.0	0.0	0.0	0.0	0.0	0.0	0.0	0.0	0.0	0.25	0.1428571	0.0	0.0	0.0	0.0	
chickadee sp. (<em class="sci">Poecile sp.</em>)	0.0	0.0	0.0	0.0	0.0	0.0	0.0	0.0	0.0357143	0.0	0.0	0.03125	0.0952381	0.0	0.0	0.0	0.0	0.0	0.0	0.0	0.0	0.0	0.0	0.0	0.0	0.0	0.0	0.0	0.0	0.0	0.0	0.0	0.0	0.0	0.0	0.0	0.0	0.0	0.0	0.0	0.0	0.0	0.0	0.0	0.0	0.0	0.0	0.0	
Tufted Titmouse (<em class="sci">Baeolophus bicolor</em>)	0.3333333	0.3333333	0.44	0.5588235	0.5333333	0.5	0.5777778	0.0967742	0.2857143	0.3333333	0.6315789	0.34375	0.5714286	0.8571429	0.75	0.5238095	0.4705882	0.36	0.3461538	0.5	0.4761905	0.6875	0.6470588	0.8235294	0.4	0.6666667	0.0	0.6	0.6666667	0.4	0.5714286	0.4814815	0.5833333	0.2352941	0.45	0.4545455	0.2631579	0.2962963	0.3333333	0.3095238	0.21875	0.4210526	0.25	0.5714286	0.3571429	0.5	0.5714286	0.2857143	
Northern Rough-winged Swallow (<em class="sci">Stelgidopteryx serripennis</em>)	0.0	0.0	0.0	0.0	0.0	0.0	0.0	0.0	0.0	0.0	0.0	0.0	0.0	0.1428571	0.0	0.047619	0.1764706	0.08	0.0384615	0.0833333	0.0952381	0.0625	0.2941176	0.3529412	0.0	0.0	0.1666667	0.0	0.0	0.0	0.0	0.0740741	0.0	0.0	0.0	0.0	0.0526316	0.0	0.0	0.0	0.0	0.0	0.0	0.0	0.0	0.0	0.0	0.0	
Tree Swallow (<em class="sci">Tachycineta bicolor</em>)	0.0	0.0	0.0	0.0	0.0	0.0	0.0	0.0	0.0	0.0416667	0.2105263	0.1875	0.5714286	0.8571429	0.5	0.9047619	0.8823529	0.84	0.9230769	0.9583333	0.9047619	0.875	0.7058824	0.7647059	0.6	0.5	0.1666667	0.2	0.3333333	0.0	0.1428571	0.037037	0.0	0.0588235	0.0	0.0454545	0.0	0.037037	0.0333333	0.0714286	0.0	0.0526316	0.0	0.0	0.0	0.0	0.0	0.0	
Barn Swallow (<em class="sci">Hirundo rustica</em>)	0.0	0.0	0.0	0.0	0.0	0.0	0.0	0.0	0.0	0.0	0.0	0.0	0.0	0.0	0.0	0.047619	0.1176471	0.16	0.3846154	0.25	0.1428571	0.5625	0.3529412	0.4117647	0.0	0.6666667	0.6666667	0.3	0.2222222	0.2	0.2857143	0.0740741	0.0	0.0	0.0	0.0	0.0	0.0	0.0	0.0	0.0	0.0	0.0	0.0	0.0	0.0	0.0	0.0	
swallow sp. (<em class="sci">Hirundinidae sp.</em>)	0.0	0.0	0.0	0.0	0.0	0.0	0.0	0.0	0.0	0.0	0.0	0.0	0.0	0.0	0.0	0.0	0.0	0.0	0.0	0.0	0.0	0.0	0.0	0.0	0.0	0.1666667	0.0	0.1	0.0	0.0	0.0	0.0	0.0	0.0	0.0	0.0	0.0	0.0	0.0333333	0.0	0.0	0.0	0.0	0.0	0.0	0.0	0.0	0.0	
Golden-crowned Kinglet (<em class="sci">Regulus satrapa</em>)	0.1333333	0.0833333	0.08	0.1764706	0.2	0.0185185	0.0	0.0	0.0	0.0015	0.0526316	0.09375	0.1428571	0.0	0.0	0.0	0.0	0.0	0.0	0.0	0.0	0.0	0.0	0.0	0.0	0.0	0.0	0.0	0.0	0.0	0.0	0.0	0.0	0.0	0.0	0.0	0.1052632	0.1111111	0.3333333	0.452381	0.1875	0.2631579	0.0	0.2142857	0.2857143	0.25	0.4285714	0.0	
Ruby-crowned Kinglet (<em class="sci">Regulus calendula</em>)	0.0	0.0833333	0.0	0.0294118	0.1	0.0	0.0	0.0	0.0	0.0	0.0526316	0.03125	0.1428571	0.1428571	0.25	0.1428571	0.1176471	0.04	0.0	0.0	0.0	0.0	0.0	0.0	0.0	0.0	0.0	0.0	0.0	0.0	0.0	0.0	0.0	0.0	0.0	0.1363636	0.4736842	0.7777778	0.8	0.8571429	0.8125	0.4736842	0.0	0.2142857	0.1428571	0.25	0.2857143	0.0	
Red-breasted Nuthatch (<em class="sci">Sitta canadensis</em>)	0.0	0.0	0.0	0.0294118	0.0	0.0185185	0.0	0.0	0.0	0.0	0.0	0.0	0.0	0.0	0.0	0.0	0.0	0.0	0.0	0.0	0.0	0.0	0.0	0.0	0.0	0.0	0.0	0.0	0.0	0.0	0.0	0.0	0.0	0.0	0.0	0.1363636	0.1052632	0.0	0.0666667	0.0714286	0.0015	0.0526316	0.0	0.0	0.0	0.0	0.1428571	0.0	
White-breasted Nuthatch (<em class="sci">Sitta carolinensis</em>)	0.8666667	0.25	0.8	0.6764706	0.7333333	0.537037	0.4888889	0.2903226	0.2857143	0.2083333	0.6315789	0.28125	0.4761905	0.5714286	0.5	0.3809524	0.4117647	0.36	0.1923077	0.25	0.3333333	0.625	0.8823529	0.7647059	0.8	0.8333333	0.3333333	0.7	0.7777778	0.6	0.6428571	0.5925926	0.5833333	0.5294118	0.45	0.5454545	0.6315789	0.6666667	0.6	0.6428571	0.65625	0.5263158	0.75	0.9285714	0.5714286	0.625	0.8571429	0.2857143	
nuthatch sp. (<em class="sci">Sitta sp.</em>)	0.0	0.0	0.0	0.0015	0.0	0.037037	0.0	0.0	0.0	0.0	0.0	0.0	0.0	0.0	0.0	0.0	0.0	0.0	0.0	0.0	0.0	0.0	0.0	0.0	0.0	0.0	0.0	0.0	0.0	0.0	0.0	0.0	0.0	0.0	0.0	0.0	0.0526316	0.0	0.0	0.0	0.0	0.0	0.0	0.0	0.0	0.0	0.0	0.0	
Brown Creeper (<em class="sci">Certhia americana</em>)	0.0	0.25	0.24	0.0588235	0.0333333	0.0925926	0.0	0.0	0.0	0.0	0.1052632	0.03125	0.047619	0.0	0.0	0.0	0.0	0.0	0.0	0.0	0.0	0.0	0.0	0.0	0.0	0.0	0.0	0.0	0.0	0.0	0.0	0.0	0.0	0.0	0.0	0.0	0.0	0.1111111	0.0333333	0.1428571	0.0625	0.2105263	0.25	0.2142857	0.1428571	0.25	0.5714286	0.0	
Blue-gray Gnatcatcher (<em class="sci">Polioptila caerulea</em>)	0.0	0.0	0.0	0.0	0.0	0.0	0.0	0.0	0.0	0.0	0.0	0.0	0.0952381	0.4285714	0.75	0.8095238	0.4705882	0.6	0.6923077	0.4583333	0.6666667	0.375	0.5882353	0.6470588	0.4	0.8333333	0.5	0.4	0.5555556	0.8	0.5714286	0.6296296	0.4166667	0.1764706	0.05	0.0909091	0.0	0.037037	0.0	0.0	0.0	0.0	0.0	0.0	0.0	0.0	0.0	0.0	
House Wren (<em class="sci">Troglodytes aedon</em>)	0.0	0.0	0.0	0.0	0.0	0.0	0.0	0.0	0.0	0.0	0.0	0.0	0.0	0.4285714	0.25	0.6190476	0.7647059	0.76	0.7692308	0.875	0.9047619	0.9375	1.0	0.9411765	1.0	1.0	0.8333333	1.0	0.7777778	1.0	0.6428571	0.7777778	0.5	0.4705882	0.65	0.5454545	0.2631579	0.3703704	0.1	0.0952381	0.0	0.0	0.0	0.0	0.0714286	0.0	0.0	0.0	
Winter Wren (<em class="sci">Troglodytes hiemalis</em>)	0.0	0.0	0.2	0.0294118	0.0333333	0.0555556	0.0222222	0.0	0.0357143	0.0	0.0	0.0	0.0	0.0	0.0	0.0	0.0	0.0	0.0	0.0	0.0	0.0	0.0	0.0	0.0	0.0	0.0	0.0	0.0	0.0	0.0	0.0	0.0	0.0	0.0	0.0909091	0.0526316	0.037037	0.0666667	0.0952381	0.0625	0.0526316	0.25	0.0	0.2142857	0.375	0.4285714	0.1428571	
Carolina Wren (<em class="sci">Thryothorus ludovicianus</em>)	0.8	0.75	0.92	0.7058824	0.5666667	0.4074074	0.6888889	0.4193548	0.5714286	0.625	0.7368421	0.4375	0.5714286	0.7142857	1.0	0.6190476	0.6470588	0.64	0.6153846	0.6666667	0.6190476	0.875	0.7647059	0.8823529	0.4	1.0	0.6666667	0.8	0.6666667	0.8	0.7142857	0.8888889	0.75	0.8823529	0.85	0.7272727	0.8421053	0.8888889	0.8333333	0.7380952	0.9375	0.7894737	1.0	0.9285714	0.9285714	0.875	1.0	0.8571429	
wren sp. (<em class="sci">Troglodytidae sp.</em>)	0.0	0.0	0.0	0.0	0.0	0.0	0.0	0.0	0.0	0.0	0.0	0.0	0.0	0.0	0.0	0.0	0.0	0.0	0.0	0.0	0.0	0.0	0.0	0.0	0.0	0.0	0.0	0.0	0.0	0.0	0.0714286	0.0	0.0	0.0	0.0	0.0	0.0526316	0.0	0.0333333	0.0	0.0	0.0	0.0	0.0	0.0	0.0	0.0	0.0	
European Starling (<em class="sci">Sturnus vulgaris</em>)	0.4	0.1666667	0.2	0.1764706	0.2333333	0.1851852	0.2	0.1612903	0.25	0.125	0.3684211	0.28125	0.2857143	0.2857143	0.25	0.2380952	0.4117647	0.24	0.3846154	0.4166667	0.4285714	0.5	0.4117647	0.4117647	0.6	0.1666667	0.3333333	0.4	0.0	0.0	0.3571429	0.3703704	0.25	0.5294118	0.55	0.5	0.4736842	0.4444444	0.3666667	0.5952381	0.65625	0.5263158	0.5	0.2857143	0.2142857	0.625	0.5714286	0.2857143	
Gray Catbird (<em class="sci">Dumetella carolinensis</em>)	0.0666667	0.0833333	0.0	0.0	0.0	0.0	0.0	0.0	0.0	0.0	0.0	0.0	0.0015	0.0	0.0	0.4285714	0.7647059	0.88	0.8846154	0.9583333	0.9047619	1.0	1.0	1.0	1.0	1.0	1.0	1.0	1.0	1.0	0.8571429	1.0	0.9166667	1.0	1.0	0.9545455	0.8947368	0.8148148	0.5333333	0.1904762	0.0625	0.0	0.0	0.0	0.0714286	0.0	0.2857143	0.0	
Brown Thrasher (<em class="sci">Toxostoma rufum</em>)	0.0666667	0.0	0.0	0.0	0.0	0.0	0.0	0.0	0.0	0.0	0.0	0.0	0.0	0.0	0.25	0.2857143	0.0588235	0.08	0.1923077	0.0416667	0.0	0.0	0.0	0.1176471	0.0	0.0	0.0	0.1	0.0	0.0	0.0	0.0	0.0	0.1176471	0.15	0.1363636	0.1578947	0.037037	0.0	0.0	0.0	0.0	0.0	0.0	0.0	0.0	0.0	0.0	
Northern Mockingbird (<em class="sci">Mimus polyglottos</em>)	0.4666667	0.3333333	0.36	0.2941176	0.4	0.2407407	0.4222222	0.3548387	0.3571429	0.2083333	0.3157895	0.28125	0.6190476	0.8571429	0.5	0.4285714	0.5882353	0.6	0.6923077	0.8333333	0.7619048	0.6875	0.7058824	0.5882353	0.8	0.6666667	0.1666667	0.3	0.4444444	0.2	0.3571429	0.1851852	0.1666667	0.0	0.35	0.2272727	0.3684211	0.3333333	0.3666667	0.5714286	0.65625	0.4736842	0.25	0.3571429	0.3571429	0.75	0.7142857	0.4285714	
Eastern Bluebird (<em class="sci">Sialia sialis</em>)	0.1333333	0.3333333	0.4	0.1764706	0.1	0.1296296	0.1111111	0.0322581	0.1428571	0.125	0.4736842	0.5	0.6666667	0.8571429	0.5	0.4761905	0.2352941	0.56	0.5769231	0.5833333	0.5714286	0.25	0.4117647	0.3529412	0.2	0.3333333	0.0	0.1	0.1111111	0.0	0.1428571	0.037037	0.0833333	0.0588235	0.1	0.1818182	0.2105263	0.1111111	0.0666667	0.1190476	0.0625	0.4210526	0.25	0.1428571	0.1428571	0.375	0.1428571	0.2857143	
Veery (<em class="sci">Catharus fuscescens</em>)	0.0	0.0	0.0	0.0	0.0	0.0	0.0	0.0	0.0	0.0	0.0	0.0	0.0	0.0	0.0	0.047619	0.1764706	0.36	0.2307692	0.0833333	0.2380952	0.25	0.3529412	0.4117647	0.2	0.0	0.0	0.0	0.0	0.0	0.0	0.037037	0.0	0.2941176	0.0	0.0454545	0.0	0.0	0.0	0.0	0.0	0.0	0.0	0.0	0.0	0.0	0.0	0.0	
Swainson's Thrush (<em class="sci">Catharus ustulatus</em>)	0.0	0.0	0.0	0.0	0.0	0.0	0.0	0.0	0.0	0.0	0.0	0.0	0.0	0.0	0.0	0.0	0.0588235	0.08	0.1153846	0.0	0.0	0.0	0.0	0.0	0.0	0.0	0.0	0.0	0.0	0.0	0.0	0.0	0.0	0.0	0.0	0.0454545	0.1052632	0.0740741	0.0	0.0	0.0	0.0	0.0	0.0	0.0	0.0	0.0	0.0	
Hermit Thrush (<em class="sci">Catharus guttatus</em>)	0.0	0.0	0.08	0.0294118	0.0	0.1111111	0.0444444	0.0	0.0	0.0	0.0	0.0	0.1428571	0.0	0.0	0.0952381	0.0	0.0	0.0	0.0	0.0	0.0	0.0	0.0	0.0	0.0	0.0	0.0	0.0	0.0	0.0	0.0	0.0	0.0	0.0	0.0	0.0526316	0.0	0.2333333	0.3809524	0.09375	0.1052632	0.0	0.0	0.0714286	0.25	0.1428571	0.0	
Wood Thrush (<em class="sci">Hylocichla mustelina</em>)	0.0	0.0	0.0	0.0	0.0	0.0	0.0	0.0	0.0	0.0	0.0	0.0	0.0	0.0	0.0	0.0952381	0.4117647	0.64	0.3846154	0.4583333	0.3333333	0.4375	0.5882353	0.5882353	0.6	0.3333333	0.1666667	0.2	0.2222222	0.0	0.0714286	0.1481481	0.0833333	0.0	0.0	0.0015	0.0526316	0.0	0.0	0.0	0.0	0.0	0.0	0.0	0.0	0.0	0.0	0.0	
American Robin (<em class="sci">Turdus migratorius</em>)	0.9333333	0.75	0.96	0.7647059	0.6666667	0.6111111	0.6444444	0.5483871	0.7142857	0.75	1.0	0.90625	0.9047619	0.8571429	0.75	0.8571429	0.8823529	0.76	0.8076923	0.9583333	0.952381	1.0	1.0	1.0	1.0	1.0	1.0	1.0	1.0	1.0	0.9285714	0.962963	0.8333333	1.0	0.95	0.9090909	0.8421053	0.9259259	0.9333333	0.952381	0.96875	0.8947368	1.0	0.8571429	1.0	1.0	0.8571429	0.7142857	
thrush sp. (<em class="sci">Turdidae sp.</em>)	0.0	0.0	0.0	0.0	0.0	0.0	0.0	0.0	0.0	0.0	0.0	0.0	0.0	0.1428571	0.0	0.0	0.0	0.0	0.0	0.0	0.0	0.0	0.0	0.0	0.0	0.0	0.0	0.0	0.0	0.0	0.0	0.037037	0.0833333	0.0	0.0	0.0	0.0526316	0.0	0.0333333	0.0238095	0.0	0.0	0.0	0.0	0.0	0.0	0.0	0.0	
Cedar Waxwing (<em class="sci">Bombycilla cedrorum</em>)	0.0	0.0	0.0	0.0	0.0	0.0185185	0.0	0.0	0.0	0.0	0.0	0.0	0.0	0.1428571	0.0	0.0	0.0	0.4	0.6538462	0.6666667	0.6666667	0.6875	0.8235294	0.6470588	0.8	1.0	0.3333333	0.2	0.3333333	0.4	0.4285714	0.6666667	0.0833333	0.2352941	0.2	0.0909091	0.2105263	0.037037	0.0333333	0.1666667	0.28125	0.2105263	0.75	0.2857143	0.2142857	0.0	0.0	0.0	
House Sparrow (<em class="sci">Passer domesticus</em>)	0.2666667	0.25	0.52	0.2941176	0.3333333	0.462963	0.5111111	0.1935484	0.3571429	0.2083333	0.4736842	0.1875	0.7619048	0.2857143	0.0	0.2380952	0.2352941	0.28	0.3846154	0.375	0.6190476	0.6875	0.7647059	0.5294118	0.6	1.0	0.5	0.7	0.4444444	0.4	0.2857143	0.1481481	0.0	0.2941176	0.15	0.3636364	0.3157895	0.3333333	0.3333333	0.3095238	0.40625	0.3157895	0.25	0.2857143	0.2857143	0.25	0.7142857	0.4285714	
Evening Grosbeak (<em class="sci">Coccothraustes vespertinus</em>)	0.0	0.0	0.0	0.0	0.0	0.0	0.0	0.0	0.0	0.0	0.0	0.0	0.0	0.0	0.0	0.0	0.0	0.0	0.0	0.0	0.0	0.0	0.0	0.0	0.0	0.0	0.0	0.0	0.0	0.0	0.0	0.0	0.0	0.0	0.0	0.0	0.0	0.0	0.0	0.0238095	0.03125	0.0	0.0	0.0	0.0	0.0	0.0	0.0	
House Finch (<em class="sci">Haemorhous mexicanus</em>)	0.5333333	0.4166667	0.28	0.3529412	0.1666667	0.5185185	0.5555556	0.2903226	0.2857143	0.2083333	0.1578947	0.25	0.2857143	0.2857143	0.0	0.1904762	0.2352941	0.32	0.2692308	0.3333333	0.3333333	0.6875	0.6470588	0.7647059	0.8	0.3333333	0.3333333	0.7	0.5555556	0.6	0.5714286	0.2592593	0.25	0.2941176	0.35	0.1818182	0.3684211	0.4444444	0.3666667	0.4285714	0.40625	0.4210526	0.25	0.5	0.4285714	0.625	0.8571429	0.8571429	
Purple Finch (<em class="sci">Haemorhous purpureus</em>)	0.0	0.0	0.04	0.0	0.0	0.0	0.0	0.0	0.0	0.0	0.0	0.0	0.0	0.0	0.0	0.0	0.0	0.0	0.0	0.0	0.0	0.0	0.0	0.0	0.0	0.0	0.0	0.0	0.0	0.0	0.0	0.0	0.0	0.0	0.0	0.0	0.1578947	0.2222222	0.2	0.2380952	0.375	0.0	0.0	0.0714286	0.1428571	0.0	0.0	0.0	
House/Purple Finch (<em class="sci">Haemorhous mexicanus/purpureus</em>)	0.0	0.0	0.0	0.0	0.0	0.0	0.0	0.0	0.0	0.0	0.0	0.0	0.0	0.0	0.0	0.0	0.0	0.0	0.0	0.0	0.0	0.0	0.0	0.0	0.0	0.0	0.0	0.0	0.0	0.0	0.0	0.0	0.0	0.0	0.0	0.0	0.0	0.0	0.0	0.0	0.0	0.0	0.0	0.0714286	0.0	0.0	0.0	0.0	
Common Redpoll (<em class="sci">Acanthis flammea</em>)	0.0	0.0	0.08	0.2058824	0.6666667	0.7407407	0.4222222	0.1612903	0.0	0.0	0.0	0.0	0.0	0.0	0.0	0.0	0.0	0.0	0.0	0.0	0.0	0.0	0.0	0.0	0.0	0.0	0.0	0.0	0.0	0.0	0.0	0.0	0.0	0.0	0.0	0.0	0.0	0.0	0.0	0.0	0.0	0.0	0.0	0.0	0.0	0.0	0.0	0.0	
White-winged Crossbill (<em class="sci">Loxia leucoptera</em>)	0.0	0.0	0.04	0.0	0.0	0.0	0.0	0.0	0.0	0.0	0.0	0.0	0.0	0.0	0.0	0.0	0.0	0.0	0.0	0.0	0.0	0.0	0.0	0.0	0.0	0.0	0.0	0.0	0.0	0.0	0.0	0.0	0.0	0.0	0.0	0.0	0.0	0.0	0.0	0.0	0.0	0.0	0.0	0.0	0.0	0.0	0.0	0.0	
Pine Siskin (<em class="sci">Spinus pinus</em>)	0.0	0.0	0.0	0.0	0.0	0.0	0.0	0.0	0.0	0.0	0.0	0.0	0.0	0.0	0.0	0.0	0.0	0.0	0.0	0.0	0.0	0.0	0.0	0.0	0.0	0.0	0.0	0.0	0.0	0.0	0.0	0.0	0.0	0.0	0.0	0.0	0.0	0.1481481	0.0333333	0.2142857	0.59375	0.2105263	0.0	0.0	0.0	0.0	0.0	0.0	
American Goldfinch (<em class="sci">Spinus tristis</em>)	0.4666667	0.3333333	0.44	0.4411765	0.2666667	0.2777778	0.1777778	0.0967742	0.0714286	0.0416667	0.1578947	0.25	0.4285714	0.8571429	0.5	0.7619048	0.6470588	0.72	0.8076923	0.7083333	0.9047619	0.8125	1.0	1.0	1.0	1.0	1.0	1.0	0.8888889	1.0	1.0	1.0	0.9166667	0.8823529	0.85	0.7272727	0.8421053	0.8148148	0.8	0.9285714	0.84375	0.7894737	0.5	0.8571429	0.7857143	0.875	0.7142857	0.8571429	
finch sp. (<em class="sci">Fringillidae sp.</em>)	0.0	0.0	0.0	0.0	0.0	0.0	0.0	0.0	0.0	0.0	0.0	0.0	0.0	0.0	0.0	0.0	0.0	0.0	0.0	0.0	0.0	0.0	0.0	0.0	0.0	0.0	0.0	0.0	0.0	0.0	0.0	0.0	0.0	0.0	0.0	0.0	0.0	0.0	0.0666667	0.0	0.03125	0.0	0.0	0.0	0.0	0.0	0.0	0.0	
Chipping Sparrow (<em class="sci">Spizella passerina</em>)	0.0666667	0.1666667	0.16	0.1176471	0.0333333	0.0185185	0.0444444	0.0	0.0357143	0.0	0.1052632	0.15625	0.3333333	0.5714286	0.5	0.5238095	0.3529412	0.24	0.2692308	0.625	0.4285714	0.4375	0.4705882	0.4705882	0.2	0.0	0.3333333	0.2	0.3333333	0.0	0.1428571	0.1851852	0.1666667	0.1764706	0.2	0.2272727	0.5263158	0.6296296	0.7	0.7857143	0.59375	0.4210526	0.25	0.1428571	0.3571429	0.375	0.2857143	0.0	
Field Sparrow (<em class="sci">Spizella pusilla</em>)	0.3333333	0.5	0.48	0.3235294	0.2333333	0.3703704	0.3333333	0.1612903	0.3571429	0.2083333	0.3684211	0.40625	0.4761905	0.8571429	0.75	0.7619048	0.5882353	0.6	0.7307692	0.7916667	0.8095238	0.9375	0.8235294	0.8235294	0.8	1.0	1.0	0.7	1.0	1.0	0.7857143	0.4444444	0.1666667	0.4117647	0.2	0.1363636	0.2105263	0.3703704	0.5666667	0.7857143	0.5625	0.4736842	0.25	0.7142857	0.6428571	0.5	0.8571429	0.4285714	
Spizella sp. (<em class="sci">Spizella sp.</em>)	0.0	0.0	0.04	0.0	0.0	0.0	0.0	0.0	0.0	0.0	0.0	0.0	0.0	0.0	0.0	0.0	0.0	0.0	0.0	0.0	0.0	0.0	0.0	0.0	0.0	0.0	0.0	0.0	0.0	0.0	0.0	0.0	0.0	0.0	0.0	0.0	0.0	0.0	0.0	0.0	0.0	0.0	0.0	0.0	0.0	0.0	0.0	0.0	
American Tree Sparrow (<em class="sci">Spizelloides arborea</em>)	0.0	0.0833333	0.0	0.0588235	0.0	0.037037	0.0666667	0.0322581	0.0714286	0.0416667	0.0526316	0.03125	0.0	0.0	0.0	0.0	0.0	0.0	0.0	0.0	0.0	0.0	0.0	0.0	0.0	0.0	0.0	0.0	0.0	0.0	0.0	0.0	0.0	0.0	0.0	0.0	0.0	0.0	0.0	0.0	0.0	0.1052632	0.0015	0.0	0.1428571	0.0	0.1428571	0.0	
Fox Sparrow (<em class="sci">Passerella iliaca</em>)	0.1333333	0.0	0.0	0.0294118	0.0333333	0.0	0.0444444	0.0	0.0714286	0.1666667	0.1578947	0.09375	0.0	0.1428571	0.0	0.0	0.0	0.0	0.0	0.0	0.0	0.0	0.0	0.0	0.0	0.0	0.0	0.0	0.0	0.0	0.0	0.0	0.0	0.0	0.0	0.0	0.0	0.0	0.0333333	0.0714286	0.28125	0.3157895	0.5	0.4285714	0.0714286	0.25	0.2857143	0.2857143	
Dark-eyed Junco (<em class="sci">Junco hyemalis</em>)	0.6666667	0.75	0.68	0.5588235	0.5666667	0.6296296	0.6444444	0.4193548	0.4285714	0.2916667	0.6842105	0.4375	0.0952381	0.1428571	0.0	0.0	0.0	0.0	0.0	0.0	0.0	0.0	0.0	0.0	0.0	0.0	0.0	0.0	0.0	0.0	0.0	0.0	0.0	0.0	0.0	0.0	0.1052632	0.4444444	0.3	0.547619	0.71875	0.9473684	0.75	0.9285714	0.9285714	0.875	0.8571429	0.7142857	
White-crowned Sparrow (<em class="sci">Zonotrichia leucophrys</em>)	0.0	0.0	0.0	0.0	0.0	0.0	0.0	0.0	0.0	0.0	0.0	0.0	0.0	0.0	0.0	0.0	0.0	0.0	0.0	0.0	0.0	0.0	0.0	0.0	0.0	0.0	0.0	0.0	0.0	0.0	0.0	0.0	0.0	0.0	0.0	0.0	0.1052632	0.1111111	0.1333333	0.2142857	0.1875	0.0	0.0	0.0	0.0	0.0	0.0	0.0	
White-throated Sparrow (<em class="sci">Zonotrichia albicollis</em>)	1.0	1.0	0.84	0.8529412	0.7333333	0.5925926	0.8222222	0.6451613	0.7142857	0.7083333	0.7894737	0.53125	0.8095238	0.7142857	0.75	0.7619048	0.4705882	0.08	0.0384615	0.0	0.0	0.0	0.0	0.0	0.0	0.0	0.0	0.0	0.0	0.0	0.0	0.0	0.0	0.0	0.05	0.1818182	0.6315789	0.962963	0.9333333	0.952381	0.96875	0.9473684	1.0	1.0	1.0	1.0	0.8571429	0.8571429	
Vesper Sparrow (<em class="sci">Pooecetes gramineus</em>)	0.0	0.0	0.0	0.0	0.0	0.0	0.0	0.0	0.0	0.0	0.0	0.0	0.0	0.0	0.0	0.0	0.0	0.0	0.0	0.0	0.0	0.0	0.0	0.0	0.0	0.0	0.0	0.0	0.0	0.0	0.0	0.0	0.0	0.0	0.0	0.0	0.0	0.0	0.0	0.0238095	0.0	0.0	0.0	0.0	0.0	0.0	0.0	0.0	
Savannah Sparrow (<em class="sci">Passerculus sandwichensis</em>)	0.0	0.0	0.0	0.0015	0.0	0.0	0.0	0.0	0.0	0.0	0.0	0.0	0.0	0.0	0.0	0.047619	0.0	0.04	0.0	0.0	0.0	0.0	0.0	0.0	0.0	0.0	0.0	0.0	0.0	0.0	0.0	0.0	0.0	0.0	0.05	0.0454545	0.0526316	0.037037	0.1666667	0.1428571	0.0	0.0	0.0	0.0	0.0	0.0	0.0	0.0	
Song Sparrow (<em class="sci">Melospiza melodia</em>)	1.0	0.75	0.68	0.8529412	0.7333333	0.3888889	0.7111111	0.7096774	0.8928571	0.8333333	0.8421053	0.75	0.8571429	0.7142857	0.75	0.7619048	0.6470588	0.76	0.7692308	0.875	0.7142857	0.9375	0.8235294	0.8823529	1.0	1.0	1.0	0.8	0.7777778	0.8	0.5714286	0.8148148	0.75	0.7058824	0.9	0.7727273	0.8947368	1.0	0.9666667	0.9285714	0.9375	1.0	1.0	1.0	1.0	1.0	1.0	0.8571429	
Lincoln's Sparrow (<em class="sci">Melospiza lincolnii</em>)	0.0	0.0	0.0	0.0	0.0	0.0	0.0	0.0	0.0	0.0	0.0	0.0	0.0	0.0	0.0	0.0	0.0	0.0	0.0	0.0	0.0	0.0	0.0	0.0	0.0	0.0	0.0	0.0	0.0	0.0	0.0	0.0	0.0	0.0	0.05	0.0015	0.1578947	0.2222222	0.2333333	0.047619	0.0	0.0	0.0	0.0	0.0	0.0	0.0	0.0	
Swamp Sparrow (<em class="sci">Melospiza georgiana</em>)	0.0	0.0	0.0	0.1176471	0.0666667	0.037037	0.0222222	0.0	0.0357143	0.0	0.0526316	0.0625	0.047619	0.0	0.0	0.047619	0.0	0.0	0.0	0.0416667	0.0	0.0	0.0	0.0	0.0	0.0	0.0	0.0	0.0	0.0	0.0	0.0	0.0	0.0	0.0	0.1363636	0.4736842	0.3703704	0.5333333	0.5714286	0.375	0.2631579	0.25	0.0714286	0.1428571	0.125	0.0	0.0	
Eastern Towhee (<em class="sci">Pipilo erythrophthalmus</em>)	0.4	0.0	0.08	0.0294118	0.0333333	0.0185185	0.1111111	0.0645161	0.1785714	0.125	0.3684211	0.03125	0.4285714	0.7142857	0.75	0.7142857	0.7058824	0.64	0.6923077	0.6666667	0.7142857	0.8125	0.6470588	0.8235294	1.0	0.6666667	1.0	0.6	0.7777778	1.0	0.4285714	0.5185185	0.4166667	0.7647059	0.55	0.6818182	0.8421053	0.8888889	0.8	0.6666667	0.4375	0.2105263	0.0	0.2857143	0.1428571	0.25	0.0	0.2857143	
sparrow sp. (<em class="sci">Passerellidae sp. (sparrow sp.)</em>)	0.0666667	0.0	0.0	0.1470588	0.0	0.037037	0.0666667	0.0	0.0357143	0.0416667	0.0	0.03125	0.0	0.0	0.0	0.0	0.0	0.0	0.0	0.0	0.0	0.0	0.0	0.0	0.0	0.0	0.0	0.0	0.0	0.0	0.2857143	0.0	0.0833333	0.0	0.0	0.1363636	0.0	0.1481481	0.0666667	0.047619	0.03125	0.0526316	0.0	0.0	0.1428571	0.125	0.2857143	0.2857143	
Yellow-breasted Chat (<em class="sci">Icteria virens</em>)	0.0	0.0	0.0	0.0	0.0	0.0	0.0	0.0	0.0	0.0	0.0	0.0	0.0	0.0	0.0	0.0	0.0	0.0015	0.0	0.0833333	0.047619	0.0625	0.0	0.0	0.0	0.0	0.0	0.0	0.0	0.0	0.0	0.0	0.0	0.0	0.0	0.0	0.0	0.0	0.0	0.0	0.0	0.0	0.0	0.0	0.0714286	0.0	0.0	0.0	
Bobolink (<em class="sci">Dolichonyx oryzivorus</em>)	0.0	0.0	0.0	0.0	0.0	0.0	0.0	0.0	0.0	0.0	0.0	0.0	0.0	0.0	0.0	0.0	0.0	0.0	0.0	0.0	0.0	0.0	0.0	0.0	0.0	0.0	0.0	0.0	0.0	0.0	0.0	0.0	0.0	0.0	0.05	0.0	0.1052632	0.0	0.0	0.0	0.0	0.0	0.0	0.0	0.0	0.0	0.0	0.0	
Orchard Oriole (<em class="sci">Icterus spurius</em>)	0.0	0.0	0.0	0.0	0.0	0.0	0.0	0.0	0.0	0.0	0.0	0.0	0.0	0.0	0.25	0.0952381	0.0588235	0.36	0.4615385	0.4166667	0.3809524	0.4375	0.5882353	0.5294118	0.4	0.5	0.3333333	0.2	0.1111111	0.2	0.0714286	0.037037	0.0	0.0	0.0	0.0	0.0	0.0	0.0	0.0	0.0	0.0	0.0	0.0	0.0	0.0	0.0	0.0	
Baltimore Oriole (<em class="sci">Icterus galbula</em>)	0.0	0.0	0.0	0.0	0.0	0.0	0.0	0.0	0.0	0.0	0.0	0.0	0.0	0.0	0.0	0.047619	0.7058824	0.72	0.9615385	0.9583333	0.8095238	0.6875	0.9411765	0.6470588	0.4	0.6666667	0.5	0.4	0.5555556	1.0	0.3571429	0.3333333	0.0833333	0.0	0.0	0.0454545	0.0	0.0	0.0	0.0	0.0	0.0	0.0	0.0	0.0	0.0	0.0	0.0	
Red-winged Blackbird (<em class="sci">Agelaius phoeniceus</em>)	0.1333333	0.0833333	0.36	0.1470588	0.2	0.3333333	0.3555556	0.2580645	0.5357143	0.5833333	0.5789474	0.625	0.5714286	0.7142857	0.75	0.5714286	0.6470588	0.72	0.5	0.5416667	0.4285714	0.5625	0.5882353	0.7058824	0.6	0.1666667	0.0	0.2	0.0	0.0	0.0714286	0.0	0.0	0.0	0.0	0.0909091	0.3684211	0.1111111	0.2333333	0.3809524	0.34375	0.2105263	0.25	0.1428571	0.2142857	0.625	0.2857143	0.2857143	
Brown-headed Cowbird (<em class="sci">Molothrus ater</em>)	0.0	0.0	0.0	0.0	0.0	0.037037	0.0222222	0.0	0.0714286	0.0416667	0.3157895	0.3125	0.4761905	0.8571429	0.5	0.6190476	0.4705882	0.52	0.5384615	0.5416667	0.4285714	0.5	0.7058824	0.8235294	0.4	0.6666667	0.1666667	0.2	0.3333333	0.2	0.1428571	0.037037	0.0	0.0588235	0.0	0.0454545	0.1052632	0.0	0.0666667	0.047619	0.0	0.0	0.0	0.0	0.0	0.0	0.1428571	0.0	
Rusty Blackbird (<em class="sci">Euphagus carolinus</em>)	0.0	0.0	0.0	0.0	0.0	0.0	0.0	0.0	0.0357143	0.0	0.0526316	0.0	0.0	0.0	0.0	0.0	0.0	0.0	0.0	0.0	0.0	0.0	0.0	0.0	0.0	0.0	0.0	0.0	0.0	0.0	0.0	0.0	0.0	0.0	0.0	0.0	0.0	0.0	0.0	0.0238095	0.0	0.0526316	0.0	0.0	0.0	0.0	0.0	0.0	
Common Grackle (<em class="sci">Quiscalus quiscula</em>)	0.0	0.0	0.0	0.0294118	0.0333333	0.0185185	0.0666667	0.3548387	0.2857143	0.25	0.3684211	0.15625	0.2380952	0.5714286	0.5	0.2857143	0.4705882	0.48	0.5384615	0.5833333	0.5238095	0.375	0.7647059	0.4705882	0.2	0.1666667	0.0	0.2	0.1111111	0.2	0.2857143	0.1851852	0.25	0.1764706	0.2	0.1363636	0.1578947	0.1851852	0.1666667	0.2619048	0.375	0.1052632	0.0	0.2142857	0.0	0.25	0.0	0.1428571	
blackbird sp. (<em class="sci">Icteridae sp.</em>)	0.0	0.0	0.04	0.0	0.0	0.0	0.0	0.0	0.1071429	0.125	0.1052632	0.0	0.047619	0.0	0.0	0.0	0.0	0.0	0.0	0.0	0.0	0.0	0.0	0.0	0.0	0.0	0.0	0.0	0.0	0.0	0.0	0.037037	0.0	0.0	0.05	0.0	0.1052632	0.0	0.0	0.047619	0.03125	0.0	0.0	0.0	0.0	0.0	0.0	0.1428571	
Ovenbird (<em class="sci">Seiurus aurocapilla</em>)	0.0	0.0	0.0	0.0	0.0	0.0	0.0	0.0	0.0	0.0	0.0	0.0	0.0	0.0	0.0	0.0952381	0.2941176	0.36	0.3461538	0.125	0.3333333	0.3125	0.2941176	0.4117647	0.2	0.0	0.0	0.0	0.0	0.0	0.0714286	0.0	0.0	0.1764706	0.0	0.2272727	0.0	0.0	0.0	0.0	0.0	0.0	0.0	0.0	0.0	0.0	0.0	0.0	
Worm-eating Warbler (<em class="sci">Helmitheros vermivorum</em>)	0.0	0.0	0.0	0.0	0.0	0.0	0.0	0.0	0.0	0.0	0.0	0.0	0.0	0.0	0.0	0.0	0.0588235	0.0	0.0	0.0	0.0	0.0	0.0	0.0	0.0	0.0	0.0	0.0	0.0	0.0	0.0	0.0	0.0	0.0	0.0	0.0	0.0	0.0	0.0	0.0	0.0	0.0	0.0	0.0	0.0	0.0	0.0	0.0	
Louisiana Waterthrush (<em class="sci">Parkesia motacilla</em>)	0.0	0.0	0.0	0.0	0.0	0.0	0.0	0.0	0.0	0.0	0.0	0.0	0.0	0.0	0.0	0.0	0.0588235	0.0	0.0	0.0	0.0	0.0	0.0	0.0	0.0	0.0	0.0	0.0	0.0	0.0	0.0	0.0	0.0	0.0	0.0	0.0	0.0	0.0	0.0	0.0	0.0	0.0	0.0	0.0	0.0	0.0	0.0	0.0	
Northern Waterthrush (<em class="sci">Parkesia noveboracensis</em>)	0.0	0.0	0.0	0.0	0.0	0.0	0.0	0.0	0.0	0.0	0.0	0.0	0.0	0.0	0.0	0.0	0.0	0.04	0.0015	0.0	0.0	0.0	0.0	0.0	0.0	0.0	0.0	0.0	0.0	0.0	0.0	0.037037	0.0833333	0.0588235	0.05	0.0454545	0.0	0.037037	0.0	0.0	0.0	0.0	0.0	0.0	0.0	0.0	0.0	0.0	
Blue-winged Warbler (<em class="sci">Vermivora cyanoptera</em>)	0.0	0.0	0.0	0.0	0.0	0.0	0.0	0.0	0.0	0.0	0.0	0.0	0.0	0.0	0.25	0.047619	0.1764706	0.0	0.0384615	0.0416667	0.0952381	0.0	0.0	0.0	0.0	0.0	0.0	0.0	0.0	0.0	0.1428571	0.037037	0.0833333	0.1176471	0.0	0.0	0.0	0.0	0.0	0.0	0.0	0.0	0.0	0.0	0.0	0.0	0.0	0.0	
Black-and-white Warbler (<em class="sci">Mniotilta varia</em>)	0.0	0.0	0.0	0.0	0.0	0.0	0.0	0.0	0.0	0.0	0.0	0.0	0.0	0.0	0.0	0.1904762	0.3529412	0.48	0.1153846	0.0	0.0	0.0	0.0	0.0	0.0	0.0	0.0	0.0	0.0	0.0	0.1428571	0.1851852	0.4166667	0.4705882	0.35	0.1818182	0.2105263	0.0	0.0333333	0.0	0.0	0.0	0.0	0.0	0.0	0.0	0.0	0.0	
Tennessee Warbler (<em class="sci">Leiothlypis peregrina</em>)	0.0	0.0	0.0	0.0	0.0	0.0	0.0	0.0	0.0	0.0	0.0	0.0	0.0	0.0	0.0	0.0	0.0	0.0	0.1923077	0.0	0.0	0.0	0.0	0.0	0.0	0.0	0.0	0.0	0.0	0.0	0.0	0.0	0.0833333	0.0	0.0	0.0909091	0.3684211	0.1481481	0.1	0.047619	0.09375	0.0	0.0	0.0	0.0	0.0	0.0	0.0	
Orange-crowned Warbler (<em class="sci">Leiothlypis celata</em>)	0.0	0.0	0.0	0.0	0.0	0.0	0.0	0.0	0.0	0.0	0.0	0.0	0.0	0.0	0.0	0.0	0.0	0.0	0.0	0.0	0.0	0.0	0.0	0.0	0.0	0.0	0.0	0.0	0.0	0.0	0.0	0.0	0.0	0.0	0.0	0.0	0.0	0.037037	0.0	0.0	0.125	0.0	0.0	0.0	0.0	0.0	0.1428571	0.0	
Nashville Warbler (<em class="sci">Leiothlypis ruficapilla</em>)	0.0	0.0	0.0	0.0	0.0	0.0	0.0	0.0	0.0	0.0	0.0	0.0	0.0	0.0	0.0	0.0	0.0015	0.12	0.0769231	0.0	0.0	0.0	0.0	0.0	0.0	0.0	0.0	0.0	0.0	0.0	0.0	0.0	0.0	0.0	0.0	0.2272727	0.1578947	0.1481481	0.1333333	0.0238095	0.0	0.0	0.0	0.0	0.0	0.0	0.0	0.0	
Kentucky Warbler (<em class="sci">Geothlypis formosa</em>)	0.0	0.0	0.0	0.0	0.0	0.0	0.0	0.0	0.0	0.0	0.0	0.0	0.0	0.0	0.0	0.0	0.0	0.0	0.0	0.0	0.047619	0.0	0.0588235	0.0	0.0	0.0	0.0	0.0	0.0	0.0	0.0	0.0	0.0	0.0	0.0	0.0	0.0	0.0	0.0	0.0	0.0	0.0	0.0	0.0	0.0	0.0	0.0	0.0	
Common Yellowthroat (<em class="sci">Geothlypis trichas</em>)	0.0	0.0	0.0	0.0	0.0	0.0	0.0	0.0	0.0	0.0	0.0	0.0	0.0	0.0	0.25	0.4761905	0.7647059	0.84	0.9615385	0.8333333	0.8095238	1.0	1.0	0.8823529	1.0	1.0	1.0	0.8	0.7777778	1.0	0.7857143	0.7037037	0.75	0.8235294	0.8	0.8181818	0.6842105	0.5555556	0.2333333	0.1666667	0.0	0.0526316	0.0	0.0	0.0	0.0	0.0	0.0	
Hooded Warbler (<em class="sci">Setophaga citrina</em>)	0.0	0.0	0.0	0.0	0.0	0.0	0.0	0.0	0.0	0.0	0.0	0.0	0.0	0.0	0.0	0.0	0.0	0.0	0.0	0.0	0.047619	0.0	0.0	0.0	0.0	0.0	0.0	0.0	0.0	0.0	0.0	0.0	0.0	0.0	0.0	0.0	0.0	0.0	0.0	0.0	0.0	0.0	0.0	0.0	0.0	0.0	0.0	0.0	
American Redstart (<em class="sci">Setophaga ruticilla</em>)	0.0	0.0	0.0	0.0	0.0	0.0	0.0	0.0	0.0	0.0	0.0	0.0	0.0	0.0	0.0	0.0	0.4117647	0.76	0.7307692	0.5416667	0.5714286	0.4375	0.5882353	0.6470588	0.2	0.1666667	0.0	0.2	0.2222222	0.0	0.2857143	0.4074074	0.5	0.7647059	0.5	0.3181818	0.1052632	0.0	0.0333333	0.0	0.0	0.0526316	0.0	0.0	0.0	0.0	0.0	0.0	
Cape May Warbler (<em class="sci">Setophaga tigrina</em>)	0.0	0.0	0.0	0.0	0.0	0.0	0.0	0.0	0.0	0.0	0.0	0.0	0.0	0.0	0.0	0.0	0.0	0.04	0.0769231	0.0	0.0	0.0	0.0	0.0	0.0	0.0	0.0	0.0	0.0	0.0	0.0	0.0	0.0833333	0.0	0.15	0.0454545	0.0526316	0.0	0.1	0.0	0.0	0.0	0.0	0.0	0.0	0.0	0.0	0.0	
Northern Parula (<em class="sci">Setophaga americana</em>)	0.0	0.0	0.0	0.0	0.0	0.0	0.0	0.0	0.0	0.0	0.0	0.0	0.0	0.0	0.0	0.0	0.2941176	0.32	0.3076923	0.0416667	0.0	0.0	0.0	0.0588235	0.0	0.0	0.0	0.0	0.0	0.0	0.0	0.1111111	0.1666667	0.0588235	0.2	0.1818182	0.2105263	0.0740741	0.0666667	0.0	0.0	0.0	0.0	0.0	0.0	0.0	0.0	0.0	
Magnolia Warbler (<em class="sci">Setophaga magnolia</em>)	0.0	0.0	0.0	0.0	0.0	0.0	0.0	0.0	0.0	0.0	0.0	0.0	0.0	0.0	0.0	0.0	0.0	0.0	0.1538462	0.0833333	0.0	0.0	0.0	0.0	0.0	0.0	0.0	0.0	0.0	0.0	0.0	0.1481481	0.0833333	0.1764706	0.25	0.3636364	0.2631579	0.1481481	0.0666667	0.0	0.0	0.0	0.0	0.0	0.0	0.0	0.0	0.0	
Bay-breasted Warbler (<em class="sci">Setophaga castanea</em>)	0.0	0.0	0.0	0.0	0.0	0.0	0.0	0.0	0.0	0.0	0.0	0.0	0.0	0.0	0.0	0.0	0.0	0.0	0.0769231	0.0	0.0	0.0	0.0	0.0	0.0	0.0	0.0	0.0	0.0	0.0	0.0	0.0	0.0	0.0	0.0	0.0909091	0.1052632	0.0	0.0	0.0	0.0	0.0	0.0	0.0	0.0	0.0	0.0	0.0	
Blackburnian Warbler (<em class="sci">Setophaga fusca</em>)	0.0	0.0	0.0	0.0	0.0	0.0	0.0	0.0	0.0	0.0	0.0	0.0	0.0	0.0	0.0	0.0	0.0	0.08	0.0	0.0	0.0	0.0	0.0	0.0	0.0	0.0	0.0	0.0	0.0	0.0	0.0	0.0	0.0	0.0	0.0	0.1818182	0.0526316	0.0	0.0	0.0	0.0	0.0	0.0	0.0	0.0	0.0	0.0	0.0	
Yellow Warbler (<em class="sci">Setophaga petechia</em>)	0.0	0.0	0.0	0.0	0.0	0.0	0.0	0.0	0.0	0.0	0.0	0.0	0.0	0.0	0.0	0.047619	0.1764706	0.24	0.5	0.3333333	0.1428571	0.125	0.1764706	0.0588235	0.0	0.1666667	0.0	0.1	0.3333333	0.2	0.0714286	0.037037	0.0	0.0	0.1	0.0	0.0526316	0.0	0.0	0.0	0.0	0.0	0.0	0.0	0.0	0.0	0.0	0.0	
Chestnut-sided Warbler (<em class="sci">Setophaga pensylvanica</em>)	0.0	0.0	0.0	0.0	0.0	0.0	0.0	0.0	0.0	0.0	0.0	0.0	0.0	0.0	0.0	0.0	0.1176471	0.04	0.0	0.0	0.0	0.0	0.0	0.0	0.0	0.0	0.0	0.0	0.0	0.0	0.0	0.4074074	0.25	0.1176471	0.05	0.1363636	0.0	0.037037	0.0	0.0	0.0	0.0	0.0	0.0	0.0	0.0	0.0	0.0	
Blackpoll Warbler (<em class="sci">Setophaga striata</em>)	0.0	0.0	0.0	0.0	0.0	0.0	0.0	0.0	0.0	0.0	0.0	0.0	0.0	0.0	0.0	0.0	0.0588235	0.2	0.2692308	0.0833333	0.0	0.0	0.0	0.0	0.0	0.0	0.0	0.0	0.0	0.0	0.0	0.0	0.0	0.0588235	0.05	0.0454545	0.2631579	0.1851852	0.1666667	0.0714286	0.0	0.0	0.0	0.0	0.0	0.0	0.0	0.0	
Black-throated Blue Warbler (<em class="sci">Setophaga caerulescens</em>)	0.0	0.0	0.0	0.0	0.0	0.0	0.0	0.0	0.0	0.0	0.0	0.0	0.0	0.0	0.0	0.0	0.0	0.28	0.1538462	0.0	0.0	0.0	0.0	0.0	0.0	0.0	0.0	0.0	0.0	0.0	0.0	0.0	0.0833333	0.1764706	0.2	0.4090909	0.4736842	0.2222222	0.1	0.0238095	0.0	0.0	0.0	0.0	0.0	0.0	0.0	0.0	
Palm Warbler (<em class="sci">Setophaga palmarum</em>)	0.0	0.0	0.0	0.0	0.0	0.0	0.0	0.0	0.0	0.0	0.0	0.0625	0.1904762	0.2857143	0.25	0.4285714	0.1764706	0.0	0.0	0.0	0.0	0.0	0.0	0.0	0.0	0.0	0.0	0.0	0.0	0.0	0.0	0.037037	0.0	0.0588235	0.2	0.5	0.5789474	0.4444444	0.5666667	0.5	0.28125	0.1578947	0.0	0.0	0.0	0.0	0.0	0.0	
Pine Warbler (<em class="sci">Setophaga pinus</em>)	0.0	0.0	0.0	0.0	0.0	0.0	0.0	0.0	0.0	0.0	0.0	0.0	0.1428571	0.0	0.0	0.0	0.0	0.0	0.0	0.0	0.0	0.0	0.0	0.0	0.0	0.0	0.0	0.0	0.0	0.0	0.0	0.0	0.0	0.0	0.0	0.0909091	0.0526316	0.0	0.0	0.0238095	0.0	0.0	0.0	0.0	0.0	0.0	0.0	0.0	
Yellow-rumped Warbler (<em class="sci">Setophaga coronata</em>)	0.0	0.0	0.0	0.0	0.0	0.0	0.0	0.0	0.0	0.0	0.0	0.0	0.0	0.0	0.25	0.4285714	0.4705882	0.24	0.1923077	0.0	0.0	0.0	0.0	0.0	0.0	0.0	0.0	0.0	0.0	0.0	0.0	0.0	0.0	0.0	0.0	0.0454545	0.3684211	0.4814815	0.7666667	0.6428571	0.34375	0.1052632	0.0	0.0714286	0.0	0.0	0.0	0.0	
Prairie Warbler (<em class="sci">Setophaga discolor</em>)	0.0	0.0	0.0	0.0	0.0	0.0	0.0	0.0	0.0	0.0	0.0	0.0	0.0	0.0	0.0	0.0	0.0588235	0.16	0.0	0.0	0.0	0.0	0.0	0.0	0.0	0.0	0.0	0.0	0.0	0.2	0.0	0.0	0.0833333	0.0588235	0.25	0.0909091	0.1578947	0.0	0.0	0.0	0.03125	0.0	0.0	0.0	0.0	0.0	0.0	0.0	
Black-throated Green Warbler (<em class="sci">Setophaga virens</em>)	0.0	0.0	0.0	0.0	0.0	0.0	0.0	0.0	0.0	0.0	0.0	0.0	0.0	0.0	0.0	0.0	0.2352941	0.12	0.1153846	0.0416667	0.0	0.0	0.0	0.0	0.0	0.0	0.0	0.0	0.0	0.0	0.0	0.1111111	0.1666667	0.1764706	0.05	0.2272727	0.1052632	0.1111111	0.0333333	0.0238095	0.0	0.0	0.0	0.0	0.0	0.0	0.0	0.0	
Canada Warbler (<em class="sci">Cardellina canadensis</em>)	0.0	0.0	0.0	0.0	0.0	0.0	0.0	0.0	0.0	0.0	0.0	0.0	0.0	0.0	0.0	0.0	0.0	0.0	0.0384615	0.0416667	0.0	0.0	0.0	0.0	0.0	0.0	0.0	0.0	0.0	0.0	0.0	0.0740741	0.0015	0.0	0.0	0.0454545	0.0	0.0	0.0	0.0	0.0	0.0	0.0	0.0	0.0	0.0	0.0	0.0	
Wilson's Warbler (<em class="sci">Cardellina pusilla</em>)	0.0	0.0	0.0	0.0	0.0	0.0	0.0	0.0	0.0	0.0	0.0	0.0	0.0	0.0	0.0	0.0	0.0588235	0.12	0.0	0.0	0.0	0.0	0.0	0.0	0.0	0.0	0.0	0.0	0.0	0.0	0.0	0.0	0.0	0.0	0.0	0.0	0.0	0.0	0.0	0.0	0.0	0.0	0.0	0.0	0.0	0.0	0.0	0.0	
warbler sp. (Parulidae sp.) (<em class="sci">Parulidae sp.</em>)	0.0	0.0	0.0	0.0	0.0	0.0	0.0	0.0	0.0	0.0	0.0	0.0	0.0	0.0	0.0	0.047619	0.0	0.0	0.0	0.0	0.0	0.0	0.0	0.0	0.0	0.0	0.0	0.0	0.0	0.0	0.0	0.037037	0.0	0.0588235	0.0	0.0454545	0.0	0.0	0.0666667	0.0	0.0	0.0	0.0	0.0	0.0	0.0	0.0	0.0	
Scarlet Tanager (<em class="sci">Piranga olivacea</em>)	0.0	0.0	0.0	0.0	0.0	0.0	0.0	0.0	0.0	0.0	0.0	0.0	0.0	0.0	0.0	0.047619	0.2352941	0.4	0.3461538	0.0833333	0.1428571	0.3125	0.2941176	0.2941176	0.0	0.1666667	0.1666667	0.1	0.2222222	0.0	0.0	0.1111111	0.1666667	0.1764706	0.05	0.0454545	0.1578947	0.0	0.0	0.0	0.0	0.0	0.0	0.0	0.0	0.0	0.0	0.0	
Northern Cardinal (<em class="sci">Cardinalis cardinalis</em>)	0.8666667	0.8333333	0.8	0.6470588	0.6333333	0.7037037	0.8222222	0.483871	0.75	0.5	0.7894737	0.6875	0.9047619	0.8571429	0.75	0.8095238	0.6470588	0.8	0.8461538	0.875	0.7619048	0.9375	1.0	0.9411765	0.8	1.0	0.8333333	0.7	1.0	0.6	0.5714286	0.8148148	0.6666667	0.8235294	0.8	0.7727273	0.8947368	0.9259259	0.9	0.8571429	0.8125	0.7368421	1.0	0.9285714	0.7857143	1.0	1.0	0.8571429	
Rose-breasted Grosbeak (<em class="sci">Pheucticus ludovicianus</em>)	0.0	0.0	0.0	0.0	0.0	0.0	0.0	0.0	0.0	0.0	0.0	0.0	0.0	0.0	0.0	0.0	0.0588235	0.0	0.0769231	0.0	0.0	0.0	0.0	0.0588235	0.0	0.0	0.0	0.0	0.0	0.0	0.0	0.0	0.0	0.0588235	0.05	0.0	0.1578947	0.0	0.0	0.0	0.0	0.0	0.0	0.0	0.0	0.0	0.0	0.0	
Blue Grosbeak (<em class="sci">Passerina caerulea</em>)	0.0	0.0	0.0	0.0	0.0	0.0	0.0	0.0	0.0	0.0	0.0	0.0	0.0	0.0	0.0	0.0	0.0	0.0	0.1153846	0.0	0.1904762	0.0	0.0	0.0	0.0	0.0	0.0	0.0	0.0	0.0	0.0	0.0	0.0	0.0	0.0	0.0	0.0	0.0	0.0	0.0	0.0	0.0	0.0	0.0	0.0	0.0	0.0	0.0	
Indigo Bunting (<em class="sci">Passerina cyanea</em>)	0.0	0.0	0.0	0.0	0.0	0.0	0.0	0.0	0.0	0.0	0.0	0.0	0.0	0.0	0.0	0.047619	0.4117647	0.8	0.8076923	1.0	0.8095238	1.0	0.9411765	0.8823529	1.0	1.0	1.0	1.0	0.8888889	1.0	0.7857143	0.6666667	0.25	0.3529412	0.4	0.4545455	0.4210526	0.4074074	0.1333333	0.0714286	0.0625	0.0	0.0	0.0	0.0	0.0	0.0	0.0	
passerine sp. (<em class="sci">Passeriformes sp.</em>)	0.0666667	0.0	0.0	0.0294118	0.0	0.0	0.0	0.0	0.0	0.0	0.0	0.0	0.0	0.0	0.0	0.0952381	0.0	0.0	0.0	0.0	0.0	0.0	0.0	0.0	0.2	0.0	0.0	0.0	0.0	0.0	0.0714286	0.0	0.0	0.0588235	0.0	0.0	0.0	0.0	0.0	0.0	0.0	0.0	0.0	0.0	0.0	0.0	0.0	0.0	
bird sp. (<em class="sci">Aves sp.</em>)	0.0	0.0	0.0	0.0	0.0	0.0	0.0	0.0	0.0	0.0	0.0	0.0	0.0	0.0	0.0	0.0	0.0	0.0	0.0	0.0	0.0	0.0	0.0	0.0	0.0	0.0	0.0	0.0	0.0	0.0	0.0	0.037037	0.0	0.0	0.0	0.0	0.0	0.0	0.0333333	0.0	0.0	0.0	0.0	0.0	0.0	0.0	0.0	0.0	

