









Frequency of observations in the selected location(s).:
Number of taxa: 	218

	Jan				Feb				Mar				Apr				May				Jun				Jul				Aug				Sep				Oct				Nov				Dec				
Sample Size:	48.0	26.0	39.0	60.0	31.0	31.0	39.0	47.0	42.0	28.0	43.0	59.0	29.0	23.0	37.0	36.0	28.0	45.0	37.0	46.0	27.0	28.0	19.0	39.0	14.0	15.0	24.0	23.0	20.0	20.0	13.0	24.0	11.0	10.0	15.0	28.0	24.0	12.0	19.0	29.0	33.0	10.0	13.0	24.0	19.0	18.0	43.0	51.0	

Snow Goose (<em class="sci">Anser caerulescens</em>)	0.0	0.0	0.0	0.0	0.0	0.0	0.0	0.0	0.0	0.0	0.0	0.0	0.0	0.0	0.0	0.0	0.0	0.0	0.0	0.0	0.0	0.0	0.0	0.0	0.0	0.0	0.0	0.0	0.0	0.0	0.0	0.0	0.0	0.0	0.0	0.0	0.0	0.0	0.0	0.0344828	0.0	0.0	0.0	0.0	0.0	0.0	0.0	0.0	
Greater White-fronted Goose (<em class="sci">Anser albifrons</em>)	0.0208333	0.0	0.0	0.0333333	0.0322581	0.0	0.0	0.0	0.0	0.0	0.0	0.0	0.0	0.0	0.0	0.0	0.0	0.0	0.0	0.0	0.0	0.0	0.0	0.0	0.0	0.0	0.0	0.0	0.0	0.0	0.0	0.0	0.0	0.0	0.0	0.0	0.0	0.0833333	0.0	0.0	0.0	0.0	0.0	0.0	0.0	0.0	0.0232558	0.0	
Cackling Goose (<em class="sci">Branta hutchinsii</em>)	0.0208333	0.0384615	0.0	0.0333333	0.0645161	0.0322581	0.0	0.0425532	0.0	0.0	0.0	0.0	0.0	0.0	0.0	0.0015	0.0357143	0.0222222	0.0	0.0	0.0	0.0	0.0	0.0	0.0	0.0	0.0	0.0	0.0	0.0	0.0	0.0	0.0	0.0	0.0	0.0	0.0	0.0833333	0.0	0.0	0.0	0.0	0.0	0.0	0.0	0.0	0.0232558	0.0392157	
Canada Goose (<em class="sci">Branta canadensis</em>)	0.1875	0.3461538	0.3846154	0.2666667	0.3870968	0.3870968	0.5384615	0.4893617	0.452381	0.3571429	0.4186047	0.4576271	0.5862069	0.4347826	0.4594595	0.4444444	0.4642857	0.5777778	0.4054054	0.3478261	0.3703704	0.3928571	0.1578947	0.3076923	0.3571429	0.3333333	0.2083333	0.0869565	0.2	0.35	0.3846154	0.2916667	0.5454545	0.1	0.3333333	0.3214286	0.1666667	0.25	0.4736842	0.3103448	0.1515152	0.3	0.3846154	0.2083333	0.2105263	0.1111111	0.2325581	0.1960784	
Cackling/Canada Goose (<em class="sci">Branta hutchinsii/canadensis</em>)	0.0	0.0	0.0	0.0	0.0	0.0	0.025641	0.0	0.0	0.0	0.0232558	0.0	0.0	0.0	0.0	0.0	0.0	0.0	0.0015	0.0	0.0	0.0	0.0	0.0	0.0	0.0	0.0	0.0	0.0	0.0	0.0	0.0	0.0	0.0	0.0	0.0	0.0	0.0	0.0	0.0	0.0606061	0.0	0.0	0.0	0.0	0.0	0.0232558	0.0	
goose sp. (<em class="sci">Anser/Branta sp.</em>)	0.0	0.0	0.0	0.0	0.0	0.0	0.0	0.0	0.0	0.0	0.0	0.0	0.0	0.0	0.0	0.0	0.0	0.0	0.0	0.0	0.0	0.0	0.0	0.0	0.0	0.0	0.0	0.0	0.0	0.0	0.0	0.0	0.0	0.0	0.0	0.0	0.0416667	0.0	0.0	0.0	0.0	0.0	0.0	0.0	0.0	0.0	0.0	0.0	
Mute Swan (<em class="sci">Cygnus olor</em>)	0.0	0.0	0.0	0.0	0.0	0.0	0.0	0.0	0.0	0.0	0.0	0.0	0.0	0.0	0.0	0.0	0.0	0.0	0.0	0.0015	0.0	0.0	0.0	0.0	0.0	0.0	0.0	0.0	0.0	0.0	0.0	0.0	0.0	0.0	0.0	0.0	0.0	0.0	0.0	0.0	0.0	0.0	0.0	0.0	0.0	0.0	0.0	0.0015	
Trumpeter Swan (<em class="sci">Cygnus buccinator</em>)	0.0208333	0.0769231	0.025641	0.0333333	0.0322581	0.0	0.0	0.0212766	0.0238095	0.0	0.0	0.0	0.0	0.0	0.0	0.0	0.0	0.0	0.0	0.0	0.0	0.0	0.0	0.0	0.0	0.0	0.0	0.0	0.0	0.0	0.0	0.0	0.0	0.0	0.0	0.0	0.0	0.0	0.0	0.0	0.0	0.0	0.0	0.0416667	0.0	0.0	0.0	0.0588235	
Trumpeter/Tundra Swan (<em class="sci">Cygnus buccinator/columbianus</em>)	0.0208333	0.0384615	0.025641	0.0166667	0.0	0.0	0.0	0.0	0.0	0.0	0.0	0.0	0.0	0.0	0.0	0.0	0.0	0.0	0.0	0.0	0.0	0.0	0.0	0.0	0.0	0.0	0.0	0.0	0.0	0.0	0.0	0.0	0.0	0.0	0.0	0.0	0.0	0.0	0.0	0.0	0.0	0.0	0.0	0.0	0.0	0.0	0.0	0.0	
swan sp. (<em class="sci">Cygnus sp.</em>)	0.0	0.0	0.0	0.0	0.0	0.0	0.0	0.0	0.0	0.0	0.0	0.0	0.0	0.0	0.0	0.0	0.0	0.0	0.0	0.0	0.0	0.0	0.0	0.0	0.0	0.0	0.0416667	0.0	0.0	0.0	0.0	0.0	0.0	0.0	0.0	0.0	0.0	0.0	0.0	0.0	0.0	0.0	0.0	0.0	0.0	0.0	0.0	0.0	
Wood Duck (<em class="sci">Aix sponsa</em>)	0.25	0.3846154	0.4358974	0.3666667	0.3225806	0.2258065	0.5128205	0.6595745	0.5	0.4285714	0.5348837	0.4745763	0.4482759	0.3478261	0.2972973	0.3333333	0.3571429	0.4222222	0.2162162	0.173913	0.2222222	0.3928571	0.2631579	0.2820513	0.3571429	0.1333333	0.0833333	0.2173913	0.15	0.15	0.1538462	0.2083333	0.0909091	0.3	0.3333333	0.2142857	0.2083333	0.3333333	0.3157895	0.3103448	0.3333333	0.3	0.6153846	0.2916667	0.2631579	0.1666667	0.2093023	0.254902	
Blue-winged Teal (<em class="sci">Spatula discors</em>)	0.0	0.0	0.0	0.0	0.0	0.0	0.0	0.0	0.0	0.0	0.0	0.0	0.0	0.0	0.0	0.0	0.0	0.0	0.0	0.0	0.0	0.0	0.0526316	0.0	0.0	0.0	0.0	0.0	0.0	0.0	0.0	0.0	0.0	0.0	0.1333333	0.0	0.0	0.0	0.0	0.0	0.0606061	0.1	0.0	0.0	0.0	0.0	0.0	0.0	
Cinnamon Teal (<em class="sci">Spatula cyanoptera</em>)	0.0	0.0	0.025641	0.0	0.0	0.0	0.0	0.0	0.0	0.0	0.0	0.0	0.0	0.0	0.0	0.0	0.0	0.0	0.0	0.0	0.0	0.0	0.0	0.0	0.0	0.0	0.0	0.0	0.0	0.0	0.0	0.0015	0.0	0.0	0.0	0.0	0.0	0.0	0.0015	0.0	0.0	0.0	0.0769231	0.0	0.0	0.0	0.0	0.0	
Northern Shoveler (<em class="sci">Spatula clypeata</em>)	0.3541667	0.4230769	0.3333333	0.4	0.4516129	0.2903226	0.5384615	0.5531915	0.3571429	0.3214286	0.2093023	0.2711864	0.3103448	0.1304348	0.027027	0.0833333	0.0357143	0.0222222	0.027027	0.0	0.0	0.0	0.0	0.0	0.0	0.0	0.0	0.0	0.0	0.0	0.0	0.0	0.0	0.1	0.2	0.2142857	0.1666667	0.25	0.1052632	0.4137931	0.3636364	0.5	0.6153846	0.375	0.3157895	0.5	0.372093	0.3137255	
Gadwall (<em class="sci">Mareca strepera</em>)	0.4583333	0.5384615	0.4358974	0.35	0.5483871	0.483871	0.5128205	0.6170213	0.452381	0.4642857	0.5348837	0.5254237	0.4827586	0.5652174	0.4864865	0.4166667	0.6071429	0.6	0.5135135	0.5	0.4444444	0.4642857	0.4210526	0.2820513	0.0714286	0.2	0.0833333	0.0	0.1	0.15	0.0769231	0.0833333	0.3636364	0.3	0.3333333	0.3214286	0.2916667	0.3333333	0.3684211	0.4482759	0.3030303	0.3	0.7692308	0.375	0.3684211	0.4444444	0.372093	0.372549	
Eurasian Wigeon (<em class="sci">Mareca penelope</em>)	0.0	0.0	0.0	0.0	0.0322581	0.0322581	0.0	0.0212766	0.047619	0.0357143	0.0	0.0169492	0.0	0.0	0.0	0.0	0.0	0.0	0.0	0.0	0.0	0.0	0.0	0.0	0.0	0.0	0.0	0.0	0.0	0.0	0.0	0.0	0.0	0.0	0.0	0.0	0.0	0.0	0.0	0.0344828	0.0	0.0	0.0	0.0	0.0	0.0	0.0	0.0	
American Wigeon (<em class="sci">Mareca americana</em>)	0.2708333	0.3846154	0.2820513	0.3666667	0.3225806	0.2903226	0.4871795	0.4680851	0.2619048	0.3571429	0.255814	0.2372881	0.1034483	0.0869565	0.0540541	0.0277778	0.0357143	0.0	0.0	0.0217391	0.0	0.0357143	0.0	0.025641	0.0	0.0	0.0	0.0	0.0	0.0	0.0	0.0	0.0	0.0	0.0	0.0714286	0.1666667	0.1666667	0.2631579	0.2758621	0.2727273	0.5	0.3846154	0.2916667	0.2631579	0.1111111	0.2790698	0.2745098	
Eurasian x American Wigeon (hybrid) (<em class="sci">Mareca penelope x americana</em>)	0.0	0.0	0.0	0.0	0.0	0.0	0.0	0.0	0.0238095	0.0	0.0	0.0	0.0	0.0	0.0	0.0	0.0	0.0	0.0	0.0	0.0	0.0	0.0	0.0	0.0	0.0	0.0	0.0	0.0	0.0	0.0	0.0	0.0	0.0	0.0	0.0	0.0	0.0	0.0	0.0	0.0	0.0	0.0769231	0.0	0.0	0.0	0.0	0.0	
Eurasian/American Wigeon (<em class="sci">Mareca penelope/americana</em>)	0.0	0.0	0.0	0.0	0.0	0.0322581	0.0	0.0	0.0	0.0	0.0	0.0	0.0	0.0	0.0	0.0	0.0	0.0	0.0	0.0	0.0	0.0	0.0	0.0	0.0	0.0	0.0	0.0	0.0	0.0	0.0	0.0	0.0	0.0	0.0	0.0	0.0	0.0	0.0	0.0	0.0	0.0	0.0	0.0	0.0	0.0	0.0232558	0.0	
Mallard (<em class="sci">Anas platyrhynchos</em>)	0.5416667	0.7692308	0.7692308	0.5833333	0.6129032	0.5806452	0.8717949	0.8297872	0.6666667	0.6428571	0.7906977	0.7457627	0.6896552	0.7826087	0.7837838	0.6666667	0.6785714	0.8	0.6216216	0.6086957	0.5555556	0.5357143	0.5263158	0.6153846	0.5714286	0.4	0.4583333	0.4347826	0.55	0.65	0.5384615	0.4583333	0.6363636	0.6	0.3333333	0.5357143	0.5	0.5	0.5789474	0.6206897	0.4848485	0.6	0.8461538	0.5833333	0.5263158	0.6666667	0.6046512	0.5686275	
Mallard (Domestic type) (<em class="sci">Anas platyrhynchos (Domestic type)</em>)	0.0208333	0.0	0.0769231	0.0666667	0.0322581	0.0645161	0.2564103	0.1914894	0.1190476	0.0714286	0.0	0.1186441	0.0689655	0.0434783	0.0540541	0.0	0.0357143	0.0888889	0.0540541	0.0217391	0.037037	0.0714286	0.1578947	0.0512821	0.0	0.2	0.0	0.0	0.0	0.1	0.0769231	0.0416667	0.0909091	0.0	0.0	0.0714286	0.0833333	0.1666667	0.0	0.0689655	0.0606061	0.0	0.0	0.0416667	0.0526316	0.1666667	0.0697674	0.0588235	
Northern Pintail (<em class="sci">Anas acuta</em>)	0.0208333	0.0769231	0.025641	0.0666667	0.1290323	0.0	0.1025641	0.0425532	0.0714286	0.0714286	0.0697674	0.0338983	0.0344828	0.0	0.0	0.0277778	0.0	0.0	0.0	0.0	0.0	0.0	0.0	0.0	0.0	0.0	0.0	0.0	0.0	0.0	0.0	0.0	0.0	0.0	0.0	0.0	0.0416667	0.0833333	0.0	0.0	0.0	0.0	0.0	0.0416667	0.0	0.0	0.0930233	0.0980392	
Green-winged Teal (<em class="sci">Anas crecca</em>)	0.2916667	0.5769231	0.4615385	0.4	0.4193548	0.3548387	0.7179487	0.6170213	0.452381	0.2857143	0.3023256	0.220339	0.1034483	0.0869565	0.027027	0.0277778	0.0	0.0	0.0	0.0	0.0	0.0	0.0	0.0	0.0	0.0	0.0	0.0	0.0	0.0	0.0	0.0	0.0	0.0	0.0666667	0.1071429	0.125	0.1666667	0.1052632	0.4137931	0.2424242	0.4	0.5384615	0.3333333	0.1052632	0.5	0.372093	0.372549	
dabbling duck sp. (<em class="sci">Anatidae sp. (dabbling duck sp.)</em>)	0.0208333	0.0	0.0	0.0	0.0	0.0	0.0	0.0	0.0	0.0	0.0	0.0	0.0	0.0	0.0	0.0	0.0	0.0	0.0	0.0	0.0	0.0	0.0	0.0	0.0	0.0	0.0	0.0	0.0	0.0	0.0	0.0	0.0	0.0	0.0	0.0	0.0	0.0	0.0	0.0	0.0	0.0	0.0	0.0	0.0	0.0	0.0	0.0	
Canvasback (<em class="sci">Aythya valisineria</em>)	0.0625	0.0384615	0.0015	0.0333333	0.0645161	0.0	0.0512821	0.0	0.047619	0.0357143	0.0232558	0.0	0.0	0.0	0.0	0.0277778	0.0	0.0	0.0	0.0	0.0	0.0	0.0	0.0	0.0	0.0	0.0	0.0	0.0	0.0	0.0	0.0	0.0	0.0	0.0	0.0	0.0	0.0	0.0	0.0344828	0.0606061	0.2	0.0769231	0.0	0.0	0.0555556	0.0697674	0.1176471	
Redhead (<em class="sci">Aythya americana</em>)	0.0	0.0015	0.0	0.05	0.0322581	0.0322581	0.0	0.0	0.0	0.0	0.0	0.0169492	0.0	0.0	0.0	0.0	0.0	0.0	0.0	0.0	0.0	0.0	0.0	0.0	0.0	0.0	0.0	0.0	0.0	0.0	0.0	0.0	0.0	0.0	0.0	0.0	0.0	0.0	0.0	0.0	0.0	0.0	0.0	0.0	0.0	0.0	0.0232558	0.0196078	
Ring-necked Duck (<em class="sci">Aythya collaris</em>)	0.25	0.3076923	0.3076923	0.2	0.4516129	0.1935484	0.2307692	0.2340426	0.2142857	0.1785714	0.2093023	0.1864407	0.1724138	0.3913043	0.1621622	0.1944444	0.1071429	0.0222222	0.0	0.0	0.0	0.0	0.0	0.0	0.0714286	0.0666667	0.0	0.0	0.0	0.0	0.0	0.0	0.0	0.0	0.0	0.0	0.0833333	0.0833333	0.1052632	0.0689655	0.030303	0.2	0.2307692	0.1666667	0.2105263	0.1666667	0.2093023	0.1960784	
Greater Scaup (<em class="sci">Aythya marila</em>)	0.0416667	0.0769231	0.0512821	0.0666667	0.1290323	0.0	0.0769231	0.0	0.0238095	0.0714286	0.0232558	0.0169492	0.0689655	0.0869565	0.0	0.0	0.0	0.0	0.0	0.0	0.0	0.0	0.0	0.0	0.0	0.0	0.0	0.0	0.0	0.0	0.0	0.0	0.0	0.0	0.0	0.0	0.0	0.0	0.0	0.0	0.0	0.1	0.0769231	0.0	0.0	0.0015	0.0	0.0588235	
Lesser Scaup (<em class="sci">Aythya affinis</em>)	0.1875	0.2307692	0.1282051	0.1166667	0.2258065	0.0645161	0.2307692	0.1276596	0.1428571	0.1428571	0.0232558	0.1016949	0.0689655	0.0434783	0.1351351	0.0555556	0.0357143	0.0	0.0	0.0	0.0	0.0	0.0	0.0	0.0	0.0	0.0	0.0	0.0	0.0	0.0	0.0	0.0	0.0	0.0	0.0	0.0	0.0	0.0	0.0	0.0606061	0.2	0.0	0.0416667	0.0526316	0.0015	0.0930233	0.1568627	
Greater/Lesser Scaup (<em class="sci">Aythya marila/affinis</em>)	0.0208333	0.0	0.025641	0.0166667	0.0	0.0645161	0.025641	0.0212766	0.0238095	0.0	0.0232558	0.0	0.0344828	0.0	0.0	0.0277778	0.0	0.0	0.0	0.0	0.0	0.0	0.0	0.0	0.0	0.0	0.0	0.0	0.0	0.0	0.0	0.0	0.0	0.0	0.0	0.0	0.0	0.0	0.0	0.0	0.0	0.0	0.0769231	0.0416667	0.0526316	0.0	0.0232558	0.0392157	
Bufflehead (<em class="sci">Bucephala albeola</em>)	0.4375	0.5769231	0.5641026	0.5	0.6129032	0.4516129	0.6410256	0.6382979	0.452381	0.4285714	0.4651163	0.3898305	0.4137931	0.4782609	0.2972973	0.2222222	0.1428571	0.1333333	0.027027	0.0	0.0	0.0	0.0	0.0	0.0	0.0	0.0	0.0	0.0	0.0	0.0	0.0	0.0	0.0	0.0	0.0	0.0	0.0	0.1052632	0.137931	0.3030303	0.6	0.5384615	0.4166667	0.2631579	0.5	0.3953488	0.4313725	
Common Goldeneye (<em class="sci">Bucephala clangula</em>)	0.0833333	0.1538462	0.0512821	0.05	0.0967742	0.0645161	0.1794872	0.106383	0.0714286	0.1428571	0.0697674	0.0508475	0.0689655	0.0869565	0.027027	0.0555556	0.0	0.0	0.0	0.0	0.0	0.0	0.0	0.0	0.0	0.0	0.0	0.0	0.0	0.0	0.0	0.0	0.0	0.0	0.0	0.0	0.0	0.0	0.0	0.0	0.030303	0.0	0.0	0.0	0.0526316	0.0	0.1395349	0.0784314	
Barrow's Goldeneye (<em class="sci">Bucephala islandica</em>)	0.0	0.0	0.0	0.0	0.0	0.0	0.0	0.0212766	0.0238095	0.0015	0.0232558	0.0	0.0	0.0015	0.0	0.0	0.0	0.0	0.0	0.0	0.0	0.0	0.0	0.0	0.0	0.0	0.0	0.0	0.0	0.0	0.0	0.0	0.0	0.0	0.0	0.0	0.0	0.0	0.0	0.0	0.0	0.0	0.0	0.0	0.0	0.0015	0.0	0.0	
Common/Barrow's Goldeneye (<em class="sci">Bucephala clangula/islandica</em>)	0.0	0.0	0.0	0.0	0.0	0.0	0.0	0.0	0.0	0.0	0.0	0.0	0.0	0.0	0.0	0.0	0.0	0.0	0.0	0.0	0.0	0.0	0.0	0.0	0.0	0.0	0.0	0.0	0.0	0.0	0.0	0.0	0.0	0.0	0.0	0.0	0.0	0.0	0.0	0.0	0.0	0.0	0.0	0.0	0.0	0.0015	0.0	0.0	
Hooded Merganser (<em class="sci">Lophodytes cucullatus</em>)	0.1666667	0.3076923	0.3589744	0.2666667	0.2580645	0.1935484	0.4102564	0.4255319	0.2380952	0.2857143	0.1162791	0.1694915	0.1034483	0.0869565	0.027027	0.0	0.0	0.0	0.0	0.0	0.0	0.0	0.0	0.0	0.0	0.0	0.0	0.0	0.0	0.0	0.0	0.0	0.0909091	0.0	0.0	0.0	0.0	0.0	0.0	0.1034483	0.1515152	0.4	0.3846154	0.1666667	0.1052632	0.2777778	0.255814	0.2352941	
Common Merganser (<em class="sci">Mergus merganser</em>)	0.3125	0.3461538	0.2564103	0.2333333	0.2580645	0.2258065	0.3589744	0.2553191	0.2619048	0.25	0.1627907	0.1864407	0.1034483	0.0	0.0540541	0.1388889	0.0714286	0.0	0.0	0.0	0.0	0.0	0.0	0.0	0.0	0.0	0.0	0.0	0.0	0.0	0.0	0.0	0.0	0.0	0.0	0.0	0.0	0.0	0.0	0.0689655	0.0606061	0.2	0.0769231	0.1666667	0.2105263	0.1666667	0.1860465	0.1568627	
Red-breasted Merganser (<em class="sci">Mergus serrator</em>)	0.0	0.0	0.0	0.0	0.0322581	0.0	0.0	0.0	0.0	0.0357143	0.0	0.0	0.0	0.0	0.0	0.0277778	0.0	0.0	0.0	0.0	0.0	0.0	0.0	0.0	0.0	0.0	0.0	0.0	0.0	0.0	0.0	0.0	0.0	0.0	0.0	0.0	0.0	0.0	0.0	0.0	0.0	0.1	0.0	0.0	0.0	0.0	0.0	0.0196078	
Ruddy Duck (<em class="sci">Oxyura jamaicensis</em>)	0.0	0.0	0.0	0.0	0.0	0.0	0.0	0.0	0.0	0.0	0.0	0.0	0.0	0.0	0.0	0.0	0.0	0.0	0.0	0.0	0.0	0.0	0.0	0.0	0.0	0.0	0.0	0.0	0.0	0.0	0.0	0.0	0.0	0.0	0.0	0.0	0.0	0.0	0.0	0.0	0.0	0.0	0.0	0.0	0.0526316	0.0	0.0	0.0196078	
duck sp. (<em class="sci">Anatinae sp.</em>)	0.0	0.0384615	0.0	0.05	0.0645161	0.0322581	0.025641	0.0	0.0	0.0	0.0232558	0.0	0.0	0.0	0.0	0.0277778	0.0357143	0.0	0.0	0.0	0.0	0.0	0.0526316	0.025641	0.0	0.0	0.0	0.0	0.0	0.0	0.0769231	0.0	0.0	0.0	0.0	0.0357143	0.0	0.0833333	0.0	0.0344828	0.1212121	0.0	0.0	0.0	0.0	0.0	0.0	0.0196078	
waterfowl sp. (<em class="sci">Anatidae sp.</em>)	0.0	0.0	0.0	0.0	0.0	0.0	0.0	0.0	0.0	0.0	0.0	0.0	0.0	0.0	0.0	0.0	0.0357143	0.0	0.0	0.0	0.037037	0.0	0.0	0.0	0.0	0.0	0.0	0.0	0.0	0.0	0.0	0.0	0.0	0.0	0.0	0.0	0.0	0.0	0.0	0.0	0.0	0.0	0.0	0.0	0.0	0.0	0.0	0.0	
California Quail (<em class="sci">Callipepla californica</em>)	0.0	0.0	0.0	0.0	0.0	0.0	0.0	0.0	0.0	0.0	0.0	0.0	0.0	0.0	0.0	0.0	0.0	0.0	0.0	0.0	0.0	0.0357143	0.0	0.0	0.0	0.0	0.0	0.0	0.0	0.0	0.0	0.0	0.0	0.0	0.0666667	0.0	0.0	0.0	0.0	0.0	0.0	0.0	0.0	0.0	0.0	0.0	0.0	0.0	
Ring-necked Pheasant (<em class="sci">Phasianus colchicus</em>)	0.0	0.0	0.0	0.0	0.0	0.0	0.0	0.0	0.0	0.0	0.0	0.0	0.0	0.0	0.0	0.0	0.0	0.0	0.0	0.0	0.0	0.0	0.0	0.0	0.0	0.0	0.0	0.0	0.0015	0.0	0.0	0.0	0.0	0.0	0.0	0.0	0.0	0.0	0.0	0.0	0.0	0.0	0.0	0.0	0.0	0.0	0.0	0.0	
Pied-billed Grebe (<em class="sci">Podilymbus podiceps</em>)	0.3541667	0.4230769	0.4358974	0.2666667	0.4193548	0.3870968	0.5897436	0.4893617	0.4761905	0.3928571	0.372093	0.4237288	0.4137931	0.4782609	0.2702703	0.2777778	0.2857143	0.3111111	0.2972973	0.3478261	0.1851852	0.3571429	0.3157895	0.2307692	0.3571429	0.2	0.0833333	0.2173913	0.2	0.25	0.3076923	0.4166667	0.4545455	0.3	0.2	0.3214286	0.2083333	0.3333333	0.4210526	0.2413793	0.2121212	0.1	0.3076923	0.1666667	0.1578947	0.3333333	0.2790698	0.3333333	
Horned Grebe (<em class="sci">Podiceps auritus</em>)	0.0	0.0	0.0	0.0333333	0.0645161	0.0	0.0	0.0	0.0	0.0357143	0.0	0.0	0.0	0.0	0.0	0.0	0.0	0.0	0.0	0.0	0.0	0.0	0.0	0.0	0.0	0.0	0.0	0.0	0.0	0.0	0.0	0.0	0.0	0.0	0.0666667	0.0	0.0833333	0.0	0.0	0.0344828	0.030303	0.1	0.0	0.0	0.0	0.0015	0.0	0.0	
Red-necked Grebe (<em class="sci">Podiceps grisegena</em>)	0.0	0.0384615	0.0	0.0166667	0.0	0.0	0.0	0.0	0.0	0.0357143	0.0	0.0	0.0	0.0	0.0	0.0	0.0	0.0	0.0	0.0	0.0	0.0	0.0	0.0	0.0	0.0	0.0	0.0	0.0	0.0	0.0	0.0	0.0	0.0	0.0666667	0.0	0.0	0.0	0.0	0.0344828	0.0	0.0	0.0769231	0.0	0.0	0.0555556	0.0	0.0	
Horned/Eared Grebe (<em class="sci">Podiceps auritus/nigricollis</em>)	0.0	0.0	0.0	0.0	0.0	0.0	0.0	0.0	0.0	0.0	0.0	0.0	0.0	0.0	0.0	0.0	0.0	0.0	0.0	0.0	0.0	0.0	0.0	0.0	0.0	0.0	0.0	0.0	0.0	0.0	0.0	0.0	0.0	0.0	0.0	0.0	0.0	0.0	0.0526316	0.0	0.0	0.0	0.0	0.0	0.0	0.0	0.0	0.0	
Western Grebe (<em class="sci">Aechmophorus occidentalis</em>)	0.0	0.0	0.0	0.0	0.0	0.0	0.0	0.0	0.0	0.0357143	0.0	0.0	0.0	0.0	0.0	0.0	0.0	0.0	0.0	0.0	0.0	0.0	0.0	0.0	0.0	0.0	0.0	0.0	0.0	0.0	0.0	0.0	0.0	0.0	0.0	0.0357143	0.0	0.0	0.0526316	0.0344828	0.0909091	0.1	0.0769231	0.0	0.0	0.0	0.0465116	0.0	
Western/Clark's Grebe (<em class="sci">Aechmophorus occidentalis/clarkii</em>)	0.0	0.0	0.0	0.0	0.0	0.0	0.0	0.0	0.0	0.0	0.0	0.0	0.0	0.0	0.0	0.0	0.0	0.0	0.0	0.0	0.0	0.0	0.0	0.0	0.0	0.0	0.0	0.0	0.0	0.0	0.0	0.0	0.0	0.0	0.0	0.0	0.0	0.0	0.0526316	0.0	0.0	0.0	0.0	0.0	0.0	0.0	0.0	0.0	
grebe sp. (<em class="sci">Podicipedidae sp.</em>)	0.0	0.0	0.0	0.0015	0.0	0.0	0.0	0.0	0.0	0.0	0.0	0.0	0.0	0.0	0.0	0.0	0.0	0.0	0.0	0.0	0.0	0.0	0.0	0.0	0.0	0.0	0.0	0.0	0.0	0.0	0.0	0.0	0.0	0.0	0.0	0.0	0.0416667	0.0	0.0	0.0	0.030303	0.0	0.0	0.0	0.0	0.0	0.0	0.0	
Rock Pigeon (<em class="sci">Columba livia</em>)	0.125	0.1153846	0.1025641	0.05	0.0645161	0.0322581	0.0512821	0.106383	0.0238095	0.0	0.0697674	0.0508475	0.1034483	0.0015	0.1351351	0.1111111	0.1428571	0.1111111	0.0810811	0.1086957	0.1481481	0.1785714	0.0526316	0.025641	0.0714286	0.1333333	0.0833333	0.0434783	0.1	0.05	0.2307692	0.1666667	0.2727273	0.0	0.0666667	0.2142857	0.0416667	0.0	0.1578947	0.0689655	0.0909091	0.1	0.0	0.0416667	0.2105263	0.0555556	0.0930233	0.0784314	
Band-tailed Pigeon (<em class="sci">Patagioenas fasciata</em>)	0.0208333	0.0384615	0.0	0.0333333	0.0322581	0.0	0.0	0.0	0.047619	0.0714286	0.0	0.0	0.0344828	0.0434783	0.027027	0.1666667	0.0357143	0.0666667	0.2702703	0.0217391	0.0	0.0357143	0.1052632	0.1794872	0.0714286	0.0666667	0.0833333	0.0	0.0	0.0	0.0769231	0.0	0.1818182	0.0	0.1333333	0.1071429	0.2083333	0.0833333	0.0	0.0344828	0.0	0.1	0.0	0.0	0.0	0.0	0.0	0.0	
Rock/Band-tailed Pigeon (<em class="sci">Columba livia/Patagioenas fasciata</em>)	0.0	0.0	0.0	0.0	0.0	0.0	0.0	0.0	0.0	0.0	0.0	0.0	0.0	0.0	0.0	0.0	0.0	0.0	0.0	0.0	0.0	0.0	0.0	0.0	0.0	0.0	0.0	0.0	0.05	0.0	0.0	0.0	0.0	0.0	0.0	0.0	0.0	0.0	0.0	0.0344828	0.0	0.0	0.0	0.0	0.0	0.0	0.0	0.0	
Eurasian Collared-Dove (<em class="sci">Streptopelia decaocto</em>)	0.0	0.0	0.0	0.0	0.0	0.0	0.0	0.0	0.0	0.0	0.0	0.0	0.0	0.0	0.0	0.0	0.0	0.0222222	0.027027	0.0	0.0	0.0	0.0	0.0	0.0	0.0	0.0	0.0	0.0	0.0	0.0	0.0	0.0	0.0	0.0	0.0	0.0	0.0	0.0	0.0	0.0	0.0	0.0	0.0	0.0	0.0	0.0	0.0	
Mourning Dove (<em class="sci">Zenaida macroura</em>)	0.0	0.0	0.0	0.0	0.0	0.0	0.025641	0.0	0.0	0.0	0.0	0.0	0.0	0.0	0.0	0.0	0.0	0.0	0.0	0.0	0.0	0.0	0.0	0.0	0.0	0.0666667	0.0	0.0	0.0	0.0	0.0	0.0	0.0	0.0	0.0	0.0357143	0.0	0.0833333	0.0	0.0344828	0.0	0.1	0.0	0.0	0.0	0.0	0.0	0.0	
pigeon/dove sp. (<em class="sci">Columbidae sp.</em>)	0.0	0.0	0.0	0.0	0.0	0.0	0.0	0.0	0.0	0.0	0.0	0.0	0.0	0.0	0.0	0.0	0.0	0.0222222	0.027027	0.0	0.0	0.0	0.0	0.0	0.0	0.0	0.0	0.0	0.0	0.0	0.0769231	0.0	0.0	0.0	0.0	0.0	0.0	0.0	0.0	0.0	0.0	0.0	0.0	0.0	0.0	0.0	0.0	0.0	
Common Nighthawk (<em class="sci">Chordeiles minor</em>)	0.0	0.0	0.0	0.0	0.0	0.0	0.0	0.0	0.0	0.0	0.0	0.0	0.0	0.0	0.0	0.0	0.0	0.0	0.0	0.0	0.037037	0.0	0.0	0.0	0.0	0.0	0.0416667	0.0	0.0	0.0	0.0	0.0416667	0.0	0.0	0.0	0.0	0.0	0.0	0.0	0.0	0.0	0.0	0.0	0.0	0.0	0.0	0.0	0.0	
Black Swift (<em class="sci">Cypseloides niger</em>)	0.0	0.0	0.0	0.0	0.0	0.0	0.0	0.0	0.0	0.0	0.0	0.0	0.0	0.0	0.0	0.0	0.0	0.0	0.0	0.0	0.0	0.0	0.0	0.0	0.0	0.0	0.0	0.0434783	0.0	0.0	0.0	0.0	0.0	0.0	0.0	0.0	0.0	0.0	0.0	0.0	0.0	0.0	0.0	0.0	0.0	0.0	0.0	0.0	
Vaux's Swift (<em class="sci">Chaetura vauxi</em>)	0.0	0.0	0.0	0.0	0.0	0.0	0.0	0.0	0.0	0.0	0.0	0.0	0.0	0.0	0.0	0.0833333	0.1428571	0.0888889	0.1621622	0.0217391	0.0740741	0.0714286	0.2631579	0.1794872	0.0	0.1333333	0.0833333	0.0869565	0.05	0.15	0.0015	0.0416667	0.1818182	0.1	0.0	0.0357143	0.0416667	0.0	0.0	0.0	0.0	0.0	0.0	0.0	0.0	0.0	0.0	0.0	
swift sp. (<em class="sci">Apodidae sp.</em>)	0.0	0.0	0.0	0.0	0.0	0.0	0.0	0.0	0.0	0.0	0.0	0.0	0.0	0.0	0.0	0.0	0.0	0.0	0.0	0.0	0.0	0.0	0.0	0.0	0.0	0.0	0.0	0.0	0.0	0.05	0.0	0.0	0.0	0.0	0.0	0.0	0.0	0.0	0.0	0.0	0.0	0.0	0.0	0.0	0.0	0.0	0.0	0.0	
Anna's Hummingbird (<em class="sci">Calypte anna</em>)	0.5833333	0.8461538	0.6666667	0.65	0.6451613	0.7096774	0.8461538	0.8085106	0.7142857	0.5714286	0.744186	0.8135593	0.6551724	0.6956522	0.6756757	0.75	0.6785714	0.6	0.7027027	0.7826087	0.7037037	0.6071429	0.7368421	0.5897436	0.5	0.4666667	0.375	0.4347826	0.55	0.5	0.4615385	0.5833333	0.5454545	0.3	0.5333333	0.5357143	0.5	0.5	0.3157895	0.7241379	0.3030303	0.3	0.3076923	0.3333333	0.4736842	0.5555556	0.5813953	0.627451	
Rufous Hummingbird (<em class="sci">Selasphorus rufus</em>)	0.0	0.0	0.0	0.0	0.0	0.0	0.0	0.0	0.0	0.0	0.0	0.0169492	0.0	0.0015	0.027027	0.0277778	0.0	0.0222222	0.0540541	0.1304348	0.1481481	0.0714286	0.1052632	0.0769231	0.0	0.2	0.0	0.0015	0.05	0.0	0.0	0.0	0.0	0.0	0.0	0.0	0.0	0.0	0.0	0.0	0.0	0.0	0.0	0.0	0.0	0.0	0.0	0.0	
Selasphorus sp. (<em class="sci">Selasphorus sp.</em>)	0.0	0.0	0.0	0.0015	0.0	0.0	0.0	0.0	0.0	0.0	0.0	0.0	0.0	0.0	0.0	0.0	0.0	0.0	0.0	0.0	0.0	0.0	0.0	0.0	0.0	0.0	0.0	0.0	0.0	0.0	0.0	0.0	0.0	0.0	0.0	0.0	0.0	0.0	0.0	0.0	0.0	0.0	0.0	0.0	0.0	0.0	0.0	0.0	
hummingbird sp. (<em class="sci">Trochilidae sp.</em>)	0.0	0.0	0.0	0.0	0.0	0.0	0.025641	0.0	0.0238095	0.0714286	0.0465116	0.0338983	0.0689655	0.0015	0.027027	0.1111111	0.0357143	0.0	0.0	0.0434783	0.0015	0.0357143	0.0526316	0.0512821	0.0714286	0.0666667	0.0833333	0.173913	0.0	0.05	0.0	0.0	0.0909091	0.0	0.0	0.0357143	0.0416667	0.0833333	0.0526316	0.0	0.0	0.0	0.0	0.0	0.0	0.0	0.0	0.0	
Virginia Rail (<em class="sci">Rallus limicola</em>)	0.0	0.0	0.0	0.0015	0.0322581	0.0	0.025641	0.0	0.047619	0.0	0.0232558	0.0	0.0344828	0.0	0.0015	0.0015	0.0714286	0.0222222	0.0	0.0434783	0.0	0.0357143	0.0	0.0512821	0.0	0.0	0.0	0.0	0.0	0.0	0.0	0.0	0.0	0.0	0.0	0.0	0.0	0.0	0.1052632	0.0	0.0	0.0	0.0	0.0	0.0	0.0	0.0	0.0	
Sora (<em class="sci">Porzana carolina</em>)	0.0	0.0	0.0	0.0	0.0	0.0	0.0	0.0	0.0	0.0	0.0	0.0	0.0	0.0	0.0	0.0015	0.0	0.0	0.0	0.0	0.0	0.0	0.0	0.0	0.0	0.0	0.0	0.0	0.0	0.0	0.0	0.0	0.0	0.0	0.0	0.0	0.0	0.0	0.0	0.0	0.0	0.0	0.0	0.0	0.0	0.0	0.0	0.0	
American Coot (<em class="sci">Fulica americana</em>)	0.25	0.3461538	0.3076923	0.3	0.4516129	0.3870968	0.4358974	0.6382979	0.3333333	0.5357143	0.4186047	0.5423729	0.4827586	0.5217391	0.3243243	0.1944444	0.0714286	0.1111111	0.027027	0.0	0.037037	0.1071429	0.0526316	0.0512821	0.0	0.0	0.0416667	0.0	0.0	0.05	0.1538462	0.0	0.1818182	0.0	0.0666667	0.2142857	0.125	0.1666667	0.1578947	0.1724138	0.1818182	0.3	0.4615385	0.2083333	0.2631579	0.3333333	0.2325581	0.2352941	
Black-bellied Plover (<em class="sci">Pluvialis squatarola</em>)	0.0	0.0	0.0	0.0	0.0	0.0	0.0	0.0	0.0	0.0	0.0	0.0	0.0	0.0	0.0	0.0	0.0	0.0	0.0	0.0	0.0	0.0	0.0	0.0	0.0	0.0	0.0	0.0	0.0	0.0	0.0	0.0	0.0	0.0	0.0	0.0	0.0416667	0.0	0.0	0.0	0.0	0.0	0.0	0.0	0.0	0.0	0.0	0.0	
Killdeer (<em class="sci">Charadrius vociferus</em>)	0.0	0.0769231	0.0	0.0	0.0322581	0.0	0.0	0.0	0.0238095	0.0	0.0	0.0	0.0	0.0	0.0	0.0277778	0.0	0.0222222	0.027027	0.0	0.0	0.0	0.0526316	0.0	0.0	0.0	0.0	0.0	0.0	0.0	0.0	0.0	0.0909091	0.0	0.1333333	0.0714286	0.0	0.0833333	0.0526316	0.0	0.0	0.0	0.0	0.0	0.0	0.0	0.0	0.0	
Dunlin (<em class="sci">Calidris alpina</em>)	0.0	0.0	0.0	0.0	0.0322581	0.0	0.0	0.0	0.0	0.0	0.0	0.0	0.0	0.0	0.0	0.0	0.0	0.0	0.0	0.0	0.0	0.0	0.0	0.0	0.0	0.0	0.0	0.0	0.0	0.0	0.0	0.0	0.0	0.0	0.0	0.0	0.0	0.0	0.0	0.0	0.0	0.0	0.0	0.0	0.0	0.0	0.0	0.0	
Least Sandpiper (<em class="sci">Calidris minutilla</em>)	0.0	0.0	0.0	0.0	0.0	0.0	0.0	0.0	0.0	0.0	0.0	0.0	0.0	0.0	0.0	0.0	0.0	0.0	0.0	0.0	0.0	0.0	0.0	0.0	0.0714286	0.0	0.0	0.0	0.0	0.0	0.0	0.0	0.0	0.0	0.0	0.0	0.0	0.0	0.0	0.0	0.0	0.0	0.0	0.0	0.0	0.0	0.0	0.0	
Wilson's Snipe (<em class="sci">Gallinago delicata</em>)	0.0625	0.0	0.0	0.0	0.0	0.0	0.0	0.0	0.0	0.0	0.0	0.0	0.0	0.0	0.0	0.0	0.0	0.0	0.0	0.0	0.0	0.0	0.0	0.0	0.0	0.0	0.0	0.0	0.0	0.0	0.0	0.0	0.0	0.0	0.0	0.0357143	0.0	0.0	0.0	0.0	0.0	0.0	0.0	0.0	0.0	0.0	0.0697674	0.0	
Spotted Sandpiper (<em class="sci">Actitis macularius</em>)	0.0	0.0	0.0	0.0	0.0	0.0	0.0	0.0	0.0	0.0	0.0	0.0	0.0	0.0	0.0	0.0	0.0357143	0.0222222	0.027027	0.0	0.0	0.0	0.0	0.0	0.0	0.0	0.0	0.0	0.0	0.0	0.0	0.0416667	0.0909091	0.0	0.0	0.0357143	0.0	0.0	0.0	0.0	0.0	0.0	0.0	0.0	0.0	0.0	0.0	0.0	
Bonaparte's Gull (<em class="sci">Chroicocephalus philadelphia</em>)	0.0	0.0	0.0	0.0	0.0	0.0	0.0	0.0	0.0	0.0	0.0	0.0	0.0	0.0	0.0	0.0277778	0.0	0.0	0.0	0.0	0.0	0.0	0.0	0.0	0.0	0.0	0.0	0.0	0.0	0.0	0.0	0.0	0.0	0.0	0.0	0.0	0.0	0.0	0.0	0.0	0.0	0.0	0.0015	0.0	0.0	0.0	0.0	0.0	
Ross's Gull (<em class="sci">Rhodostethia rosea</em>)	0.0	0.0	0.0	0.0	0.0	0.0	0.0	0.0	0.0	0.0	0.0	0.0	0.0	0.0	0.0	0.0	0.0	0.0	0.0	0.0	0.0	0.0	0.0	0.0	0.0	0.0	0.0	0.0	0.0	0.0	0.0	0.0	0.0	0.0	0.0	0.0	0.0	0.0	0.0	0.0	0.0	0.0	0.0	0.0	0.1052632	0.0	0.0	0.0	
Mew Gull (<em class="sci">Larus canus</em>)	0.0208333	0.0	0.0	0.0666667	0.0322581	0.0645161	0.025641	0.0	0.0	0.0357143	0.0232558	0.0169492	0.0344828	0.0	0.027027	0.0	0.0	0.0	0.0	0.0	0.0	0.0	0.0	0.0	0.0	0.0	0.0	0.0	0.0	0.0	0.0	0.0	0.0	0.0	0.0	0.0	0.0416667	0.0	0.1052632	0.0	0.0	0.0	0.0769231	0.0	0.0526316	0.0	0.0232558	0.0	
Ring-billed Gull (<em class="sci">Larus delawarensis</em>)	0.0416667	0.0769231	0.0	0.0	0.0645161	0.0015	0.0769231	0.0425532	0.047619	0.0357143	0.0232558	0.0	0.0344828	0.0434783	0.0	0.0	0.0357143	0.0	0.0	0.0217391	0.0	0.0	0.0	0.0	0.0	0.0	0.0416667	0.0434783	0.0	0.05	0.0769231	0.0	0.2727273	0.0	0.0	0.1428571	0.0	0.0	0.1052632	0.0	0.030303	0.1	0.0769231	0.0	0.1052632	0.0	0.0697674	0.0196078	
Western Gull (<em class="sci">Larus occidentalis</em>)	0.0	0.0	0.0	0.0166667	0.0	0.0	0.0	0.0	0.0	0.0	0.0	0.0	0.0	0.0	0.0	0.0	0.0	0.0	0.0	0.0	0.0	0.0	0.0	0.0	0.0	0.0	0.0	0.0	0.0	0.0	0.0	0.0	0.0	0.0	0.0	0.0	0.0	0.0	0.0	0.0344828	0.0	0.0	0.0	0.0	0.0	0.0	0.0	0.0	
California Gull (<em class="sci">Larus californicus</em>)	0.0	0.0384615	0.0	0.0166667	0.0	0.0	0.025641	0.0	0.0	0.0	0.0	0.0	0.0	0.0	0.0	0.0	0.0	0.0	0.027027	0.0	0.0	0.0	0.0	0.0	0.0	0.0	0.0	0.0	0.05	0.0	0.0769231	0.0	0.0	0.0	0.0	0.0357143	0.0416667	0.0	0.0	0.0344828	0.0	0.0	0.0	0.0	0.0526316	0.0	0.0232558	0.0	
Herring/Iceland Gull (<em class="sci">Larus argentatus/glaucoides</em>)	0.0	0.0	0.0	0.0	0.0	0.0	0.0	0.0	0.0	0.0	0.0	0.0	0.0	0.0	0.0	0.0	0.0	0.0	0.0	0.0	0.0	0.0	0.0	0.0	0.0	0.0	0.0	0.0	0.0	0.0	0.0	0.0	0.0	0.0	0.0	0.0	0.0	0.0	0.0	0.0	0.0	0.0	0.0	0.0	0.0	0.0	0.0	0.0196078	
Glaucous-winged Gull (<em class="sci">Larus glaucescens</em>)	0.1458333	0.3076923	0.2307692	0.15	0.2258065	0.0322581	0.1794872	0.1489362	0.1428571	0.1428571	0.1395349	0.1525424	0.0344828	0.0434783	0.1351351	0.1666667	0.1785714	0.2666667	0.2162162	0.1521739	0.1851852	0.3214286	0.1578947	0.2820513	0.1428571	0.2666667	0.125	0.1304348	0.1	0.2	0.1538462	0.1666667	0.1818182	0.1	0.2	0.1785714	0.125	0.0	0.2105263	0.0344828	0.0606061	0.2	0.0769231	0.1666667	0.2631579	0.1666667	0.2325581	0.1960784	
Western x Glaucous-winged Gull (hybrid) (<em class="sci">Larus occidentalis x glaucescens</em>)	0.0	0.0	0.025641	0.0166667	0.0	0.0	0.025641	0.0	0.0238095	0.0357143	0.0	0.0169492	0.0	0.0	0.027027	0.0015	0.0357143	0.0222222	0.027027	0.0	0.0	0.0	0.0	0.0	0.0	0.0	0.0	0.0	0.05	0.0	0.0	0.0	0.0909091	0.0	0.0666667	0.0357143	0.0	0.0	0.0	0.0	0.0	0.0	0.0	0.0	0.0	0.0	0.0	0.0196078	
Western/Glaucous-winged Gull (<em class="sci">Larus occidentalis/glaucescens</em>)	0.0015	0.0	0.0512821	0.0166667	0.0	0.0322581	0.025641	0.0	0.0238095	0.0	0.0	0.0	0.0	0.0	0.027027	0.0	0.0357143	0.0	0.0	0.0	0.037037	0.0714286	0.0	0.0	0.0	0.0	0.0	0.0	0.0	0.0	0.0	0.0	0.0	0.0	0.0	0.0	0.0	0.0	0.0	0.0344828	0.0	0.0	0.0	0.0	0.0526316	0.0	0.0	0.0	
Larus sp. (<em class="sci">Larus sp.</em>)	0.0	0.0	0.0512821	0.0	0.0	0.0322581	0.0769231	0.0212766	0.0238095	0.0	0.0232558	0.0	0.0344828	0.0	0.027027	0.0	0.0357143	0.0	0.0	0.0	0.0	0.0	0.0	0.0	0.0	0.0	0.0	0.0	0.05	0.0	0.0	0.0	0.0	0.0	0.0	0.0	0.0	0.0	0.0	0.0344828	0.030303	0.0	0.0	0.0416667	0.1052632	0.0	0.0697674	0.0	
gull sp. (<em class="sci">Larinae sp.</em>)	0.125	0.0384615	0.0769231	0.0333333	0.0	0.0322581	0.1025641	0.0851064	0.0714286	0.0714286	0.0	0.0508475	0.0689655	0.2173913	0.0540541	0.0833333	0.0357143	0.1111111	0.0540541	0.0217391	0.037037	0.0	0.1052632	0.025641	0.0714286	0.0	0.0	0.0434783	0.05	0.15	0.1538462	0.0	0.0	0.0	0.0666667	0.0357143	0.0416667	0.0833333	0.0	0.1034483	0.030303	0.0	0.0015	0.0416667	0.0526316	0.1111111	0.1395349	0.1176471	
Least Tern (<em class="sci">Sternula antillarum</em>)	0.0	0.0	0.0	0.0	0.0	0.0	0.0	0.0	0.0	0.0	0.0	0.0	0.0	0.0	0.0	0.0	0.0	0.0	0.0	0.0	0.037037	0.0	0.0	0.0	0.0	0.0	0.0	0.0	0.0	0.0	0.0	0.0	0.0	0.0	0.0	0.0	0.0	0.0	0.0	0.0	0.0	0.0	0.0	0.0	0.0	0.0	0.0	0.0	
Caspian Tern (<em class="sci">Hydroprogne caspia</em>)	0.0	0.0	0.0	0.0	0.0	0.0	0.0	0.0	0.0	0.0	0.0	0.0	0.0	0.0	0.0	0.0277778	0.0	0.0	0.0810811	0.0217391	0.0740741	0.0714286	0.1052632	0.2820513	0.0	0.0666667	0.0416667	0.0434783	0.05	0.0	0.0769231	0.0833333	0.0	0.1	0.0666667	0.0	0.0833333	0.0	0.0526316	0.0	0.0	0.0	0.0	0.0	0.0	0.0	0.0	0.0	
tern sp. (<em class="sci">Sterninae sp.</em>)	0.0	0.0	0.0	0.0	0.0	0.0	0.0	0.0	0.0	0.0	0.0	0.0	0.0	0.0	0.0	0.0	0.0	0.0	0.0	0.0	0.0	0.0	0.0	0.0	0.0714286	0.0	0.0	0.0	0.0	0.0	0.0	0.0	0.0	0.0	0.0	0.0	0.0	0.0	0.0	0.0	0.0	0.0	0.0	0.0	0.0	0.0	0.0	0.0	
Red-throated Loon (<em class="sci">Gavia stellata</em>)	0.0	0.0	0.0015	0.0	0.0	0.0	0.0	0.0	0.0	0.0	0.0	0.0	0.0	0.0	0.0	0.0	0.0	0.0	0.0	0.0	0.0	0.0	0.0	0.0	0.0	0.0	0.0	0.0	0.0	0.0	0.0	0.0	0.0	0.0	0.0	0.0	0.0	0.0	0.0	0.0	0.0	0.0	0.0	0.0	0.0	0.0	0.0	0.0	
Pacific Loon (<em class="sci">Gavia pacifica</em>)	0.0	0.0	0.0	0.0	0.0	0.0	0.0	0.0	0.0	0.0	0.0	0.0	0.0	0.0	0.0	0.0	0.0	0.0	0.0	0.0	0.0	0.0	0.0	0.0	0.0	0.0	0.0	0.0	0.0	0.0	0.0	0.0	0.0	0.0	0.0	0.0	0.0	0.0	0.0	0.0344828	0.0	0.0	0.0	0.0	0.0	0.0	0.0	0.0	
Common Loon (<em class="sci">Gavia immer</em>)	0.0	0.0	0.0	0.0	0.0	0.0	0.0	0.0	0.0	0.0	0.0	0.0	0.0	0.0	0.0	0.0	0.0	0.0	0.0	0.0	0.0	0.0	0.0	0.0	0.0	0.0	0.0	0.0	0.0	0.0	0.0	0.0	0.0	0.0	0.1333333	0.0	0.0	0.0	0.0	0.0344828	0.030303	0.0	0.0	0.0	0.0	0.0	0.0	0.0	
Double-crested Cormorant (<em class="sci">Phalacrocorax auritus</em>)	0.3958333	0.3846154	0.4358974	0.3333333	0.4193548	0.3548387	0.4871795	0.4042553	0.2857143	0.3214286	0.2790698	0.2881356	0.2413793	0.3478261	0.2702703	0.25	0.1785714	0.0888889	0.0540541	0.0652174	0.0	0.0	0.0	0.025641	0.0	0.0	0.0015	0.0	0.0015	0.0	0.0015	0.0	0.1818182	0.2	0.1333333	0.25	0.0833333	0.1666667	0.2631579	0.2758621	0.2121212	0.3	0.3846154	0.375	0.3157895	0.1666667	0.2325581	0.2941176	
cormorant sp. (<em class="sci">Phalacrocoracidae sp.</em>)	0.0	0.0	0.0	0.0015	0.0	0.0	0.0	0.0	0.0	0.0	0.0	0.0	0.0	0.0	0.0	0.0	0.0	0.0	0.0	0.0	0.0	0.0	0.0	0.0	0.0	0.0	0.0	0.0	0.0	0.0	0.0	0.0	0.0	0.0	0.0	0.0	0.0416667	0.0	0.0	0.0	0.0	0.0	0.0	0.0	0.0	0.0	0.0	0.0	
American Bittern (<em class="sci">Botaurus lentiginosus</em>)	0.0	0.0	0.0	0.0	0.0322581	0.0	0.0	0.0	0.0	0.0	0.0	0.0	0.0	0.0	0.0	0.0	0.0	0.0	0.0	0.0	0.0	0.0	0.0	0.0	0.0	0.0	0.0	0.0	0.0	0.0	0.0	0.0	0.0	0.0	0.0	0.0	0.0416667	0.0	0.0	0.0	0.0	0.0	0.0	0.0	0.0	0.0	0.0	0.0	
Great Blue Heron (<em class="sci">Ardea herodias</em>)	0.3541667	0.3461538	0.2820513	0.1833333	0.1935484	0.2903226	0.4102564	0.4255319	0.2142857	0.3928571	0.3953488	0.3050847	0.3448276	0.3478261	0.5135135	0.4166667	0.4285714	0.4666667	0.4324324	0.3913043	0.2962963	0.4285714	0.3684211	0.3846154	0.3571429	0.2666667	0.125	0.2608696	0.35	0.4	0.2307692	0.375	0.3636364	0.4	0.3333333	0.2857143	0.25	0.5	0.2631579	0.2758621	0.1515152	0.2	0.3076923	0.3333333	0.2631579	0.1111111	0.1860465	0.2352941	
Great Egret (<em class="sci">Ardea alba</em>)	0.0	0.0	0.0	0.0	0.0	0.0	0.0	0.0	0.0	0.0	0.0	0.0	0.0	0.0	0.0	0.0	0.0	0.0015	0.0	0.0	0.0	0.0	0.0	0.0	0.0	0.0	0.0	0.0	0.0	0.0	0.0	0.0	0.0	0.0	0.0	0.0	0.0	0.0	0.0	0.0	0.0	0.0	0.0	0.0	0.0	0.0	0.0	0.0	
Green Heron (<em class="sci">Butorides virescens</em>)	0.0	0.0	0.0	0.0	0.0322581	0.0	0.0	0.0212766	0.0	0.0	0.0	0.0	0.0	0.0	0.0015	0.0	0.0	0.0222222	0.027027	0.0	0.0015	0.0	0.0	0.1025641	0.0714286	0.0666667	0.0416667	0.0434783	0.1	0.15	0.2307692	0.1666667	0.0909091	0.3	0.1333333	0.0357143	0.0416667	0.0	0.0526316	0.0	0.0	0.0	0.0	0.0	0.0	0.0	0.0	0.0	
Turkey Vulture (<em class="sci">Cathartes aura</em>)	0.0	0.0	0.0	0.0	0.0	0.0	0.0	0.0	0.0	0.0	0.0	0.0	0.0	0.0434783	0.0	0.0277778	0.0	0.0	0.0	0.0	0.0	0.0	0.0	0.0	0.0	0.0	0.0	0.0	0.05	0.0	0.0	0.0416667	0.0	0.0	0.0	0.0714286	0.0	0.0	0.0	0.0	0.0	0.0	0.0	0.0	0.0	0.0	0.0	0.0	
Osprey (<em class="sci">Pandion haliaetus</em>)	0.0	0.0	0.0	0.0	0.0	0.0	0.0	0.0	0.0	0.0	0.0	0.0	0.0	0.0	0.027027	0.0833333	0.0357143	0.0888889	0.0540541	0.1086957	0.1481481	0.1785714	0.1052632	0.1794872	0.2857143	0.1333333	0.0015	0.0434783	0.05	0.0	0.1538462	0.0	0.0909091	0.0015	0.0	0.0	0.0416667	0.0	0.0	0.0	0.0	0.0	0.0	0.0	0.0	0.0	0.0	0.0	
Sharp-shinned Hawk (<em class="sci">Accipiter striatus</em>)	0.0416667	0.0384615	0.0	0.05	0.0322581	0.0322581	0.0	0.0	0.0	0.0357143	0.0	0.0847458	0.0344828	0.0	0.0	0.0	0.0015	0.0222222	0.0	0.0	0.0	0.0	0.0	0.0	0.0714286	0.0	0.0	0.0	0.05	0.0015	0.0015	0.0	0.0	0.0	0.0666667	0.0	0.0	0.0	0.0	0.0	0.0	0.0	0.0769231	0.0	0.0	0.2777778	0.0930233	0.0	
Cooper's Hawk (<em class="sci">Accipiter cooperii</em>)	0.0416667	0.0769231	0.1282051	0.0666667	0.1612903	0.1612903	0.1282051	0.2340426	0.3333333	0.1428571	0.255814	0.2711864	0.2068966	0.4347826	0.2702703	0.25	0.1428571	0.1111111	0.1891892	0.1956522	0.3333333	0.2142857	0.2631579	0.1794872	0.1428571	0.0666667	0.25	0.173913	0.1	0.05	0.2307692	0.125	0.0909091	0.0	0.2	0.1071429	0.1666667	0.1666667	0.1052632	0.1724138	0.1212121	0.0	0.3076923	0.125	0.0526316	0.0	0.0697674	0.1372549	
Sharp-shinned/Cooper's Hawk (<em class="sci">Accipiter striatus/cooperii</em>)	0.0208333	0.0	0.0	0.0	0.0	0.0	0.0	0.0	0.0	0.0	0.0	0.0	0.0344828	0.0869565	0.0	0.0	0.0	0.0	0.0540541	0.0	0.0	0.0	0.0	0.0	0.0	0.0	0.0	0.0434783	0.0	0.0	0.0	0.0	0.0	0.0	0.0	0.0357143	0.0	0.0	0.0	0.0344828	0.0	0.0	0.0	0.0	0.0526316	0.0	0.0	0.0	
Accipiter sp. (<em class="sci">Accipiter sp.</em>)	0.0015	0.0	0.0	0.0	0.0	0.0322581	0.0	0.0	0.0	0.0015	0.0	0.0	0.0	0.0434783	0.027027	0.0	0.0	0.0	0.0	0.0	0.0	0.0	0.0	0.0	0.0	0.0	0.0	0.0	0.0	0.0	0.0	0.0	0.0	0.0	0.0	0.0	0.0416667	0.0833333	0.0	0.0	0.0	0.1	0.0	0.0	0.0	0.0	0.0	0.0	
Bald Eagle (<em class="sci">Haliaeetus leucocephalus</em>)	0.3125	0.3461538	0.2564103	0.2666667	0.3225806	0.4193548	0.4358974	0.4255319	0.452381	0.3928571	0.4186047	0.4237288	0.4137931	0.4347826	0.2162162	0.4166667	0.5357143	0.2888889	0.2702703	0.3043478	0.2962963	0.2857143	0.3157895	0.2051282	0.4285714	0.2	0.0015	0.173913	0.1	0.0	0.0	0.0833333	0.0909091	0.0	0.0666667	0.0714286	0.125	0.25	0.1578947	0.1034483	0.030303	0.4	0.1538462	0.2083333	0.3157895	0.2222222	0.255814	0.2745098	
Red-tailed Hawk (<em class="sci">Buteo jamaicensis</em>)	0.0625	0.0384615	0.0769231	0.0166667	0.0967742	0.1612903	0.1282051	0.1276596	0.0714286	0.1428571	0.0930233	0.0677966	0.137931	0.0869565	0.0810811	0.0833333	0.1071429	0.0444444	0.027027	0.0217391	0.0	0.0	0.0	0.0512821	0.0	0.0	0.0833333	0.0	0.15	0.0	0.0	0.0416667	0.0	0.0	0.2	0.0357143	0.0833333	0.1666667	0.0526316	0.1034483	0.030303	0.1	0.0769231	0.125	0.0	0.0	0.0930233	0.0588235	
hawk sp. (<em class="sci">Accipitridae sp. (hawk sp.)</em>)	0.0	0.0	0.0	0.0	0.0	0.0	0.0	0.0	0.0	0.0	0.0	0.0	0.0344828	0.0	0.0	0.0	0.0	0.0	0.0	0.0	0.0	0.0	0.0	0.0	0.0	0.0	0.0	0.0	0.0	0.0	0.0	0.0	0.0	0.0	0.0	0.0	0.0	0.0	0.0	0.0344828	0.0	0.0	0.0	0.0	0.0	0.0	0.0	0.0	
Barred Owl (<em class="sci">Strix varia</em>)	0.0625	0.0	0.0769231	0.0333333	0.0645161	0.0645161	0.0769231	0.0851064	0.1904762	0.0714286	0.1162791	0.1525424	0.0689655	0.0434783	0.1081081	0.0277778	0.0714286	0.1111111	0.1081081	0.0434783	0.0740741	0.1785714	0.1052632	0.1282051	0.0714286	0.0	0.2083333	0.0434783	0.05	0.1	0.0	0.0833333	0.0	0.0	0.1333333	0.0357143	0.0416667	0.0833333	0.1052632	0.0689655	0.0015	0.0	0.0	0.0	0.0015	0.0	0.0232558	0.0392157	
Northern Saw-whet Owl (<em class="sci">Aegolius acadicus</em>)	0.0	0.0	0.0	0.0	0.0	0.0	0.0	0.0	0.0	0.0	0.0	0.0	0.0	0.0	0.0	0.0	0.0	0.0	0.0	0.0	0.0	0.0	0.0	0.0	0.0	0.0	0.0	0.0	0.0	0.0	0.0	0.0	0.0	0.0	0.0	0.0	0.0	0.0	0.0	0.0	0.0	0.0	0.0	0.0015	0.0	0.0	0.0	0.0	
owl sp. (<em class="sci">Strigiformes sp.</em>)	0.0	0.0	0.0	0.0	0.0322581	0.0	0.0	0.0	0.0	0.0	0.0	0.0	0.0	0.0	0.0	0.0	0.0	0.0	0.0	0.0	0.0	0.0	0.0	0.0	0.0	0.0	0.0	0.0	0.0	0.0	0.0	0.0	0.0	0.0	0.0	0.0	0.0	0.0	0.0	0.0	0.0	0.0	0.0	0.0	0.0	0.0	0.0	0.0	
Belted Kingfisher (<em class="sci">Megaceryle alcyon</em>)	0.1041667	0.0769231	0.0769231	0.1833333	0.1290323	0.2258065	0.2307692	0.1914894	0.0952381	0.2142857	0.0930233	0.1016949	0.0344828	0.0	0.027027	0.0555556	0.0357143	0.0222222	0.0	0.0	0.0740741	0.0357143	0.0526316	0.025641	0.1428571	0.2666667	0.0833333	0.2173913	0.3	0.3	0.3846154	0.2916667	0.2727273	0.2	0.1333333	0.3928571	0.25	0.5	0.3157895	0.1724138	0.1818182	0.4	0.3076923	0.2916667	0.2105263	0.4444444	0.3255814	0.1960784	
Red-naped Sapsucker (<em class="sci">Sphyrapicus nuchalis</em>)	0.0416667	0.0384615	0.1025641	0.2166667	0.1612903	0.1612903	0.1282051	0.0638298	0.0238095	0.0	0.0	0.0	0.0	0.0	0.0	0.0	0.0	0.0	0.0	0.0	0.0	0.0	0.0	0.0	0.0	0.0	0.0	0.0	0.0	0.0	0.0	0.0	0.0	0.0	0.0	0.0	0.0	0.0	0.0	0.0	0.0	0.0	0.0	0.0	0.0	0.0	0.0	0.0196078	
Red-breasted Sapsucker (<em class="sci">Sphyrapicus ruber</em>)	0.1458333	0.1153846	0.1794872	0.2833333	0.1290323	0.1935484	0.1282051	0.0851064	0.1190476	0.0357143	0.0	0.0	0.0	0.0	0.027027	0.0015	0.0	0.0	0.0	0.0	0.0	0.0	0.0	0.0	0.0	0.0	0.0416667	0.0	0.0	0.0	0.0	0.0	0.0	0.0	0.0	0.1071429	0.2916667	0.25	0.0526316	0.1034483	0.0606061	0.0	0.1538462	0.0833333	0.0	0.0555556	0.1395349	0.1764706	
Red-naped x Red-breasted Sapsucker (hybrid) (<em class="sci">Sphyrapicus nuchalis x ruber</em>)	0.0	0.0	0.0	0.0	0.0	0.0	0.0	0.0	0.0	0.0	0.0	0.0	0.0	0.0	0.0	0.0	0.0	0.0	0.0	0.0	0.0	0.0	0.0	0.0	0.0	0.0	0.0	0.0	0.0	0.0	0.0	0.0	0.0	0.0	0.0	0.0	0.0	0.0	0.0	0.0	0.0	0.0	0.0	0.0	0.0	0.0	0.0232558	0.0	
Red-naped/Red-breasted Sapsucker (<em class="sci">Sphyrapicus nuchalis/ruber</em>)	0.0	0.0	0.0	0.0	0.0	0.0	0.0	0.0	0.0	0.0	0.0	0.0	0.0	0.0	0.0	0.0	0.0	0.0	0.0	0.0	0.0	0.0	0.0	0.0	0.0	0.0	0.0	0.0	0.0	0.0	0.0	0.0	0.0	0.0	0.0	0.0015	0.0	0.0	0.0	0.0	0.0	0.0	0.0	0.0	0.0	0.0	0.0	0.0	
Downy Woodpecker (<em class="sci">Dryobates pubescens</em>)	0.2916667	0.3846154	0.2564103	0.2833333	0.2258065	0.1612903	0.2307692	0.3191489	0.1904762	0.1428571	0.2093023	0.2542373	0.2413793	0.1304348	0.2972973	0.2777778	0.1785714	0.1555556	0.2702703	0.1956522	0.1481481	0.1071429	0.3157895	0.2820513	0.1428571	0.4	0.1666667	0.0869565	0.3	0.1	0.3076923	0.125	0.4545455	0.1	0.2	0.1785714	0.4166667	0.5	0.3684211	0.137931	0.1212121	0.2	0.2307692	0.375	0.3684211	0.3888889	0.3023256	0.1372549	
Hairy Woodpecker (<em class="sci">Dryobates villosus</em>)	0.0	0.0	0.025641	0.0166667	0.0322581	0.0322581	0.0	0.0	0.0	0.0357143	0.0	0.0	0.0	0.0	0.027027	0.0	0.0	0.0	0.027027	0.0217391	0.0	0.0357143	0.0	0.0	0.0	0.0	0.0	0.0	0.0	0.05	0.0	0.0	0.0	0.0015	0.0	0.0	0.0	0.0833333	0.0	0.0689655	0.0	0.1	0.0	0.0	0.0	0.0	0.0	0.0	
Downy/Hairy Woodpecker (<em class="sci">Dryobates pubescens/villosus</em>)	0.0208333	0.0	0.0	0.0	0.0322581	0.0	0.0	0.0	0.0	0.0	0.0	0.0	0.0	0.0434783	0.0	0.0	0.0	0.0	0.0	0.0	0.037037	0.0	0.0	0.0	0.0	0.0	0.0	0.0	0.0	0.0	0.0	0.0	0.0	0.0	0.0	0.0	0.0	0.0	0.0	0.0	0.0	0.0	0.0	0.0	0.0	0.0	0.0	0.0196078	
Pileated Woodpecker (<em class="sci">Dryocopus pileatus</em>)	0.0416667	0.0384615	0.025641	0.0833333	0.0	0.0967742	0.1538462	0.106383	0.047619	0.0714286	0.0697674	0.0338983	0.1034483	0.0434783	0.0540541	0.0555556	0.1071429	0.0444444	0.0810811	0.0869565	0.0	0.0357143	0.0526316	0.0512821	0.0	0.0666667	0.0	0.0434783	0.1	0.05	0.1538462	0.0416667	0.0909091	0.0	0.0	0.0357143	0.2083333	0.0833333	0.0526316	0.0689655	0.030303	0.1	0.0	0.0	0.0	0.1666667	0.0	0.0588235	
Northern Flicker (<em class="sci">Colaptes auratus</em>)	0.5	0.5	0.4358974	0.3666667	0.3225806	0.5483871	0.5897436	0.7021277	0.5952381	0.5	0.5813953	0.5423729	0.5517241	0.3043478	0.5135135	0.5277778	0.4285714	0.4888889	0.4054054	0.326087	0.5555556	0.6785714	0.6315789	0.4615385	0.5714286	0.5333333	0.5	0.4782609	0.55	0.3	0.5384615	0.7083333	0.3636364	0.6	0.6666667	0.5714286	0.875	0.8333333	0.6315789	0.5862069	0.3939394	0.3	0.6153846	0.5	0.6315789	0.6111111	0.5116279	0.4509804	
woodpecker sp. (<em class="sci">Picidae sp.</em>)	0.0	0.0	0.0	0.0	0.0	0.0	0.0	0.0	0.0	0.0	0.0	0.0	0.0	0.0	0.0	0.0	0.0	0.0	0.0	0.0	0.0	0.0	0.0	0.0	0.0	0.0	0.0	0.0	0.0	0.0	0.0	0.0	0.0	0.0	0.0	0.0	0.0	0.0	0.0	0.0	0.030303	0.0	0.0	0.0	0.0	0.0015	0.0232558	0.0	
American Kestrel (<em class="sci">Falco sparverius</em>)	0.0	0.0	0.0	0.0	0.0	0.0	0.0	0.0	0.0	0.0	0.0	0.0	0.0	0.0	0.0	0.0	0.0	0.0	0.0	0.0	0.0	0.0	0.0	0.0	0.0	0.0	0.0	0.0	0.0	0.0	0.0	0.0	0.0	0.0	0.0	0.0	0.0	0.0	0.0	0.0	0.0	0.1	0.0	0.0	0.0	0.0	0.0	0.0	
Merlin (<em class="sci">Falco columbarius</em>)	0.0208333	0.0	0.1794872	0.0833333	0.0322581	0.0	0.025641	0.0212766	0.0	0.0357143	0.0232558	0.0	0.0	0.0	0.027027	0.0	0.0	0.0	0.0	0.0217391	0.0	0.0	0.0	0.0	0.0	0.0	0.0	0.0434783	0.0	0.0	0.0	0.0	0.0	0.0	0.0	0.0	0.0833333	0.0	0.0526316	0.0344828	0.0	0.0	0.0	0.0	0.0	0.0015	0.1162791	0.0588235	
Peregrine Falcon (<em class="sci">Falco peregrinus</em>)	0.0	0.0	0.0	0.0166667	0.0	0.0	0.0	0.0	0.0	0.0	0.0	0.0	0.0	0.0	0.027027	0.0	0.0357143	0.0222222	0.027027	0.0	0.0	0.0	0.0	0.0	0.0	0.0	0.0	0.0434783	0.0	0.0	0.0	0.0	0.0	0.0	0.0	0.0	0.0	0.0	0.0	0.0	0.0	0.1	0.0	0.0	0.0	0.0	0.0	0.0196078	
falcon sp. (<em class="sci">Falco sp.</em>)	0.0	0.0	0.025641	0.0	0.0	0.0	0.025641	0.0	0.0	0.0	0.0	0.0	0.0	0.0	0.0	0.0	0.0	0.0	0.0	0.0	0.0	0.0	0.0	0.0	0.0	0.0	0.0	0.0	0.0	0.0	0.0	0.0	0.0	0.0	0.0	0.0	0.0	0.0	0.0	0.0	0.0	0.0	0.0	0.0416667	0.0	0.0	0.0	0.0196078	
diurnal raptor sp. (<em class="sci">Accipitriformes/Falconiformes sp.</em>)	0.0	0.0	0.0	0.0	0.0	0.0	0.0	0.0	0.0	0.0	0.0	0.0	0.0	0.0	0.0	0.0	0.0	0.0	0.0	0.0	0.0	0.0	0.0	0.0	0.0714286	0.0	0.0	0.0	0.0	0.0	0.0769231	0.0	0.0	0.0	0.0	0.0	0.0	0.0	0.0	0.0	0.030303	0.0	0.0	0.0	0.0	0.0	0.0	0.0	
Olive-sided Flycatcher (<em class="sci">Contopus cooperi</em>)	0.0	0.0	0.0	0.0	0.0	0.0	0.0	0.0	0.0	0.0	0.0	0.0	0.0	0.0	0.0	0.0	0.0	0.0	0.0	0.0652174	0.1851852	0.1428571	0.0526316	0.025641	0.0	0.0	0.0	0.0	0.0	0.0015	0.0769231	0.0416667	0.0	0.0	0.0	0.0	0.0	0.0	0.0	0.0	0.0	0.0	0.0	0.0	0.0	0.0	0.0	0.0	
Western Wood-Pewee (<em class="sci">Contopus sordidulus</em>)	0.0	0.0	0.0	0.0	0.0	0.0	0.0	0.0	0.0	0.0	0.0	0.0	0.0	0.0	0.0	0.0	0.0357143	0.0444444	0.2432432	0.173913	0.2222222	0.1785714	0.2105263	0.0512821	0.0	0.1333333	0.0416667	0.0869565	0.0	0.0	0.0	0.0	0.0	0.0	0.0	0.0	0.0	0.0	0.0	0.0	0.0	0.0	0.0	0.0	0.0	0.0	0.0	0.0	
Willow Flycatcher (<em class="sci">Empidonax traillii</em>)	0.0	0.0	0.0	0.0	0.0	0.0	0.0	0.0	0.0	0.0	0.0	0.0	0.0	0.0	0.0	0.0	0.0	0.0	0.0	0.0	0.037037	0.0	0.0015	0.0	0.0	0.0015	0.0	0.0	0.0	0.0	0.0	0.0	0.0	0.0	0.0	0.0	0.0	0.0	0.0	0.0	0.0	0.0	0.0	0.0	0.0	0.0	0.0	0.0	
Hammond's Flycatcher (<em class="sci">Empidonax hammondii</em>)	0.0	0.0	0.0	0.0	0.0	0.0	0.0	0.0	0.0	0.0	0.0	0.0	0.0	0.0	0.0	0.0833333	0.1071429	0.0	0.0	0.0217391	0.0	0.0	0.0	0.0	0.0	0.0	0.0	0.0	0.0	0.0	0.0	0.0	0.0	0.1	0.0	0.0	0.0	0.0	0.0	0.0	0.0	0.0	0.0	0.0	0.0	0.0	0.0	0.0	
Pacific-slope Flycatcher (<em class="sci">Empidonax difficilis</em>)	0.0	0.0	0.0	0.0	0.0	0.0	0.0	0.0	0.0	0.0	0.0	0.0	0.0	0.0	0.0	0.2222222	0.2857143	0.1333333	0.2162162	0.1956522	0.2592593	0.2142857	0.4736842	0.3589744	0.2142857	0.1333333	0.25	0.173913	0.05	0.05	0.1538462	0.0416667	0.0	0.0	0.0	0.0	0.0	0.0	0.0	0.0	0.0	0.0	0.0	0.0	0.0	0.0	0.0	0.0	
Empidonax sp. (<em class="sci">Empidonax sp.</em>)	0.0	0.0	0.0	0.0	0.0	0.0	0.0	0.0	0.0	0.0	0.0	0.0	0.0	0.0	0.0540541	0.0277778	0.0	0.0222222	0.0	0.0	0.0	0.0	0.0	0.025641	0.0	0.0	0.0	0.0	0.05	0.0	0.0	0.0416667	0.0909091	0.0	0.0	0.0	0.0	0.0	0.0	0.0	0.0	0.0	0.0	0.0	0.0	0.0	0.0	0.0	
flycatcher sp. (Tyrannidae sp.) (<em class="sci">Tyrannidae sp.</em>)	0.0	0.0	0.0	0.0	0.0	0.0	0.0	0.0	0.0	0.0	0.0	0.0	0.0	0.0	0.0	0.0	0.0	0.0	0.0	0.0	0.0	0.0	0.0	0.0	0.0	0.0666667	0.0416667	0.0	0.0	0.0	0.0	0.0	0.0	0.0	0.0	0.0	0.0	0.0	0.0	0.0	0.0	0.0	0.0	0.0	0.0	0.0	0.0	0.0	
Hutton's Vireo (<em class="sci">Vireo huttoni</em>)	0.0208333	0.0769231	0.0769231	0.1666667	0.1290323	0.0967742	0.1794872	0.1489362	0.0952381	0.0714286	0.1860465	0.2372881	0.2068966	0.173913	0.1081081	0.1111111	0.1428571	0.1111111	0.1081081	0.1086957	0.037037	0.1428571	0.1052632	0.1025641	0.0	0.0	0.0833333	0.0434783	0.0	0.0	0.2307692	0.0416667	0.0	0.2	0.0666667	0.0	0.0	0.0833333	0.0	0.1034483	0.030303	0.1	0.0	0.0416667	0.0	0.0	0.0697674	0.0392157	
Cassin's Vireo (<em class="sci">Vireo cassinii</em>)	0.0	0.0	0.0	0.0	0.0	0.0	0.0	0.0	0.0	0.0	0.0	0.0	0.0	0.0	0.0	0.0277778	0.0714286	0.0888889	0.027027	0.0217391	0.037037	0.0	0.0526316	0.0	0.0	0.0	0.0	0.0	0.0	0.0	0.0	0.0416667	0.0	0.0	0.0	0.0	0.0	0.0	0.0	0.0	0.0	0.0	0.0	0.0	0.0	0.0	0.0	0.0	
Warbling Vireo (<em class="sci">Vireo gilvus</em>)	0.0	0.0	0.0	0.0	0.0	0.0	0.0	0.0	0.0	0.0	0.0	0.0	0.0	0.0	0.0	0.0555556	0.25	0.2444444	0.1891892	0.173913	0.1851852	0.1428571	0.1052632	0.0512821	0.0714286	0.0666667	0.0416667	0.0869565	0.05	0.05	0.1538462	0.0416667	0.0909091	0.0	0.1333333	0.0	0.0	0.0	0.0	0.0	0.0	0.0	0.0	0.0	0.0	0.0	0.0	0.0	
Red-eyed Vireo (<em class="sci">Vireo olivaceus</em>)	0.0	0.0	0.0	0.0	0.0	0.0	0.0	0.0	0.0	0.0	0.0	0.0	0.0	0.0	0.0	0.0	0.0	0.0	0.0	0.0	0.0	0.0	0.0	0.0	0.0	0.0666667	0.0	0.0	0.0	0.0	0.0	0.0	0.0	0.0	0.0	0.0	0.0	0.0	0.0	0.0	0.0	0.0	0.0	0.0	0.0	0.0	0.0	0.0	
Steller's Jay (<em class="sci">Cyanocitta stelleri</em>)	0.5	0.3846154	0.3589744	0.3	0.2580645	0.4193548	0.5384615	0.4468085	0.2857143	0.3214286	0.372093	0.4067797	0.4137931	0.4347826	0.2432432	0.25	0.2857143	0.2888889	0.2972973	0.1956522	0.1481481	0.1785714	0.3157895	0.2307692	0.3571429	0.0666667	0.4583333	0.2173913	0.25	0.5	0.5384615	0.625	0.8181818	0.6	0.6666667	0.6785714	0.7916667	0.9166667	0.5263158	0.5172414	0.3939394	0.5	0.5384615	0.4583333	0.2631579	0.3888889	0.255814	0.4117647	
California Scrub-Jay (<em class="sci">Aphelocoma californica</em>)	0.0	0.0	0.0	0.0	0.0	0.0	0.0	0.0	0.0	0.0	0.0	0.0	0.0	0.0	0.0	0.0	0.0	0.0	0.0	0.0	0.0	0.0	0.0	0.0	0.0	0.0	0.0	0.0	0.0	0.0	0.0	0.0	0.0	0.0	0.0	0.0	0.0	0.0833333	0.0526316	0.0	0.030303	0.0	0.0	0.0416667	0.0526316	0.0	0.0	0.0196078	
American Crow (<em class="sci">Corvus brachyrhynchos</em>)	0.8333333	0.7307692	0.6410256	0.7	0.6129032	0.6451613	0.5641026	0.6808511	0.7142857	0.7142857	0.7906977	0.7118644	0.7586207	0.7391304	0.6756757	0.6944444	0.7142857	0.6888889	0.6756757	0.8695652	0.8888889	0.7857143	0.8947368	0.7692308	0.6428571	0.6	0.7083333	0.6521739	0.7	0.7	0.6153846	0.7083333	0.7272727	0.5	0.6666667	0.6785714	0.6666667	0.6666667	0.3157895	0.6551724	0.5454545	0.7	0.6153846	0.7083333	0.5263158	0.7222222	0.7906977	0.7058824	
American/Northwestern Crow (<em class="sci">Corvus brachyrhynchos/caurinus</em>)	0.0833333	0.0	0.1794872	0.0666667	0.1290323	0.2258065	0.3333333	0.2340426	0.1904762	0.1428571	0.0697674	0.1355932	0.137931	0.173913	0.2162162	0.1944444	0.25	0.2	0.1351351	0.0869565	0.037037	0.1428571	0.1578947	0.1794872	0.2142857	0.0	0.1666667	0.2173913	0.15	0.1	0.1538462	0.0416667	0.1818182	0.1	0.1333333	0.1071429	0.125	0.0833333	0.3157895	0.2068966	0.0606061	0.1	0.1538462	0.125	0.3157895	0.1666667	0.0930233	0.0980392	
crow sp. (<em class="sci">Corvus sp. (crow sp.)</em>)	0.0	0.0	0.0	0.0	0.0	0.0	0.0	0.0	0.0	0.0	0.0	0.0	0.0	0.0	0.0	0.0	0.0	0.0	0.0	0.0	0.0	0.0	0.0	0.0	0.0	0.1333333	0.0	0.0	0.0	0.0	0.0	0.0	0.0	0.0	0.0	0.0	0.0	0.0	0.0	0.0	0.0	0.0	0.0	0.0	0.0	0.0	0.0	0.0	
Common Raven (<em class="sci">Corvus corax</em>)	0.0833333	0.0769231	0.0512821	0.0166667	0.0645161	0.0967742	0.0769231	0.0425532	0.0015	0.0357143	0.0930233	0.1525424	0.137931	0.1304348	0.0540541	0.1388889	0.1428571	0.0444444	0.0540541	0.0652174	0.037037	0.0714286	0.0526316	0.1282051	0.0	0.0666667	0.0	0.0869565	0.05	0.05	0.0	0.0	0.0	0.0	0.0666667	0.0	0.0416667	0.0833333	0.0015	0.0015	0.030303	0.3	0.0	0.0833333	0.0526316	0.0015	0.0465116	0.0588235	
crow/raven sp. (<em class="sci">Corvus sp.</em>)	0.0	0.0	0.0	0.0	0.0	0.0	0.0	0.0	0.0	0.0	0.0	0.0	0.0	0.0	0.0	0.0	0.0	0.0	0.0	0.0	0.0	0.0	0.0	0.0	0.0	0.0	0.0	0.0	0.0	0.0	0.0	0.0	0.0909091	0.0	0.0	0.0	0.0	0.0	0.0	0.0	0.1212121	0.0	0.0	0.0	0.0	0.0	0.0	0.0	
Black-capped Chickadee (<em class="sci">Poecile atricapillus</em>)	0.8125	0.8076923	0.7948718	0.6333333	0.7419355	0.7741935	0.8461538	0.787234	0.7857143	0.8571429	0.8372093	0.779661	0.862069	0.7826087	0.8108108	0.8333333	0.8928571	0.6	0.7837838	0.8043478	0.7407407	0.6785714	0.7894737	0.8974359	0.8571429	0.8666667	0.6666667	0.6956522	0.75	0.8	0.6923077	0.7916667	0.8181818	0.7	0.6666667	0.7857143	0.6666667	0.9166667	0.7368421	0.8275862	0.6969697	0.5	0.7692308	0.7916667	0.5789474	0.7777778	0.8837209	0.6470588	
Chestnut-backed Chickadee (<em class="sci">Poecile rufescens</em>)	0.4166667	0.3846154	0.2564103	0.3833333	0.2580645	0.3225806	0.4615385	0.3829787	0.3571429	0.25	0.2790698	0.3898305	0.4137931	0.3478261	0.3513514	0.4444444	0.2857143	0.2888889	0.4324324	0.3043478	0.2222222	0.3571429	0.4210526	0.4871795	0.4285714	0.2	0.3333333	0.3043478	0.3	0.25	0.6923077	0.4583333	0.5454545	0.3	0.4666667	0.3214286	0.3333333	0.3333333	0.1052632	0.4137931	0.2727273	0.2	0.1538462	0.2916667	0.2105263	0.3333333	0.5116279	0.3137255	
chickadee sp. (<em class="sci">Poecile sp.</em>)	0.0	0.0	0.0	0.0	0.0322581	0.0	0.0	0.0212766	0.0238095	0.0	0.0	0.0169492	0.0689655	0.0015	0.027027	0.0	0.0	0.0	0.0	0.0217391	0.0	0.0357143	0.0	0.025641	0.0	0.0	0.0416667	0.0	0.0	0.05	0.0	0.0416667	0.0	0.0	0.0	0.0	0.0416667	0.0	0.0	0.0	0.030303	0.0	0.0015	0.0	0.0	0.0555556	0.0	0.0	
Northern Rough-winged Swallow (<em class="sci">Stelgidopteryx serripennis</em>)	0.0	0.0	0.0	0.0	0.0	0.0	0.0	0.0	0.0	0.0	0.0	0.0	0.0	0.0	0.0	0.0	0.0357143	0.0	0.0	0.0	0.0	0.0357143	0.0526316	0.0	0.0	0.0666667	0.0	0.0	0.05	0.0	0.0	0.0	0.0	0.0	0.0	0.0	0.0	0.0	0.0	0.0	0.0	0.0	0.0	0.0	0.0	0.0	0.0	0.0	
Purple Martin (<em class="sci">Progne subis</em>)	0.0	0.0	0.0	0.0	0.0	0.0	0.0	0.0	0.0	0.0	0.0	0.0	0.0	0.0	0.0	0.0	0.0	0.0	0.0	0.0	0.0	0.0	0.0526316	0.0	0.0	0.0	0.0	0.0	0.0	0.0	0.0	0.0416667	0.0	0.0	0.0	0.0	0.0	0.0	0.0	0.0	0.0	0.0	0.0	0.0	0.0	0.0	0.0	0.0	
Tree Swallow (<em class="sci">Tachycineta bicolor</em>)	0.0	0.0	0.0	0.0	0.0	0.0	0.0	0.0	0.0	0.0357143	0.0697674	0.0338983	0.0344828	0.0869565	0.1081081	0.1944444	0.2857143	0.1555556	0.2702703	0.173913	0.1481481	0.1428571	0.1578947	0.1538462	0.1428571	0.0666667	0.0833333	0.0434783	0.05	0.0	0.0769231	0.0	0.0	0.0	0.0	0.0	0.0	0.0	0.0	0.0	0.0	0.0	0.0	0.0	0.0	0.0	0.0	0.0	
Violet-green Swallow (<em class="sci">Tachycineta thalassina</em>)	0.0	0.0	0.0	0.0	0.0	0.0	0.0	0.0212766	0.0	0.1071429	0.0	0.1186441	0.0344828	0.0869565	0.1351351	0.1388889	0.2142857	0.2444444	0.2432432	0.1086957	0.1851852	0.1428571	0.2631579	0.2564103	0.1428571	0.2	0.25	0.0434783	0.1	0.05	0.1538462	0.0416667	0.0	0.0	0.0	0.0	0.0	0.0	0.0	0.0	0.0	0.0	0.0	0.0	0.0	0.0	0.0	0.0	
Tree/Violet-green Swallow (<em class="sci">Tachycineta bicolor/thalassina</em>)	0.0	0.0	0.0	0.0	0.0	0.0	0.025641	0.0	0.0238095	0.0	0.0232558	0.0	0.0	0.0	0.0	0.0555556	0.1071429	0.0888889	0.0540541	0.0434783	0.0	0.0	0.0	0.025641	0.0	0.0	0.0416667	0.0	0.0	0.05	0.0	0.0	0.0	0.0	0.0	0.0	0.0	0.0	0.0	0.0	0.0	0.0	0.0	0.0	0.0	0.0	0.0	0.0	
Barn Swallow (<em class="sci">Hirundo rustica</em>)	0.0208333	0.0	0.0	0.0	0.0	0.0	0.0	0.0	0.0	0.0	0.0	0.0	0.0	0.0434783	0.027027	0.1944444	0.25	0.2666667	0.3513514	0.3478261	0.3703704	0.3214286	0.2631579	0.4358974	0.3571429	0.3333333	0.1666667	0.1304348	0.15	0.3	0.3846154	0.1666667	0.4545455	0.2	0.0	0.0	0.0416667	0.0	0.0	0.0	0.0	0.0	0.0	0.0	0.0	0.0	0.0	0.0	
Cliff Swallow (<em class="sci">Petrochelidon pyrrhonota</em>)	0.0	0.0	0.0	0.0	0.0	0.0	0.0	0.0	0.0	0.0	0.0	0.0	0.0	0.0	0.0810811	0.0555556	0.1071429	0.1111111	0.1621622	0.0217391	0.0740741	0.1071429	0.2631579	0.2051282	0.2142857	0.0	0.125	0.0	0.05	0.05	0.0	0.0416667	0.0	0.1	0.0	0.0	0.0	0.0	0.0	0.0	0.0	0.0	0.0	0.0	0.0	0.0	0.0	0.0	
swallow sp. (<em class="sci">Hirundinidae sp.</em>)	0.0208333	0.0	0.0	0.0	0.0322581	0.0	0.0	0.0	0.0	0.0714286	0.0465116	0.0	0.0	0.0434783	0.027027	0.0555556	0.0	0.0222222	0.0	0.0434783	0.0	0.0714286	0.1052632	0.1282051	0.2142857	0.0666667	0.0833333	0.0	0.0	0.1	0.0	0.0	0.0909091	0.0	0.0	0.0	0.0	0.0	0.0	0.0	0.0	0.0	0.0	0.0	0.0	0.0	0.0	0.0	
Bushtit (<em class="sci">Psaltriparus minimus</em>)	0.1666667	0.3076923	0.2051282	0.1666667	0.1612903	0.1935484	0.2051282	0.1489362	0.2380952	0.3214286	0.1860465	0.4915254	0.3448276	0.5652174	0.4864865	0.4444444	0.6785714	0.4666667	0.4054054	0.5	0.1851852	0.3214286	0.5263158	0.4871795	0.4285714	0.4666667	0.2916667	0.2608696	0.45	0.5	0.3846154	0.2916667	0.2727273	0.3	0.2	0.2142857	0.2916667	0.1666667	0.3157895	0.3103448	0.2424242	0.2	0.3076923	0.3333333	0.2105263	0.3333333	0.1395349	0.0980392	
Golden-crowned Kinglet (<em class="sci">Regulus satrapa</em>)	0.625	0.7692308	0.5384615	0.6166667	0.2903226	0.6451613	0.6153846	0.5744681	0.5952381	0.2857143	0.4186047	0.440678	0.4482759	0.4347826	0.5405405	0.4444444	0.3928571	0.3555556	0.4324324	0.3478261	0.2222222	0.1785714	0.3684211	0.5897436	0.4285714	0.2666667	0.4583333	0.1304348	0.25	0.45	0.7692308	0.375	0.6363636	0.2	0.5333333	0.3214286	0.625	0.6666667	0.4210526	0.5172414	0.4545455	0.4	0.6153846	0.7083333	0.5263158	0.7777778	0.8604651	0.6666667	
Ruby-crowned Kinglet (<em class="sci">Regulus calendula</em>)	0.7291667	0.7307692	0.5641026	0.5666667	0.4516129	0.6451613	0.6666667	0.5531915	0.5714286	0.5714286	0.5813953	0.5762712	0.5862069	0.4347826	0.4864865	0.3055556	0.0357143	0.0222222	0.027027	0.0217391	0.0	0.0	0.0	0.0	0.0	0.0	0.0	0.0	0.0	0.0	0.0	0.0	0.0	0.1	0.1333333	0.0357143	0.3333333	0.6666667	0.2105263	0.4482759	0.3333333	0.5	0.5384615	0.625	0.5789474	0.7777778	0.7674419	0.6078431	
kinglet sp. (<em class="sci">Regulus sp.</em>)	0.0	0.0	0.0	0.0	0.0	0.0	0.0	0.0	0.0	0.0	0.0	0.0	0.0	0.0	0.0	0.0	0.0	0.0	0.0	0.0217391	0.0	0.0	0.0	0.0	0.0	0.0666667	0.0	0.0	0.0	0.0	0.0	0.0	0.0	0.0	0.0	0.0	0.0	0.0833333	0.0	0.0	0.0	0.0	0.0	0.0	0.0	0.0	0.0	0.0	
Red-breasted Nuthatch (<em class="sci">Sitta canadensis</em>)	0.4791667	0.3461538	0.3333333	0.4333333	0.3870968	0.4516129	0.4871795	0.2978723	0.3571429	0.3214286	0.4418605	0.3728814	0.5862069	0.4347826	0.3513514	0.4444444	0.3928571	0.3111111	0.3243243	0.4565217	0.4814815	0.4642857	0.5263158	0.4102564	0.3571429	0.2666667	0.375	0.3478261	0.5	0.3	0.5384615	0.5416667	0.7272727	0.1	0.4666667	0.3928571	0.5416667	0.8333333	0.1578947	0.4482759	0.2424242	0.5	0.3846154	0.3333333	0.2631579	0.6111111	0.6046512	0.4313725	
Brown Creeper (<em class="sci">Certhia americana</em>)	0.3541667	0.3846154	0.4615385	0.3333333	0.2580645	0.3548387	0.4871795	0.4468085	0.4761905	0.25	0.4651163	0.3898305	0.4137931	0.4347826	0.3243243	0.4166667	0.2857143	0.4	0.4054054	0.3043478	0.2592593	0.25	0.5263158	0.4871795	0.3571429	0.3333333	0.3333333	0.2608696	0.35	0.25	0.6923077	0.4166667	0.4545455	0.1	0.4666667	0.2142857	0.25	0.4166667	0.2105263	0.3103448	0.2727273	0.3	0.3076923	0.375	0.1578947	0.5555556	0.372093	0.3137255	
Blue-gray Gnatcatcher (<em class="sci">Polioptila caerulea</em>)	0.0	0.0	0.0	0.0	0.0	0.0	0.0	0.0	0.0	0.0	0.0	0.0	0.0	0.0	0.0	0.0	0.0	0.0	0.0	0.0	0.0	0.0	0.0	0.0	0.0	0.0	0.0	0.0	0.0	0.0	0.0	0.0	0.0	0.0	0.0	0.0	0.0	0.0	0.0	0.0	0.0	0.0	0.0	0.0	0.0015	0.0	0.0232558	0.0	
House Wren (<em class="sci">Troglodytes aedon</em>)	0.0	0.0	0.0	0.0	0.0	0.0	0.0	0.0	0.0	0.0	0.0	0.0	0.0	0.0	0.0	0.0	0.0	0.0	0.027027	0.0	0.0	0.0	0.0	0.0	0.0	0.0	0.0	0.0	0.0	0.0	0.0	0.0	0.0	0.0	0.0	0.0	0.0	0.0	0.0	0.0	0.0	0.0	0.0	0.0	0.0	0.0	0.0	0.0	
Pacific Wren (<em class="sci">Troglodytes pacificus</em>)	0.2708333	0.4615385	0.2051282	0.2666667	0.2258065	0.3548387	0.4615385	0.3617021	0.4285714	0.3214286	0.4186047	0.4237288	0.3793103	0.3913043	0.2972973	0.0277778	0.1428571	0.0222222	0.0540541	0.0434783	0.037037	0.0714286	0.0015	0.025641	0.0714286	0.0	0.0	0.0434783	0.0	0.0	0.0769231	0.0833333	0.1818182	0.0	0.2666667	0.0714286	0.0416667	0.0833333	0.1052632	0.4137931	0.2121212	0.3	0.2307692	0.375	0.3157895	0.4444444	0.3255814	0.3529412	
Marsh Wren (<em class="sci">Cistothorus palustris</em>)	0.0	0.0769231	0.0512821	0.05	0.0322581	0.0645161	0.0512821	0.106383	0.0238095	0.1071429	0.0930233	0.0677966	0.1724138	0.1304348	0.1351351	0.1666667	0.25	0.2	0.1891892	0.1521739	0.1481481	0.25	0.1052632	0.1282051	0.0714286	0.0666667	0.0416667	0.0	0.0	0.05	0.0769231	0.0	0.0	0.0	0.0666667	0.0357143	0.0416667	0.0	0.1052632	0.0344828	0.0	0.0	0.0	0.0833333	0.0	0.0	0.0697674	0.0392157	
Bewick's Wren (<em class="sci">Thryomanes bewickii</em>)	0.6666667	0.6153846	0.5897436	0.5333333	0.483871	0.6129032	0.4871795	0.5744681	0.7142857	0.4642857	0.6046512	0.5254237	0.6206897	0.5217391	0.7027027	0.5833333	0.5357143	0.5333333	0.5135135	0.6086957	0.5185185	0.5714286	0.5263158	0.6666667	0.5714286	0.5333333	0.4166667	0.5217391	0.65	0.45	0.5384615	0.4583333	0.3636364	0.3	0.6	0.5	0.5416667	0.6666667	0.3157895	0.7241379	0.3030303	0.3	0.4615385	0.4583333	0.4736842	0.7777778	0.5581395	0.4705882	
wren sp. (<em class="sci">Troglodytidae sp.</em>)	0.0	0.0	0.0	0.0	0.0	0.0322581	0.0	0.0	0.0	0.0	0.0	0.0	0.0	0.0	0.0	0.0277778	0.0	0.0	0.0	0.0	0.0	0.0	0.0	0.025641	0.0	0.0	0.0	0.0	0.0	0.05	0.0	0.0	0.0	0.0	0.0	0.0357143	0.0	0.0	0.0	0.0	0.0	0.0	0.0	0.0	0.0	0.0	0.0	0.0	
European Starling (<em class="sci">Sturnus vulgaris</em>)	0.2291667	0.1923077	0.1794872	0.1833333	0.1612903	0.3225806	0.4871795	0.2340426	0.3095238	0.2857143	0.1627907	0.220339	0.0689655	0.2608696	0.2432432	0.1666667	0.3571429	0.4	0.2972973	0.2826087	0.1851852	0.2142857	0.2105263	0.1538462	0.0714286	0.0666667	0.1666667	0.0434783	0.05	0.0	0.0769231	0.0416667	0.0909091	0.1	0.0666667	0.1428571	0.125	0.0833333	0.0526316	0.1034483	0.1212121	0.1	0.1538462	0.0833333	0.3157895	0.1666667	0.1395349	0.1372549	
Townsend's Solitaire (<em class="sci">Myadestes townsendi</em>)	0.0	0.0	0.0	0.0166667	0.0	0.0	0.0	0.0	0.0	0.0	0.0	0.0	0.0	0.0	0.0	0.0277778	0.0	0.0	0.0	0.0	0.0	0.0	0.0	0.0	0.0	0.0015	0.0	0.0	0.0	0.0	0.0	0.0	0.0	0.0	0.0	0.0	0.0	0.0	0.0	0.0	0.0	0.0	0.0	0.0	0.0	0.0	0.0	0.0	
Varied Thrush (<em class="sci">Ixoreus naevius</em>)	0.4791667	0.4230769	0.3846154	0.3333333	0.1935484	0.483871	0.5128205	0.3617021	0.3571429	0.3928571	0.4883721	0.2542373	0.3103448	0.173913	0.1621622	0.0555556	0.0	0.0222222	0.027027	0.0	0.0	0.0	0.0	0.0	0.0	0.0	0.0	0.0	0.05	0.0	0.0	0.0	0.0	0.0	0.1333333	0.1071429	0.25	0.4166667	0.1052632	0.2758621	0.1818182	0.2	0.2307692	0.3333333	0.4736842	0.7222222	0.744186	0.4313725	
Swainson's Thrush (<em class="sci">Catharus ustulatus</em>)	0.0	0.0	0.0	0.0	0.0	0.0	0.0	0.0	0.0	0.0	0.0	0.0	0.0	0.0	0.0	0.0	0.0357143	0.0444444	0.0810811	0.1086957	0.2962963	0.2857143	0.1052632	0.1025641	0.0	0.0666667	0.0416667	0.0	0.0	0.0	0.0	0.0416667	0.0909091	0.0	0.0666667	0.0357143	0.0833333	0.0	0.0	0.0	0.0	0.0	0.0	0.0	0.0	0.0	0.0	0.0	
Hermit Thrush (<em class="sci">Catharus guttatus</em>)	0.1458333	0.1153846	0.0769231	0.0166667	0.0322581	0.0967742	0.0769231	0.0015	0.0238095	0.0714286	0.0232558	0.0338983	0.0344828	0.0434783	0.1351351	0.1388889	0.1428571	0.0	0.0	0.0	0.0	0.0	0.0	0.0	0.0	0.0	0.0	0.0	0.0	0.0	0.0	0.0	0.0	0.1	0.2	0.0357143	0.0416667	0.25	0.0	0.0344828	0.0909091	0.1	0.0769231	0.0833333	0.2105263	0.3888889	0.0930233	0.0588235	
American Robin (<em class="sci">Turdus migratorius</em>)	0.7916667	0.8846154	0.7435897	0.7	0.6129032	0.8064516	0.8461538	0.8297872	0.7380952	0.75	0.6976744	0.7627119	0.7586207	0.7826087	0.8918919	0.8055556	0.7857143	0.7777778	0.8378378	0.8478261	0.962963	0.8928571	0.9473684	0.9487179	0.7857143	0.8	0.75	0.4782609	0.65	0.3	0.3846154	0.4583333	0.4545455	0.5	0.4666667	0.7857143	0.7083333	0.8333333	0.4736842	0.6206897	0.6363636	0.5	0.4615385	0.625	0.7368421	0.8333333	0.8372093	0.6862745	
Varied Thrush/American Robin (<em class="sci">Ixoreus naevius/Turdus migratorius</em>)	0.0	0.0	0.0	0.0	0.0	0.0	0.0	0.0	0.0	0.0	0.0	0.0	0.0	0.0	0.0	0.0	0.0	0.0	0.0	0.0	0.0	0.0	0.0	0.0	0.0	0.0	0.0	0.0	0.0	0.0	0.0	0.0	0.0	0.0	0.0	0.0	0.0416667	0.0	0.0	0.0	0.0	0.0	0.0	0.0	0.0	0.0	0.0	0.0	
Cedar Waxwing (<em class="sci">Bombycilla cedrorum</em>)	0.0015	0.0384615	0.0512821	0.0166667	0.0	0.0645161	0.025641	0.0212766	0.0714286	0.0	0.0232558	0.0338983	0.0	0.0	0.0540541	0.0	0.0714286	0.1333333	0.1621622	0.2608696	0.1851852	0.25	0.4736842	0.3589744	0.0714286	0.2	0.2916667	0.2173913	0.25	0.25	0.2307692	0.3333333	0.1818182	0.1	0.3333333	0.3214286	0.4166667	0.5833333	0.3157895	0.2758621	0.0909091	0.0	0.1538462	0.0416667	0.0	0.0555556	0.0465116	0.0	
House Sparrow (<em class="sci">Passer domesticus</em>)	0.0208333	0.0384615	0.025641	0.0	0.0322581	0.0	0.0	0.0	0.0	0.0357143	0.0232558	0.0	0.0	0.0	0.027027	0.0277778	0.0714286	0.0666667	0.0540541	0.0652174	0.0	0.0	0.0526316	0.0	0.0	0.0	0.0416667	0.0	0.15	0.0	0.0769231	0.0	0.0909091	0.0	0.0666667	0.0357143	0.0	0.0833333	0.0	0.0689655	0.030303	0.1	0.0	0.0	0.0	0.0555556	0.0232558	0.0392157	
Evening Grosbeak (<em class="sci">Coccothraustes vespertinus</em>)	0.0	0.0	0.0	0.0	0.0	0.0	0.0	0.0	0.0	0.0	0.0	0.0	0.0	0.0	0.0	0.0	0.0357143	0.0444444	0.0810811	0.0	0.0	0.0357143	0.0526316	0.0	0.0	0.0	0.0	0.0	0.0	0.0	0.0	0.0	0.0	0.0	0.0666667	0.0	0.0	0.0	0.0	0.0	0.0	0.0	0.0	0.0416667	0.0	0.0	0.0	0.0	
Pine Grosbeak (<em class="sci">Pinicola enucleator</em>)	0.0	0.0	0.0	0.0	0.0	0.0	0.0	0.0	0.0	0.0	0.0	0.0	0.0	0.0	0.0	0.0	0.0	0.0	0.0	0.0	0.0	0.0	0.0	0.0	0.0	0.0	0.0	0.0	0.0	0.0	0.0	0.0	0.0	0.0	0.0	0.0	0.0	0.0	0.0	0.0	0.0	0.0	0.0	0.0	0.0	0.4444444	0.4651163	0.0196078	
House Finch (<em class="sci">Haemorhous mexicanus</em>)	0.25	0.3846154	0.2051282	0.15	0.1290323	0.1935484	0.1794872	0.2553191	0.1904762	0.1428571	0.3023256	0.2372881	0.2068966	0.3043478	0.1351351	0.3055556	0.4642857	0.2666667	0.2972973	0.3043478	0.3333333	0.3214286	0.5263158	0.5384615	0.2857143	0.2666667	0.4166667	0.3043478	0.1	0.2	0.3076923	0.125	0.0909091	0.2	0.2	0.25	0.4583333	0.5833333	0.2631579	0.1034483	0.1515152	0.1	0.2307692	0.2083333	0.2631579	0.2222222	0.3023256	0.1372549	
Purple Finch (<em class="sci">Haemorhous purpureus</em>)	0.0416667	0.0384615	0.025641	0.0	0.0645161	0.0	0.0	0.0	0.0	0.0	0.0232558	0.0169492	0.0	0.0	0.0810811	0.0015	0.0357143	0.0666667	0.0540541	0.0	0.0	0.0357143	0.0	0.0	0.0	0.0	0.0	0.0	0.0	0.0	0.0	0.0	0.0	0.0	0.0	0.0	0.0416667	0.0	0.0	0.0	0.030303	0.0	0.0	0.0	0.0	0.2222222	0.0930233	0.0	
Common Redpoll (<em class="sci">Acanthis flammea</em>)	0.0208333	0.0384615	0.0	0.0	0.0	0.0	0.0	0.0	0.0	0.0	0.0	0.0169492	0.0	0.0	0.0	0.0	0.0	0.0	0.0	0.0	0.0	0.0	0.0	0.0	0.0	0.0	0.0	0.0	0.0	0.0	0.0	0.0	0.0	0.0	0.0	0.0	0.0	0.0	0.0	0.0	0.0	0.0	0.0	0.0	0.0	0.0	0.0	0.0196078	
Red Crossbill (<em class="sci">Loxia curvirostra</em>)	0.0833333	0.0384615	0.0512821	0.1166667	0.0	0.0967742	0.025641	0.0212766	0.0238095	0.0	0.0	0.0169492	0.0	0.0	0.0540541	0.0	0.0015	0.0666667	0.027027	0.0	0.0	0.0	0.1052632	0.0	0.0	0.0	0.0	0.0	0.05	0.0	0.1538462	0.0	0.0	0.0	0.0	0.0	0.0833333	0.0	0.0	0.0	0.0	0.0	0.0	0.0416667	0.0	0.2222222	0.1395349	0.0392157	
Pine Siskin (<em class="sci">Spinus pinus</em>)	0.2291667	0.2692308	0.2307692	0.2666667	0.3225806	0.3225806	0.2820513	0.1276596	0.3571429	0.1785714	0.255814	0.3220339	0.4482759	0.2173913	0.3513514	0.25	0.2857143	0.2	0.2162162	0.1304348	0.0740741	0.1071429	0.1052632	0.0	0.0	0.0	0.0833333	0.0	0.0	0.0	0.0	0.0416667	0.0	0.0	0.2	0.0	0.0833333	0.0	0.0526316	0.2758621	0.0606061	0.4	0.1538462	0.2083333	0.2631579	0.5	0.5116279	0.2745098	
American Goldfinch (<em class="sci">Spinus tristis</em>)	0.25	0.2692308	0.2307692	0.2	0.1612903	0.2258065	0.2564103	0.2340426	0.2380952	0.1785714	0.1860465	0.220339	0.2413793	0.3478261	0.3243243	0.3055556	0.3928571	0.2666667	0.3513514	0.3913043	0.4444444	0.4285714	0.6842105	0.3589744	0.3571429	0.2666667	0.375	0.2173913	0.2	0.2	0.5384615	0.25	0.2727273	0.2	0.1333333	0.1785714	0.2083333	0.1666667	0.3157895	0.2068966	0.2121212	0.1	0.2307692	0.2083333	0.1578947	0.2222222	0.2093023	0.3333333	
finch sp. (<em class="sci">Fringillidae sp.</em>)	0.0	0.0	0.025641	0.0	0.0	0.0	0.0	0.0	0.0	0.0357143	0.0	0.0	0.0344828	0.0	0.0	0.0	0.0	0.0	0.0	0.0	0.0	0.0	0.0	0.025641	0.0	0.0	0.0	0.0	0.0	0.0	0.0	0.0	0.0	0.0	0.0	0.0	0.0	0.0	0.0	0.0	0.0	0.0	0.0	0.0	0.0	0.0	0.0	0.0	
Chipping Sparrow (<em class="sci">Spizella passerina</em>)	0.0	0.0	0.0	0.0	0.0	0.0	0.0	0.0	0.0	0.0	0.0	0.0	0.0	0.0	0.027027	0.0277778	0.0714286	0.0	0.0	0.0217391	0.0	0.0357143	0.0	0.0	0.0	0.0	0.0	0.0	0.0	0.0	0.0	0.0	0.0	0.0	0.0	0.0	0.0	0.0	0.0	0.0	0.0	0.0	0.0	0.0	0.0	0.0	0.0	0.0	
Fox Sparrow (<em class="sci">Passerella iliaca</em>)	0.2291667	0.1538462	0.0769231	0.0666667	0.0645161	0.1290323	0.1025641	0.1489362	0.0952381	0.0357143	0.0930233	0.1525424	0.0689655	0.0434783	0.0540541	0.0277778	0.0	0.0	0.0	0.0	0.0	0.0	0.0	0.0	0.0	0.0	0.0	0.0	0.0	0.0	0.0	0.0	0.0	0.1	0.0666667	0.1071429	0.0833333	0.0	0.0526316	0.3103448	0.1515152	0.0	0.0	0.125	0.1578947	0.0	0.2325581	0.2156863	
Dark-eyed Junco (<em class="sci">Junco hyemalis</em>)	0.6666667	0.6538462	0.5897436	0.6	0.483871	0.7419355	0.7948718	0.8085106	0.7619048	0.7857143	0.7906977	0.6440678	0.8275862	0.6956522	0.7297297	0.6944444	0.6785714	0.6666667	0.6756757	0.673913	0.5185185	0.7142857	0.7368421	0.7179487	0.7142857	0.4666667	0.5416667	0.5217391	0.5	0.35	0.5384615	0.4166667	0.5454545	0.4	0.4666667	0.5714286	0.75	0.8333333	0.6315789	0.8275862	0.6666667	0.7	0.6153846	0.6666667	0.7894737	0.8888889	0.627907	0.4705882	
White-crowned Sparrow (<em class="sci">Zonotrichia leucophrys</em>)	0.0	0.0	0.0	0.0	0.0	0.0322581	0.0	0.0	0.0	0.0	0.0	0.0	0.0	0.1304348	0.1081081	0.1111111	0.1428571	0.0222222	0.0540541	0.0652174	0.037037	0.1071429	0.0526316	0.0512821	0.0	0.0666667	0.0	0.0	0.0	0.05	0.0	0.0833333	0.0	0.0	0.1333333	0.0	0.0	0.0	0.0	0.0	0.030303	0.0	0.0	0.0	0.0	0.0	0.0232558	0.0	
Golden-crowned Sparrow (<em class="sci">Zonotrichia atricapilla</em>)	0.0	0.1538462	0.0	0.05	0.0	0.0967742	0.0769231	0.0638298	0.0238095	0.0	0.0465116	0.0338983	0.0	0.0	0.027027	0.0833333	0.0714286	0.0444444	0.0	0.0	0.0	0.0	0.0	0.0	0.0	0.0	0.0	0.0	0.0	0.0	0.0	0.0	0.0	0.0	0.2	0.0357143	0.0833333	0.1666667	0.0	0.0344828	0.0	0.2	0.0769231	0.0416667	0.1578947	0.0555556	0.0930233	0.0392157	
White-throated Sparrow (<em class="sci">Zonotrichia albicollis</em>)	0.0	0.0384615	0.0	0.0	0.0	0.0	0.0	0.0	0.0	0.0	0.0	0.0	0.0	0.0	0.027027	0.0	0.0	0.0	0.0	0.0	0.0	0.0	0.0	0.0	0.0	0.0	0.0	0.0	0.0	0.0	0.0	0.0	0.0	0.0	0.0015	0.0	0.0416667	0.0	0.0	0.0	0.0	0.0	0.0	0.0	0.0	0.0555556	0.0	0.0	
Savannah Sparrow (<em class="sci">Passerculus sandwichensis</em>)	0.0	0.0	0.0	0.0	0.0322581	0.0	0.0	0.0	0.0	0.0	0.0	0.0169492	0.0344828	0.1304348	0.027027	0.0	0.1071429	0.0444444	0.027027	0.0	0.0	0.0357143	0.0	0.0	0.0	0.0	0.0	0.0	0.0	0.0	0.0	0.0416667	0.0	0.0	0.0	0.0	0.0	0.0	0.0	0.0	0.0	0.0	0.0	0.0	0.0	0.0	0.0	0.0	
Song Sparrow (<em class="sci">Melospiza melodia</em>)	0.6875	0.7692308	0.6923077	0.7166667	0.6451613	0.7741935	0.8974359	0.8297872	0.7380952	0.7857143	0.744186	0.7457627	0.8275862	0.9130435	0.8108108	0.8055556	0.8214286	0.7777778	0.8108108	0.8695652	0.8888889	0.6785714	1.0	0.8717949	0.7857143	0.7333333	0.5833333	0.4782609	0.35	0.55	0.4615385	0.625	0.3636364	0.4	0.6	0.5714286	0.6666667	0.9166667	0.3684211	0.6896552	0.3939394	0.7	0.6923077	0.5833333	0.6842105	0.8333333	0.627907	0.8039216	
Lincoln's Sparrow (<em class="sci">Melospiza lincolnii</em>)	0.0	0.0	0.0	0.0015	0.0	0.0322581	0.025641	0.0	0.0238095	0.0	0.0	0.0	0.0	0.0	0.027027	0.0	0.0	0.0	0.0	0.0	0.0	0.0	0.0	0.0	0.0	0.0	0.0	0.0	0.0	0.0	0.0	0.0	0.0	0.0	0.0	0.0	0.0	0.0	0.0	0.0689655	0.0	0.2	0.0	0.0	0.0	0.0	0.0232558	0.0	
Swamp Sparrow (<em class="sci">Melospiza georgiana</em>)	0.0	0.0	0.0	0.0	0.0	0.0	0.0	0.0	0.0	0.0	0.0	0.0	0.0	0.0434783	0.0	0.0	0.0	0.0	0.0	0.0	0.0	0.0	0.0	0.0	0.0	0.0	0.0	0.0	0.0	0.0	0.0	0.0	0.0	0.0	0.0	0.0	0.0	0.0	0.0	0.0	0.0	0.0	0.0	0.0	0.0	0.0	0.0	0.0	
Spotted Towhee (<em class="sci">Pipilo maculatus</em>)	0.5416667	0.4615385	0.4358974	0.4166667	0.3870968	0.7096774	0.6410256	0.6808511	0.5238095	0.4642857	0.627907	0.5084746	0.5517241	0.5652174	0.4864865	0.5555556	0.6785714	0.6444444	0.7297297	0.7826087	0.7407407	0.8214286	0.6842105	0.8205128	0.7857143	0.8666667	0.5833333	0.6521739	0.6	0.3	0.4615385	0.2083333	0.2727273	0.1	0.4666667	0.3214286	0.5	0.5	0.2631579	0.3793103	0.4242424	0.4	0.3076923	0.375	0.5263158	0.6666667	0.4883721	0.5294118	
sparrow sp. (<em class="sci">Passerellidae sp. (sparrow sp.)</em>)	0.0	0.0	0.0	0.0	0.0	0.0	0.025641	0.0	0.0	0.0	0.0232558	0.0	0.0344828	0.0	0.027027	0.0277778	0.0	0.0	0.0	0.0	0.0	0.0	0.0	0.0	0.0	0.0	0.0	0.0434783	0.0	0.05	0.0	0.0	0.0	0.0	0.0	0.0	0.0015	0.0	0.0	0.0689655	0.0	0.0	0.0	0.0	0.0	0.0015	0.0	0.0	
Western Meadowlark (<em class="sci">Sturnella neglecta</em>)	0.0	0.0	0.0	0.0	0.0	0.0	0.0	0.0	0.0	0.0	0.0	0.0	0.0	0.0	0.0	0.0	0.0	0.0	0.0	0.0	0.0	0.0	0.0	0.0	0.0	0.0	0.0	0.0	0.0	0.0	0.0	0.0	0.0	0.0	0.0	0.0	0.0	0.0	0.0	0.0	0.0	0.0	0.0	0.0	0.0	0.0	0.0232558	0.0	
Bullock's Oriole (<em class="sci">Icterus bullockii</em>)	0.0	0.0	0.0	0.0	0.0	0.0	0.0	0.0	0.0	0.0	0.0	0.0	0.0	0.0	0.0	0.0	0.0	0.0222222	0.0540541	0.0	0.0015	0.0	0.0	0.0	0.0	0.0	0.0	0.0	0.0	0.0	0.0	0.0	0.0	0.0	0.0	0.0	0.0	0.0	0.0	0.0	0.0	0.0	0.0	0.0	0.0	0.0	0.0	0.0	
Red-winged Blackbird (<em class="sci">Agelaius phoeniceus</em>)	0.1875	0.1538462	0.3076923	0.2	0.2258065	0.3225806	0.5384615	0.3404255	0.2857143	0.3214286	0.2325581	0.220339	0.2758621	0.2608696	0.2432432	0.3055556	0.3928571	0.2444444	0.2432432	0.326087	0.4074074	0.3928571	0.2631579	0.2564103	0.1428571	0.1333333	0.0833333	0.0434783	0.1	0.05	0.0769231	0.0	0.0909091	0.0	0.0666667	0.25	0.125	0.25	0.2631579	0.137931	0.1818182	0.1	0.0	0.0416667	0.1052632	0.1111111	0.0930233	0.0588235	
Brown-headed Cowbird (<em class="sci">Molothrus ater</em>)	0.0	0.0	0.0	0.0	0.0	0.0	0.0	0.0	0.0	0.0	0.0	0.0169492	0.0	0.0	0.027027	0.0555556	0.1428571	0.2666667	0.2972973	0.0652174	0.1111111	0.0357143	0.2631579	0.2051282	0.0	0.0666667	0.0	0.0434783	0.05	0.05	0.0	0.0015	0.0	0.0	0.0	0.0357143	0.0	0.0	0.0	0.0	0.0	0.0	0.0	0.0	0.0	0.0	0.0	0.0	
Brewer's Blackbird (<em class="sci">Euphagus cyanocephalus</em>)	0.0	0.0	0.0	0.0166667	0.0	0.0322581	0.0	0.0	0.0	0.0	0.0	0.0	0.0	0.0	0.0	0.0	0.0	0.0	0.0	0.0	0.0	0.0	0.0	0.0	0.0	0.0	0.0	0.0	0.0	0.0	0.0	0.0	0.0	0.0	0.0	0.0	0.0	0.0	0.0	0.0	0.0	0.0	0.0	0.0	0.0	0.0	0.0	0.0	
Black-and-white Warbler (<em class="sci">Mniotilta varia</em>)	0.0	0.0	0.0	0.0	0.0	0.0	0.0	0.0	0.0	0.0	0.0	0.0	0.0	0.0	0.0	0.0	0.0	0.0	0.0	0.0	0.0	0.0	0.0	0.0	0.0	0.0	0.0	0.0	0.0	0.0	0.0	0.0	0.0	0.0	0.0	0.0	0.0	0.0	0.0	0.0	0.0	0.0	0.0	0.0416667	0.0	0.0	0.0	0.0	
Orange-crowned Warbler (<em class="sci">Leiothlypis celata</em>)	0.0208333	0.0	0.0	0.0	0.0322581	0.0322581	0.0	0.0	0.0	0.0	0.0	0.0	0.0344828	0.0	0.1081081	0.1944444	0.1428571	0.2222222	0.1351351	0.0434783	0.037037	0.0	0.0526316	0.0	0.0	0.0666667	0.0416667	0.0	0.0	0.05	0.0	0.0833333	0.0909091	0.1	0.1333333	0.0357143	0.0416667	0.0	0.0	0.0	0.0	0.0	0.0	0.0416667	0.0	0.0	0.0	0.0	
Nashville Warbler (<em class="sci">Leiothlypis ruficapilla</em>)	0.0	0.0	0.0	0.0	0.0	0.0	0.0	0.0	0.0	0.0	0.0	0.0	0.0	0.0	0.0	0.0277778	0.0714286	0.0	0.0	0.0	0.0	0.0	0.0	0.0	0.0	0.0	0.0	0.0	0.0	0.0	0.0	0.0	0.0	0.0	0.0	0.0	0.0	0.0	0.0	0.0	0.0	0.0	0.0	0.0	0.0	0.0	0.0	0.0	
MacGillivray's Warbler (<em class="sci">Geothlypis tolmiei</em>)	0.0	0.0	0.0	0.0	0.0	0.0	0.0	0.0	0.0	0.0	0.0	0.0	0.0	0.0	0.0	0.0277778	0.0357143	0.0222222	0.0540541	0.0	0.0	0.0	0.0	0.0	0.0	0.0	0.0	0.0	0.0	0.0	0.0769231	0.0	0.0	0.0	0.0	0.0	0.0	0.0	0.0	0.0	0.0	0.0	0.0	0.0	0.0	0.0	0.0	0.0	
Common Yellowthroat (<em class="sci">Geothlypis trichas</em>)	0.0208333	0.0	0.0	0.0	0.0	0.0	0.0	0.0	0.0	0.0	0.0	0.0	0.0	0.0	0.0015	0.0833333	0.1071429	0.0666667	0.0540541	0.0434783	0.0740741	0.0	0.0526316	0.1025641	0.0714286	0.1333333	0.0416667	0.0015	0.0	0.0	0.0	0.0416667	0.0	0.0	0.0666667	0.0357143	0.0	0.0	0.0	0.0	0.030303	0.0	0.0	0.0	0.0	0.0	0.0	0.0	
Northern Parula (<em class="sci">Setophaga americana</em>)	0.0	0.0	0.0	0.0	0.0	0.0	0.0	0.0	0.0	0.0	0.0	0.0	0.0	0.0	0.0	0.0	0.0	0.0	0.0	0.0	0.0	0.0	0.0	0.025641	0.0	0.0	0.0	0.0	0.0	0.0	0.0	0.0	0.0	0.0	0.0	0.0	0.0	0.0	0.0	0.0	0.0	0.0	0.0	0.0	0.0	0.0	0.0	0.0	
Yellow Warbler (<em class="sci">Setophaga petechia</em>)	0.0	0.0	0.0	0.0	0.0	0.0	0.0	0.0	0.0	0.0	0.0	0.0	0.0	0.0	0.0	0.0	0.0714286	0.1111111	0.1621622	0.1521739	0.1481481	0.1428571	0.0526316	0.1538462	0.1428571	0.2	0.0	0.0434783	0.0	0.05	0.1538462	0.125	0.0909091	0.0	0.0	0.0	0.0416667	0.0	0.0	0.0	0.0	0.0	0.0	0.0	0.0	0.0	0.0	0.0	
Yellow-rumped Warbler (<em class="sci">Setophaga coronata</em>)	0.1458333	0.0769231	0.025641	0.0333333	0.0645161	0.1290323	0.1794872	0.106383	0.2380952	0.0714286	0.255814	0.3559322	0.3103448	0.5217391	0.4594595	0.4722222	0.5357143	0.2888889	0.1891892	0.1086957	0.0740741	0.0	0.1052632	0.0	0.0	0.0666667	0.0	0.0	0.0	0.0	0.2307692	0.0416667	0.0	0.0	0.0666667	0.2857143	0.25	0.5	0.0526316	0.0689655	0.1212121	0.0	0.1538462	0.0833333	0.2631579	0.1666667	0.0697674	0.0	
Black-throated Gray Warbler (<em class="sci">Setophaga nigrescens</em>)	0.0	0.0	0.0	0.0	0.0	0.0	0.0	0.0	0.0	0.0	0.0	0.0	0.0	0.0434783	0.0540541	0.1388889	0.2857143	0.1333333	0.1891892	0.0652174	0.1111111	0.1785714	0.1052632	0.1025641	0.0714286	0.0	0.0	0.0869565	0.05	0.1	0.2307692	0.125	0.1818182	0.0	0.1333333	0.0357143	0.0416667	0.0	0.0	0.0	0.0	0.0	0.0	0.0	0.0	0.0	0.0	0.0	
Townsend's Warbler (<em class="sci">Setophaga townsendi</em>)	0.1666667	0.1153846	0.3076923	0.1666667	0.1612903	0.0967742	0.2307692	0.0851064	0.047619	0.1071429	0.0697674	0.1355932	0.137931	0.0434783	0.0	0.0555556	0.3214286	0.1555556	0.1081081	0.0434783	0.037037	0.0	0.0015	0.0	0.0714286	0.0	0.0416667	0.0	0.0	0.05	0.0769231	0.0416667	0.1818182	0.0	0.2666667	0.1428571	0.1666667	0.0833333	0.0	0.137931	0.1212121	0.1	0.0769231	0.1666667	0.1578947	0.2222222	0.255814	0.2156863	
Black-throated Gray/Townsend's Warbler (<em class="sci">Setophaga nigrescens/townsendi</em>)	0.0	0.0	0.0	0.0	0.0	0.0	0.0	0.0	0.0	0.0	0.0	0.0	0.0	0.0	0.0	0.0	0.0357143	0.0	0.0	0.0	0.0	0.0	0.0	0.0	0.0	0.0	0.0	0.0	0.0	0.0	0.0	0.0	0.0	0.0	0.0	0.0	0.0	0.0	0.0	0.0	0.0	0.0	0.0	0.0	0.0	0.0	0.0	0.0	
Wilson's Warbler (<em class="sci">Cardellina pusilla</em>)	0.0	0.0	0.0	0.0	0.0	0.0	0.0	0.0	0.0	0.0	0.0	0.0	0.0	0.0	0.0	0.1388889	0.3928571	0.2666667	0.2972973	0.2608696	0.1481481	0.1071429	0.0526316	0.025641	0.0	0.0	0.0	0.0015	0.1	0.0	0.1538462	0.0833333	0.0	0.1	0.0666667	0.0	0.0	0.0	0.0	0.0	0.0	0.0	0.0	0.0	0.0	0.0	0.0	0.0	
warbler sp. (Parulidae sp.) (<em class="sci">Parulidae sp.</em>)	0.0	0.0	0.0	0.0	0.0	0.0	0.0	0.0	0.0	0.0	0.0	0.0	0.0	0.0	0.027027	0.0	0.0	0.0	0.027027	0.0	0.0	0.0	0.0	0.0	0.0	0.0	0.0	0.0	0.0	0.0	0.0769231	0.0	0.0909091	0.0	0.0	0.0	0.0416667	0.0	0.0	0.0	0.0	0.0	0.0	0.0	0.0	0.0	0.0	0.0	
Western Tanager (<em class="sci">Piranga ludoviciana</em>)	0.0	0.0	0.0	0.0	0.0	0.0	0.0	0.0	0.0	0.0	0.0	0.0	0.0	0.0	0.027027	0.0555556	0.5	0.3333333	0.3783784	0.2391304	0.1111111	0.1428571	0.1052632	0.0512821	0.0714286	0.0	0.0416667	0.0434783	0.05	0.0	0.1538462	0.0416667	0.0909091	0.1	0.0666667	0.0	0.0	0.0	0.0	0.0	0.0	0.0	0.0	0.0	0.0	0.0	0.0	0.0	
Black-headed Grosbeak (<em class="sci">Pheucticus melanocephalus</em>)	0.0	0.0	0.0	0.0	0.0	0.0	0.0	0.0	0.0	0.0	0.0	0.0	0.0	0.0	0.0	0.0	0.0714286	0.0888889	0.1081081	0.1304348	0.1111111	0.0357143	0.0526316	0.025641	0.0	0.0666667	0.0	0.0	0.0	0.0	0.0	0.0	0.0	0.1	0.0666667	0.0	0.0	0.0	0.0	0.0	0.0	0.0	0.0	0.0	0.0	0.0	0.0	0.0	
Lazuli Bunting (<em class="sci">Passerina amoena</em>)	0.0	0.0	0.0	0.0	0.0	0.0	0.0	0.0	0.0	0.0	0.0	0.0	0.0	0.0	0.0	0.0	0.0357143	0.0	0.0	0.0	0.0	0.0	0.0	0.025641	0.0	0.0	0.0	0.0	0.0	0.0	0.0	0.0	0.0	0.0	0.0	0.0	0.0	0.0	0.0	0.0	0.0	0.0	0.0	0.0	0.0	0.0	0.0	0.0	
passerine sp. (<em class="sci">Passeriformes sp.</em>)	0.0	0.0	0.0512821	0.0166667	0.0	0.0	0.0	0.0	0.0	0.0	0.0232558	0.0	0.0344828	0.0	0.0	0.0	0.0	0.0222222	0.0	0.0	0.0	0.0357143	0.0526316	0.025641	0.0	0.1333333	0.0	0.0434783	0.0	0.0	0.0769231	0.0	0.0	0.0	0.0	0.0	0.0	0.0	0.0	0.0	0.030303	0.0	0.0	0.0	0.0	0.0	0.0	0.0196078	
bird sp. (<em class="sci">Aves sp.</em>)	0.0	0.0	0.0	0.0	0.0	0.0	0.0	0.0	0.0	0.0	0.0	0.0	0.0	0.0	0.0	0.0	0.0	0.0	0.0	0.0	0.0	0.0	0.0	0.0	0.0	0.0	0.0	0.0	0.0	0.0	0.0769231	0.0	0.0	0.0	0.0	0.0	0.0	0.0	0.0	0.0344828	0.0	0.0	0.0	0.0	0.0	0.0	0.0	0.0	

