









Frequency of observations in the selected location(s).:
Number of taxa: 	243

	Jan				Feb				Mar				Apr				May				Jun				Jul				Aug				Sep				Oct				Nov				Dec				
Sample Size:	11.0	8.0	6.0	19.0	8.0	10.0	11.0	9.0	9.0	11.0	11.0	13.0	9.0	3.0	5.0	14.0	13.0	6.0	5.0	7.0	2.0	4.0	3.0	5.0	4.0	5.0	4.0	4.0	6.0	3.0	4.0	8.0	12.0	14.0	6.0	4.0	5.0	6.0	10.0	19.0	10.0	7.0	5.0	2.0	0.0	12.0	17.0	10.0	

Black-bellied Whistling-Duck (<em class="sci">Dendrocygna autumnalis</em>)	0.0	0.0	0.0	0.0	0.0	0.0	0.0	0.0	0.0	0.0	0.0	0.0	0.0	0.0	0.0	0.0	0.0015	0.0	0.0	0.0	0.0	0.0	0.3333333	0.0	0.0	0.0	0.0	0.0	0.0	0.0	0.0	0.0	0.0	0.0	0.0	0.0	0.0	0.0	0.0	0.0	0.0	0.0	0.0	0.0	0.0	0.0	0.0	0.0	
Snow Goose (<em class="sci">Anser caerulescens</em>)	0.0	0.0	0.0	0.0	0.0	0.0	0.0	0.0	0.0015	0.0	0.0	0.0	0.0	0.0	0.0	0.0	0.0	0.0	0.0	0.0	0.0	0.0	0.0	0.0	0.0	0.0	0.0	0.0	0.0	0.0	0.0	0.0	0.0	0.0	0.0	0.0	0.0	0.0	0.0	0.1052632	0.1	0.0	0.0	0.0	0.0	0.0	0.0	0.0	
Graylag Goose (Domestic type) (<em class="sci">Anser anser (Domestic type)</em>)	0.0	0.0	0.0	0.0	0.0	0.0	0.0	0.0	0.0	0.0	0.0	0.0	0.0	0.0	0.0	0.0	0.0	0.0	0.0	0.0	0.0	0.0	0.0	0.0	0.0	0.0	0.0	0.25	0.0	0.0	0.0	0.0	0.0	0.0	0.0	0.0	0.0	0.0	0.0	0.0526316	0.0	0.0	0.0	0.0	0.0	0.0	0.0	0.0	
Swan Goose (Domestic type) (<em class="sci">Anser cygnoides (Domestic type)</em>)	0.0	0.0	0.0	0.0	0.0	0.0	0.0	0.0	0.0	0.0	0.0	0.0769231	0.1111111	0.0	0.0	0.0	0.0	0.0	0.0	0.0	0.5	0.0	0.0	0.0	0.0	0.0	0.0	0.0	0.0	0.0	0.0	0.0015	0.0	0.0	0.0	0.0	0.0	0.0	0.0	0.0	0.1	0.0	0.0	0.0	0.0	0.25	0.2352941	0.1	
Graylag x Swan Goose (Domestic type) (hybrid) (<em class="sci">Anser anser x cygnoides (Domestic type)</em>)	0.0	0.0	0.0	0.0	0.0	0.0	0.0	0.0	0.0	0.0	0.0	0.0	0.0	0.0	0.0	0.0	0.0	0.0	0.0	0.0	0.5	0.0	0.0	0.0	0.0	0.0	0.0	0.0	0.0	0.0	0.0	0.0	0.0	0.0	0.0	0.0	0.0	0.0	0.0	0.0	0.0	0.0	0.0	0.0	0.0	0.0	0.0	0.1	
Greater White-fronted Goose (<em class="sci">Anser albifrons</em>)	0.0	0.0	0.0	0.0	0.0015	0.0	0.0	0.0	0.0	0.0	0.0	0.0	0.0	0.0	0.0	0.0	0.0	0.0	0.0	0.0	0.0	0.0	0.0	0.0	0.0	0.0	0.0	0.0	0.0	0.0	0.0	0.0	0.0	0.0	0.0	0.0	0.0	0.0	0.0	0.0	0.0	0.0	0.0	0.0	0.0	0.0	0.0	0.0	
Domestic goose sp. (Domestic type) (<em class="sci">Anser sp. (Domestic type)</em>)	0.0	0.0	0.0	0.0	0.0	0.0	0.0	0.0	0.0	0.0	0.0	0.0	0.0	0.0	0.0	0.0	0.0	0.0	0.0	0.0	0.0	0.0	0.0	0.0	0.0	0.0	0.0	0.25	0.0	0.0	0.0	0.0	0.0	0.0	0.0	0.0	0.0	0.0	0.0	0.0	0.0	0.1428571	0.0	0.0	0.0	0.0	0.0	0.0	
Canada Goose (<em class="sci">Branta canadensis</em>)	0.0	0.0	0.0	0.0	0.0	0.0	0.0	0.0	0.0	0.0	0.0	0.0	0.0015	0.0	0.0	0.0	0.0	0.0	0.0	0.0	0.0	0.0	0.0	0.0	0.0	0.0	0.0	0.0	0.0	0.0	0.0	0.0	0.0	0.0	0.0	0.0	0.0	0.0	0.0	0.0	0.0	0.0	0.0	0.0	0.0	0.0	0.0	0.0	
goose sp. (<em class="sci">Anser/Branta sp.</em>)	0.0	0.0	0.0	0.0	0.0	0.0	0.0	0.0	0.1111111	0.0	0.0	0.0	0.0	0.0	0.0	0.0	0.0	0.0	0.0	0.0	0.0	0.0	0.0	0.0	0.0	0.0	0.0	0.0	0.0	0.0	0.0	0.0	0.0	0.0	0.0	0.0	0.0	0.0	0.0	0.0	0.0	0.0	0.0	0.0	0.0	0.0	0.0	0.0	
Mute Swan (<em class="sci">Cygnus olor</em>)	0.1818182	0.25	0.0	0.3684211	0.125	0.1	0.1818182	0.0	0.1111111	0.1818182	0.1818182	0.1538462	0.1111111	0.6666667	0.2	0.0015	0.0769231	0.0	0.2	0.2857143	0.5	0.25	0.3333333	0.0	0.0	0.4	0.25	0.0	0.1666667	0.3333333	0.25	0.25	0.0	0.0	0.1666667	0.0	0.0	0.0	0.1	0.0526316	0.1	0.0	0.0	0.0	0.0	0.0833333	0.2941176	0.3	
Egyptian Goose (<em class="sci">Alopochen aegyptiaca</em>)	0.0	0.0	0.0	0.0	0.0	0.0	0.0	0.0	0.0	0.0	0.0	0.0	0.0	0.0	0.0	0.0	0.0	0.0	0.0	0.0	0.5	0.0	0.0	0.0	0.0	0.0	0.0	0.0	0.0	0.0	0.0	0.0	0.0	0.0	0.0	0.0	0.0	0.0	0.0	0.0	0.0	0.0	0.0	0.0	0.0	0.0	0.0	0.0	
Muscovy Duck (Domestic type) (<em class="sci">Cairina moschata (Domestic type)</em>)	0.0	0.125	0.0	0.0	0.0	0.0	0.0	0.1111111	0.1111111	0.0	0.1818182	0.0769231	0.0	0.0	0.0	0.0	0.0769231	0.0	0.0	0.0	0.5	0.0	0.0	0.0	0.0	0.0	0.0	0.0	0.0	0.0	0.0	0.0	0.0	0.0	0.0	0.0	0.0	0.0	0.0	0.0	0.0	0.0	0.0	0.0	0.0	0.0	0.1176471	0.1	
Wood Duck (<em class="sci">Aix sponsa</em>)	0.1818182	0.0	0.1666667	0.0526316	0.125	0.3	0.2727273	0.1111111	0.0	0.1818182	0.0909091	0.0769231	0.1111111	0.3333333	0.0015	0.0015	0.0769231	0.1666667	0.0	0.2857143	0.0	0.0	0.3333333	0.2	0.0	0.4	0.25	0.25	0.0	0.6666667	0.25	0.125	0.0833333	0.1428571	0.1666667	0.0	0.0015	0.0	0.1	0.0	0.0	0.1428571	0.0	0.0	0.0	0.25	0.4705882	0.3	
Blue-winged Teal (<em class="sci">Spatula discors</em>)	0.0	0.0	0.0	0.0	0.0	0.0	0.0	0.0	0.0	0.1818182	0.0909091	0.0769231	0.0	0.0	0.0	0.0	0.0	0.0	0.2	0.0	0.0	0.0	0.0	0.0	0.0	0.0	0.0	0.0	0.0	0.0	0.0	0.0	0.0	0.0	0.0	0.0	0.0	0.0	0.0	0.0	0.0	0.0	0.0	0.0	0.0	0.0	0.0588235	0.0	
Cinnamon Teal (<em class="sci">Spatula cyanoptera</em>)	0.0	0.0	0.0	0.0526316	0.125	0.0	0.0	0.0	0.0	0.0909091	0.1818182	0.0769231	0.0	0.0	0.0	0.0	0.0	0.0	0.0	0.0	0.0	0.0	0.0	0.0	0.0	0.0	0.0	0.0	0.0	0.0	0.0	0.0	0.0	0.0	0.0	0.0	0.0	0.0	0.0	0.0	0.0	0.0	0.0	0.0	0.0	0.0	0.0	0.0	
Northern Shoveler (<em class="sci">Spatula clypeata</em>)	0.0909091	0.0	0.0	0.0526316	0.0	0.0	0.0909091	0.0	0.0	0.0	0.0	0.0769231	0.0	0.0	0.0	0.0	0.0	0.0	0.0	0.0	0.0	0.0	0.0	0.0	0.0	0.0	0.0	0.0	0.0	0.0	0.0	0.0	0.0	0.0	0.0	0.0	0.0	0.0	0.0	0.0	0.0	0.1428571	0.0	0.0	0.0	0.0	0.0588235	0.0	
Gadwall (<em class="sci">Mareca strepera</em>)	0.5454545	0.5	0.0015	0.5263158	0.5	0.6	0.4545455	0.4444444	0.4444444	0.3636364	0.1818182	0.1538462	0.0015	0.0015	0.0	0.0	0.0	0.0	0.0	0.0	0.0	0.0	0.0	0.0	0.0	0.0	0.0	0.0	0.0	0.0	0.25	0.0	0.0	0.0	0.1666667	0.0	0.0015	0.0	0.0	0.1578947	0.0015	0.4285714	0.0015	0.5	0.0	0.3333333	0.5294118	0.6	
American Wigeon (<em class="sci">Mareca americana</em>)	0.0909091	0.125	0.0	0.0526316	0.0	0.0	0.0	0.1111111	0.0	0.0	0.0	0.0	0.0	0.0	0.0	0.0	0.0	0.0	0.0	0.0	0.0	0.0	0.0	0.0	0.0	0.0	0.0	0.0	0.0	0.0	0.0	0.0	0.0	0.0	0.0	0.0	0.0	0.0	0.0	0.0	0.0	0.0	0.0	0.0	0.0	0.25	0.0	0.0	
Mallard (<em class="sci">Anas platyrhynchos</em>)	0.2727273	0.25	0.0	0.1578947	0.0	0.0015	0.0	0.0	0.1111111	0.0	0.0	0.1538462	0.0	0.0	0.0	0.0714286	0.0	0.0	0.0	0.0	0.5	0.0	0.0	0.0	0.0	0.0	0.0	0.0	0.0	0.0	0.0	0.125	0.0	0.0	0.0	0.0	0.0	0.0	0.0	0.0	0.0	0.1428571	0.0015	0.0	0.0	0.0833333	0.1764706	0.1	
Mallard (Domestic type) (<em class="sci">Anas platyrhynchos (Domestic type)</em>)	0.0	0.0	0.0	0.1052632	0.125	0.2	0.0909091	0.1111111	0.0	0.0	0.2727273	0.0	0.0	0.0	0.0	0.0	0.0	0.1666667	0.0	0.1428571	0.5	0.0	0.3333333	0.0	0.0	0.4	0.5	0.0	0.0	0.6666667	0.0	0.0	0.0833333	0.0	0.0	0.0	0.0	0.0	0.0	0.0	0.0	0.2857143	0.0	0.0	0.0	0.0	0.0	0.1	
Northern Pintail (<em class="sci">Anas acuta</em>)	0.0909091	0.125	0.1666667	0.0526316	0.0015	0.0	0.0	0.1111111	0.0	0.0	0.0	0.0	0.0	0.0	0.0	0.0	0.0	0.0	0.0	0.0	0.0	0.0	0.0	0.0	0.0	0.0	0.0	0.0	0.0	0.0	0.0	0.0	0.0	0.0	0.0	0.0	0.0	0.0	0.0	0.0	0.0	0.0	0.0	0.0	0.0	0.3333333	0.1176471	0.0	
Green-winged Teal (<em class="sci">Anas crecca</em>)	0.0	0.125	0.1666667	0.1052632	0.0	0.0	0.0	0.0	0.0	0.0909091	0.0	0.0769231	0.0	0.0	0.0	0.0	0.0	0.0	0.0	0.0	0.0	0.0	0.0	0.0	0.0	0.0	0.0	0.0	0.0	0.0	0.0	0.0	0.0	0.0	0.0	0.0	0.0	0.0	0.0	0.0	0.1	0.1428571	0.2	0.0	0.0	0.1666667	0.0	0.0	
dabbling duck sp. (<em class="sci">Anatidae sp. (dabbling duck sp.)</em>)	0.0	0.0	0.0	0.0	0.0	0.0	0.0	0.0	0.0	0.0	0.0	0.0	0.0	0.0	0.0	0.0	0.0	0.0	0.0	0.0	0.0	0.0	0.0	0.0	0.0	0.0	0.0	0.0	0.0	0.0	0.0	0.0	0.0	0.0	0.0	0.0	0.0	0.0	0.0	0.0	0.0	0.1428571	0.0	0.0	0.0	0.0	0.0	0.0	
Canvasback (<em class="sci">Aythya valisineria</em>)	0.0909091	0.0	0.0	0.0526316	0.0	0.0	0.0909091	0.0	0.0	0.0	0.0	0.0	0.0	0.0	0.0	0.0	0.0	0.0	0.0	0.0	0.0	0.0	0.0	0.0	0.0	0.0	0.0	0.0	0.0	0.0	0.0	0.0	0.0	0.0	0.0	0.0	0.0	0.0	0.0	0.0	0.0	0.0	0.0	0.0	0.0	0.0	0.0	0.0	
Redhead (<em class="sci">Aythya americana</em>)	0.0	0.0	0.0	0.1052632	0.0	0.0	0.0	0.0	0.1111111	0.0909091	0.0	0.0	0.1111111	0.0	0.0	0.0	0.0	0.0	0.0	0.0	0.0	0.0	0.0	0.0	0.0	0.2	0.0	0.0	0.0	0.0	0.0	0.0	0.0	0.0	0.0	0.0	0.0	0.0	0.0	0.0	0.0	0.0	0.0	0.0	0.0	0.0	0.0588235	0.0	
Ring-necked Duck (<em class="sci">Aythya collaris</em>)	0.0909091	0.0	0.1666667	0.0526316	0.0	0.1	0.0909091	0.1111111	0.1111111	0.0	0.0	0.0	0.0	0.0	0.0	0.0	0.0	0.0	0.0	0.0	0.0	0.0	0.0	0.0	0.0	0.0	0.0	0.0	0.0	0.0	0.0	0.0	0.0	0.0	0.0	0.0	0.0	0.0	0.0	0.0	0.0	0.0	0.0	0.0	0.0	0.0833333	0.0588235	0.0	
Greater Scaup (<em class="sci">Aythya marila</em>)	0.0	0.0	0.0	0.0	0.0	0.1	0.0909091	0.1111111	0.0	0.0	0.0	0.0	0.0	0.0	0.0	0.0	0.0	0.0	0.0	0.0	0.0	0.0	0.0	0.0	0.0	0.0	0.0	0.0	0.0	0.0	0.0	0.0	0.0	0.0	0.0	0.0	0.0	0.0	0.0	0.0	0.0	0.0	0.0	0.0	0.0	0.0	0.0	0.0	
Lesser Scaup (<em class="sci">Aythya affinis</em>)	0.4545455	0.125	0.0	0.4210526	0.375	0.6	0.4545455	0.3333333	0.1111111	0.2727273	0.4545455	0.1538462	0.0	0.0	0.0015	0.0	0.0	0.0	0.0	0.0	0.0	0.0	0.0	0.0	0.0	0.0	0.0	0.0	0.0	0.0	0.0	0.0	0.0	0.0	0.0	0.0	0.0	0.0	0.0	0.0	0.0	0.1428571	0.0	0.0	0.0	0.5833333	0.6470588	0.4	
Greater/Lesser Scaup (<em class="sci">Aythya marila/affinis</em>)	0.0909091	0.0	0.1666667	0.0	0.0	0.0	0.0	0.0	0.0	0.0	0.0	0.0	0.0	0.0	0.0	0.0	0.0	0.0	0.0	0.0	0.0	0.0	0.0	0.0	0.0	0.0	0.0	0.0	0.0	0.0	0.0	0.0	0.0	0.0	0.0	0.0	0.0	0.0	0.0	0.0	0.0	0.0	0.0	0.0	0.0	0.0	0.0	0.0	
Long-tailed Duck (<em class="sci">Clangula hyemalis</em>)	0.0	0.0	0.0	0.0	0.0	0.0	0.0	0.0	0.0015	0.0015	0.0	0.0	0.0	0.0	0.0	0.0	0.0	0.0	0.0	0.0	0.0	0.0	0.0	0.0	0.0	0.0	0.0	0.0	0.0	0.0	0.0	0.0	0.0	0.0	0.0	0.0	0.0	0.0	0.0	0.0	0.0	0.0	0.0	0.0	0.0	0.0	0.0	0.0	
Bufflehead (<em class="sci">Bucephala albeola</em>)	0.1818182	0.0	0.0015	0.2631579	0.25	0.3	0.2727273	0.1111111	0.1111111	0.1818182	0.0	0.0	0.0	0.0	0.0	0.0	0.0	0.0	0.0	0.0	0.0	0.0	0.0	0.0	0.0	0.0	0.0	0.0	0.0	0.0	0.0	0.0	0.0	0.0	0.0	0.0	0.0	0.0	0.0	0.0	0.0	0.1428571	0.0	0.0	0.0	0.1666667	0.1176471	0.2	
Ruddy Duck (<em class="sci">Oxyura jamaicensis</em>)	0.0	0.0	0.0	0.0	0.0	0.0	0.0909091	0.0	0.0015	0.0	0.0909091	0.0769231	0.0	0.0	0.0	0.0	0.0	0.0	0.0	0.0	0.0	0.0	0.0	0.0	0.0	0.0	0.0	0.0	0.0	0.0	0.0	0.0	0.0	0.0	0.0	0.0	0.0	0.0	0.0	0.0	0.0	0.0	0.0	0.0	0.0	0.0	0.0588235	0.0	
duck sp. (<em class="sci">Anatinae sp.</em>)	0.0	0.0	0.0	0.0	0.0	0.0015	0.0	0.0	0.0	0.0	0.0909091	0.0	0.0	0.0	0.0	0.0	0.0	0.0	0.0	0.0	0.0	0.0	0.0	0.0	0.0	0.0	0.0	0.0	0.0	0.0	0.0	0.0	0.0	0.0	0.0	0.0	0.0	0.0	0.0	0.0	0.1	0.2857143	0.0	0.0	0.0	0.0	0.0	0.0	
Indian Peafowl (Domestic type) (<em class="sci">Pavo cristatus (Domestic type)</em>)	0.0	0.0	0.0	0.0	0.0	0.0	0.0	0.0	0.0	0.0	0.0	0.0	0.0	0.0	0.0	0.0	0.0	0.0	0.0	0.0	0.0	0.0	0.0	0.0	0.0	0.0	0.0	0.0	0.0	0.0	0.0	0.0	0.0	0.0	0.0	0.0	0.0	0.0	0.0	0.0	0.0	0.0015	0.0	0.0	0.0	0.0	0.0	0.0	
Wild Turkey (<em class="sci">Meleagris gallopavo</em>)	0.0	0.0	0.0	0.0	0.0	0.0	0.0	0.0	0.0	0.0	0.0	0.0	0.0	0.0	0.0	0.0	0.0	0.0	0.0	0.0	0.0	0.0	0.0	0.0	0.0	0.0	0.0	0.0	0.0	0.0	0.0	0.0	0.0	0.0	0.0	0.0	0.0	0.0	0.0	0.0	0.0	0.0	0.0	0.0	0.0	0.0	0.0	0.1	
Least Grebe (<em class="sci">Tachybaptus dominicus</em>)	0.0	0.0	0.0	0.0	0.0	0.0	0.0	0.0	0.0	0.0	0.0	0.0	0.0	0.0	0.0	0.0	0.0	0.0	0.0	0.0	0.0	0.0	0.0	0.0	0.0	0.0	0.0	0.0	0.0	0.0	0.0	0.0	0.0	0.0	0.0	0.0	0.0	0.0	0.1	0.0	0.0	0.0	0.0	0.0	0.0	0.0	0.0	0.0	
Pied-billed Grebe (<em class="sci">Podilymbus podiceps</em>)	0.4545455	0.125	0.1666667	0.3684211	0.375	0.5	0.1818182	0.1111111	0.3333333	0.3636364	0.3636364	0.2307692	0.2222222	0.3333333	0.0	0.0	0.0	0.0	0.0	0.0	0.0	0.0	0.0	0.0	0.0	0.0	0.25	0.25	0.1666667	0.0	0.0015	0.0	0.0833333	0.1428571	0.0	0.0015	0.0	0.3333333	0.1	0.2105263	0.2	0.4285714	0.2	0.5	0.0	0.3333333	0.5882353	0.3	
Eared Grebe (<em class="sci">Podiceps nigricollis</em>)	0.0	0.0	0.0	0.0526316	0.0	0.0	0.0	0.0	0.0	0.0	0.0	0.0	0.0	0.0	0.0	0.0	0.0	0.0	0.0	0.0	0.0	0.0	0.0	0.0	0.0	0.0	0.0	0.0	0.0	0.0	0.0	0.0	0.0	0.0	0.0	0.0	0.0	0.0	0.0	0.0	0.0	0.0	0.0	0.0	0.0	0.0015	0.0588235	0.0	
Rock Pigeon (<em class="sci">Columba livia</em>)	0.3636364	0.375	0.5	0.4736842	0.5	0.4	0.5454545	0.3333333	0.4444444	0.3636364	0.4545455	0.5384615	0.2222222	1.0	0.2	0.2142857	0.3076923	0.8333333	0.4	0.5714286	1.0	0.75	0.6666667	0.6	0.0	0.6	0.5	0.25	0.6666667	0.6666667	0.25	0.5	0.1666667	0.2857143	0.1666667	0.25	0.2	0.3333333	0.5	0.2105263	0.3	0.4285714	0.2	0.0	0.0	0.3333333	0.7058824	0.5	
Eurasian Collared-Dove (<em class="sci">Streptopelia decaocto</em>)	0.0	0.125	0.0	0.0	0.0	0.0	0.0909091	0.0	0.0	0.0	0.0	0.0	0.0	0.0	0.0	0.0	0.0769231	0.0	0.0	0.1428571	0.5	0.0	0.0	0.0	0.0	0.0	0.0	0.0	0.0	0.0	0.0	0.0	0.0	0.0	0.0	0.0	0.0	0.0	0.1	0.0526316	0.0	0.0	0.0	0.0	0.0	0.0	0.0	0.0	
Inca Dove (<em class="sci">Columbina inca</em>)	0.0	0.125	0.0	0.0	0.0	0.2	0.0	0.0	0.0	0.0	0.0909091	0.0	0.0	0.0	0.0015	0.0714286	0.0769231	0.1666667	0.0	0.0	0.0	0.0	0.3333333	0.2	0.25	0.2	0.0015	0.0	0.0	0.3333333	0.0015	0.125	0.0833333	0.0	0.0	0.0	0.0	0.0	0.0	0.0526316	0.0015	0.0	0.0	0.0	0.0	0.0	0.0588235	0.0	
White-winged Dove (<em class="sci">Zenaida asiatica</em>)	0.3636364	0.625	0.5	0.2631579	0.625	0.1	0.2727273	0.2222222	0.4444444	0.3636364	0.5454545	0.6153846	0.2222222	0.6666667	0.6	0.5	0.3076923	0.8333333	0.4	0.4285714	1.0	0.5	0.6666667	1.0	0.75	1.0	0.75	0.25	0.1666667	1.0	0.0015	0.5	0.25	0.2142857	0.5	0.25	0.4	0.1666667	0.3	0.1052632	0.1	0.2857143	0.2	0.5	0.0	0.3333333	0.5882353	0.6	
Mourning Dove (<em class="sci">Zenaida macroura</em>)	0.1818182	0.125	0.1666667	0.0526316	0.25	0.2	0.2727273	0.1111111	0.2222222	0.0909091	0.0909091	0.1538462	0.2222222	0.3333333	0.4	0.1428571	0.3846154	0.6666667	0.0015	0.1428571	0.5	0.25	0.0	0.2	0.25	0.6	0.75	0.0	0.1666667	0.6666667	0.0	0.125	0.0833333	0.0714286	0.1666667	0.25	0.2	0.0	0.0	0.0526316	0.0	0.1428571	0.0	0.0	0.0	0.25	0.2352941	0.3	
pigeon/dove sp. (<em class="sci">Columbidae sp.</em>)	0.0	0.125	0.0	0.0	0.0	0.0	0.0	0.0	0.0	0.0	0.0	0.0	0.0	0.0	0.0	0.0	0.0769231	0.0	0.0	0.0	0.0	0.0	0.0	0.6	0.0	0.0	0.0	0.0	0.0	0.0	0.0	0.0	0.0	0.0	0.0	0.0	0.0	0.0	0.0	0.0	0.0	0.0	0.0	0.0	0.0	0.0	0.0	0.0	
Greater Roadrunner (<em class="sci">Geococcyx californianus</em>)	0.0	0.0	0.0	0.0	0.0	0.0	0.0	0.0	0.0	0.0909091	0.0	0.0	0.0	0.0	0.0	0.0714286	0.0	0.0	0.0	0.0	0.0	0.0	0.0	0.0	0.0	0.0	0.0	0.0	0.0	0.0	0.0	0.0	0.0	0.0	0.0	0.0	0.2	0.0	0.1	0.0	0.0	0.0	0.0015	0.0	0.0	0.0	0.0	0.0	
Yellow-billed Cuckoo (<em class="sci">Coccyzus americanus</em>)	0.0	0.0	0.0	0.0	0.0	0.0	0.0	0.0	0.0	0.0	0.0	0.0	0.0	0.0	0.0	0.0	0.0769231	0.1666667	0.0	0.0	0.0	0.25	0.0	0.0	0.0	0.0	0.0	0.0	0.0	0.3333333	0.25	0.0	0.1666667	0.0714286	0.0	0.0	0.0	0.0	0.0	0.0	0.0	0.0	0.0	0.0	0.0	0.0	0.0	0.0	
Common Nighthawk (<em class="sci">Chordeiles minor</em>)	0.0	0.0	0.0	0.0	0.0	0.0	0.0	0.0	0.0	0.0	0.0	0.0	0.0	0.3333333	0.0	0.0	0.0	0.1666667	0.0	0.0015	0.0	0.0	0.0	0.0	0.0	0.4	0.25	0.0	0.0	0.0	0.0	0.25	0.0833333	0.0	0.0	0.0	0.0	0.0	0.0	0.0	0.0	0.0	0.0	0.0	0.0	0.0	0.0	0.0	
nighthawk sp. (<em class="sci">Chordeiles sp.</em>)	0.0	0.0	0.0	0.0	0.0	0.0	0.0	0.0	0.0	0.0	0.0	0.0	0.0	0.0	0.0	0.0	0.0	0.0	0.0	0.0	0.0	0.0	0.0	0.0	0.0	0.0	0.0	0.0	0.0	0.0	0.0	0.125	0.0	0.0	0.0	0.0	0.0	0.0	0.0	0.0	0.0	0.0	0.0	0.0	0.0	0.0	0.0	0.0	
Common Poorwill (<em class="sci">Phalaenoptilus nuttallii</em>)	0.0	0.0	0.0	0.0	0.0	0.0	0.0	0.0	0.0	0.0	0.0	0.0	0.0	0.0	0.0	0.0	0.0	0.0	0.0	0.0	0.0	0.0	0.0	0.0	0.0	0.0	0.0	0.0	0.0	0.0	0.0	0.0	0.0	0.0	0.0	0.0	0.0	0.0015	0.0	0.0	0.0	0.0	0.0	0.0	0.0	0.0	0.0	0.0	
Chuck-will's-widow (<em class="sci">Antrostomus carolinensis</em>)	0.0	0.0	0.0	0.0	0.0	0.0	0.0	0.0	0.0	0.0	0.0	0.0	0.0	0.0	0.0	0.0	0.0	0.0	0.0	0.0	0.0015	0.0	0.0	0.0	0.0	0.0	0.0	0.0	0.0	0.0	0.0	0.0	0.0	0.0	0.0	0.0	0.0	0.0	0.0	0.0	0.0	0.0	0.0	0.0	0.0	0.0	0.0	0.0	
Chimney Swift (<em class="sci">Chaetura pelagica</em>)	0.0	0.0	0.0	0.0	0.0	0.0	0.0	0.0	0.0	0.0	0.0	0.0	0.0	0.6666667	0.0	0.0	0.3076923	0.3333333	0.2	0.0	0.5	0.0	0.0	0.4	0.25	0.6	0.25	0.0	0.1666667	1.0	0.25	0.25	0.0	0.1428571	0.1666667	0.0015	0.0	0.0	0.0	0.0	0.0	0.0	0.0	0.0	0.0	0.0	0.0	0.0	
Ruby-throated Hummingbird (<em class="sci">Archilochus colubris</em>)	0.0	0.0	0.0	0.0	0.0	0.0	0.0	0.0	0.0	0.0	0.0	0.0	0.0	0.0	0.0	0.0	0.0	0.1666667	0.0	0.0	0.0	0.0	0.0	0.0	0.0	0.2	0.25	0.0	0.0	0.0	0.0	0.125	0.3333333	0.2857143	0.3333333	0.25	0.2	0.0	0.0	0.0	0.0	0.0	0.0	0.0	0.0	0.0	0.0	0.0	
Black-chinned Hummingbird (<em class="sci">Archilochus alexandri</em>)	0.0	0.0	0.0	0.0	0.0	0.0	0.0	0.0	0.0	0.0	0.0	0.0	0.0	0.0	0.0	0.0	0.1538462	0.5	0.0	0.0	0.0	0.0	0.0	0.0	0.0	0.0	0.0	0.0	0.0	0.0	0.0	0.0	0.0	0.0	0.0	0.0	0.0	0.0	0.0	0.0	0.0	0.0	0.0	0.0	0.0	0.0	0.0	0.0	
Ruby-throated/Black-chinned Hummingbird (<em class="sci">Archilochus colubris/alexandri</em>)	0.0	0.0	0.0	0.0	0.0	0.0	0.0	0.0	0.0	0.0	0.0	0.0	0.0	0.0	0.2	0.0	0.0	0.0	0.0	0.0	0.0	0.0	0.0	0.0	0.0	0.0	0.0	0.0	0.0	0.0	0.0	0.0	0.0	0.0714286	0.0	0.0	0.0	0.0	0.0	0.0	0.0	0.0	0.0	0.0	0.0	0.0	0.0	0.0	
Rufous Hummingbird (<em class="sci">Selasphorus rufus</em>)	0.0	0.0	0.0	0.0	0.0	0.0	0.0	0.0	0.0	0.0	0.0	0.0	0.0	0.0	0.0	0.0	0.0	0.0	0.0	0.0	0.0	0.0	0.0	0.0	0.0	0.0	0.0	0.0	0.0	0.0	0.0	0.125	0.1666667	0.0	0.0	0.0	0.0	0.0	0.0	0.0	0.0	0.0	0.0	0.0	0.0	0.0	0.1176471	0.0	
Calliope Hummingbird (<em class="sci">Selasphorus calliope</em>)	0.0	0.0	0.0	0.0	0.0	0.0	0.0	0.1111111	0.1111111	0.0	0.0	0.0	0.0	0.0	0.0	0.0	0.0	0.0	0.0	0.0	0.0	0.0	0.0	0.0	0.0	0.0	0.0	0.0	0.0	0.0	0.0	0.0	0.0	0.0	0.0015	0.0	0.2	0.0	0.0	0.0015	0.0	0.0	0.0	0.0	0.0	0.0	0.0	0.0	
hummingbird sp. (<em class="sci">Trochilidae sp.</em>)	0.0	0.0	0.0	0.0	0.0	0.0	0.0	0.0	0.0	0.0	0.0	0.0	0.1111111	0.0	0.0	0.0	0.0769231	0.0	0.0	0.0	0.0	0.0	0.0	0.4	0.25	0.0	0.25	0.0	0.0	0.6666667	0.0	0.25	0.1666667	0.0714286	0.0015	0.5	0.2	0.1666667	0.1	0.0526316	0.0	0.0	0.0	0.0	0.0	0.0	0.0588235	0.0	
American Coot (<em class="sci">Fulica americana</em>)	0.4545455	0.375	0.1666667	0.4736842	0.5	0.6	0.5454545	0.3333333	0.2222222	0.2727273	0.4545455	0.4615385	0.5555556	0.6666667	0.0015	0.0714286	0.0769231	0.1666667	0.0	0.0	0.0	0.0	0.3333333	0.0	0.0	0.4	0.5	0.25	0.1666667	0.6666667	0.0	0.0	0.0	0.0	0.1666667	0.0	0.0015	0.1666667	0.0	0.1578947	0.3	0.4285714	0.0015	0.0	0.0	0.4166667	0.7058824	0.5	
Sandhill Crane (<em class="sci">Antigone canadensis</em>)	0.0	0.0	0.0	0.0	0.0	0.0	0.0	0.0	0.0	0.0909091	0.0	0.0769231	0.0	0.0	0.0	0.0	0.0	0.0	0.0	0.0	0.0	0.0	0.0	0.0	0.0	0.0	0.0	0.0	0.0	0.0	0.0	0.0	0.0	0.0	0.0	0.0	0.0	0.0	0.0	0.0526316	0.1	0.0	0.0	0.0	0.0	0.0	0.0	0.0	
American Golden-Plover (<em class="sci">Pluvialis dominica</em>)	0.0	0.0	0.0	0.0	0.0	0.0	0.0	0.0	0.0	0.0	0.0	0.0	0.0	0.0	0.0	0.0015	0.0	0.0	0.0	0.0	0.0	0.0	0.0	0.0	0.0	0.0	0.0	0.0	0.0	0.0	0.0	0.0	0.0	0.0	0.0	0.0	0.0	0.0	0.0	0.0	0.0	0.0	0.0	0.0	0.0	0.0	0.0	0.0	
Killdeer (<em class="sci">Charadrius vociferus</em>)	0.1818182	0.125	0.0	0.0	0.125	0.1	0.0909091	0.0	0.1111111	0.0	0.0909091	0.0769231	0.1111111	0.0015	0.2	0.0	0.0	0.1666667	0.0	0.0	0.0	0.0	0.3333333	0.0	0.0	0.4	0.0	0.0	0.0015	0.0	0.25	0.125	0.0	0.0714286	0.0	0.0	0.0	0.0	0.0	0.0526316	0.0015	0.1428571	0.0	0.5	0.0	0.3333333	0.2352941	0.1	
Pectoral Sandpiper (<em class="sci">Calidris melanotos</em>)	0.0	0.0	0.0	0.0	0.0	0.0	0.0	0.0	0.0	0.0	0.0	0.0	0.0	0.0	0.0	0.0	0.0	0.0	0.2	0.0	0.0	0.0	0.0	0.0	0.0	0.0	0.0	0.0	0.0	0.0	0.0	0.0	0.0	0.0	0.0	0.0	0.0	0.0	0.0	0.0	0.0	0.0	0.0	0.0	0.0	0.0	0.0	0.0	
Wilson's Snipe (<em class="sci">Gallinago delicata</em>)	0.0	0.0	0.0	0.0	0.0	0.0	0.0	0.0	0.0	0.0	0.0	0.0	0.0	0.0	0.0	0.0	0.0	0.0	0.0	0.0	0.0	0.0	0.0	0.0	0.0	0.0	0.0	0.0	0.0	0.0	0.0	0.0	0.0	0.0	0.0	0.0	0.0	0.0	0.0	0.0	0.1	0.1428571	0.0	0.0	0.0	0.0833333	0.0	0.0	
Spotted Sandpiper (<em class="sci">Actitis macularius</em>)	0.1818182	0.125	0.0	0.1052632	0.125	0.0	0.0	0.0	0.0	0.0909091	0.0	0.0769231	0.0	0.0	0.0	0.0	0.1538462	0.1666667	0.2	0.1428571	0.0	0.0	0.0	0.0	0.0	0.0	0.0	0.0	0.0	0.3333333	0.25	0.125	0.0833333	0.1428571	0.0	0.0	0.0	0.0	0.0	0.0526316	0.1	0.1428571	0.0	0.0	0.0	0.0	0.2941176	0.0	
Solitary Sandpiper (<em class="sci">Tringa solitaria</em>)	0.0	0.0	0.0	0.0	0.0	0.0	0.0	0.0	0.0	0.0	0.0	0.0	0.0	0.0015	0.0	0.0	0.0	0.0	0.0	0.0	0.0	0.0	0.0	0.0	0.0	0.0	0.0	0.0	0.0	0.0	0.0	0.0	0.0	0.0	0.0	0.0	0.0	0.0	0.0	0.0	0.0	0.0	0.0	0.0	0.0	0.0	0.0	0.0	
Franklin's Gull (<em class="sci">Leucophaeus pipixcan</em>)	0.0	0.0	0.0	0.0	0.0	0.0	0.0	0.0	0.0	0.0	0.0	0.0	0.0	0.0	0.0	0.0714286	0.0769231	0.0	0.0	0.0	0.0	0.0	0.0	0.0	0.0	0.0	0.0	0.0	0.0	0.0	0.0	0.0	0.0	0.0	0.0	0.0	0.0	0.0	0.0	0.0	0.0	0.0	0.0	0.0	0.0	0.0	0.0	0.0	
Ring-billed Gull (<em class="sci">Larus delawarensis</em>)	0.1818182	0.0	0.3333333	0.1578947	0.125	0.3	0.0909091	0.0	0.1111111	0.0909091	0.0	0.0	0.0	0.0	0.0	0.0	0.0	0.0	0.0	0.0	0.0	0.0	0.0	0.0	0.0	0.0	0.0	0.0	0.0	0.0	0.0	0.0	0.0	0.0	0.0	0.0	0.0	0.0	0.0	0.0	0.0	0.0	0.0	0.0	0.0	0.1666667	0.1176471	0.4	
gull sp. (<em class="sci">Larinae sp.</em>)	0.0	0.0	0.0	0.0	0.0	0.0	0.0	0.0	0.0	0.0	0.0	0.0	0.0	0.0	0.0	0.0	0.0	0.0	0.0	0.0	0.0	0.0	0.0	0.0	0.0	0.0	0.0	0.0	0.0	0.0	0.0	0.0	0.0	0.0	0.0	0.0	0.0	0.0	0.0	0.0526316	0.0	0.0	0.0	0.0	0.0	0.0	0.0	0.0	
Common Loon (<em class="sci">Gavia immer</em>)	0.0	0.0015	0.0	0.0	0.0	0.0	0.0	0.0	0.0	0.0	0.0	0.0	0.0	0.0	0.0	0.0	0.0	0.0	0.0	0.0	0.0	0.0	0.0	0.0	0.0	0.0	0.0	0.0	0.0	0.0	0.0	0.0	0.0	0.0	0.0	0.0	0.0	0.0	0.0	0.0	0.0	0.0	0.0	0.0	0.0	0.0	0.0588235	0.0	
Neotropic Cormorant (<em class="sci">Phalacrocorax brasilianus</em>)	0.0	0.0	0.0	0.0015	0.125	0.0015	0.0909091	0.0	0.1111111	0.0	0.0909091	0.2307692	0.0	0.0	0.0	0.0	0.0769231	0.0	0.0	0.0	0.5	0.0	0.0	0.0	0.0	0.0	0.0	0.0	0.0	0.0	0.0	0.0	0.0	0.0	0.0	0.0	0.0	0.0015	0.0	0.0	0.0	0.0	0.0	0.0	0.0	0.0833333	0.2352941	0.0	
Double-crested Cormorant (<em class="sci">Phalacrocorax auritus</em>)	0.2727273	0.375	0.1666667	0.5263158	0.5	0.5	0.6363636	0.2222222	0.4444444	0.4545455	0.4545455	0.4615385	0.1111111	0.3333333	0.0	0.0714286	0.0769231	0.0	0.2	0.0	0.0	0.0	0.0	0.0	0.0	0.0	0.0	0.0	0.0	0.6666667	0.0	0.0	0.0	0.0	0.0	0.0	0.2	0.0	0.3	0.1578947	0.3	0.4285714	0.0015	0.0	0.0	0.4166667	0.5882353	0.4	
cormorant sp. (<em class="sci">Phalacrocoracidae sp.</em>)	0.0909091	0.0	0.0	0.0	0.0	0.0015	0.0	0.0	0.0	0.0	0.0	0.0	0.1111111	0.3333333	0.0	0.0	0.0	0.0	0.0	0.0	0.0	0.0	0.0	0.0	0.0	0.0	0.0	0.0	0.0	0.0	0.0	0.0	0.0	0.0	0.0	0.0	0.0	0.0	0.0	0.2631579	0.1	0.1428571	0.0	0.0	0.0	0.0	0.0588235	0.0	
Great Blue Heron (<em class="sci">Ardea herodias</em>)	0.1818182	0.125	0.0	0.1052632	0.125	0.1	0.2727273	0.2222222	0.1111111	0.0909091	0.3636364	0.2307692	0.0	0.3333333	0.2	0.2142857	0.0769231	0.1666667	0.2	0.0	0.0	0.0	0.3333333	0.0	0.0	0.4	0.0	0.25	0.0	0.6666667	0.0	0.125	0.0833333	0.0714286	0.0	0.0015	0.0	0.1666667	0.1	0.0	0.1	0.2857143	0.0	0.0	0.0	0.1666667	0.4117647	0.3	
Great Egret (<em class="sci">Ardea alba</em>)	0.1818182	0.375	0.0	0.4210526	0.5	0.2	0.2727273	0.0	0.2222222	0.1818182	0.0	0.0	0.1111111	0.0	0.0	0.0	0.0769231	0.0	0.0	0.0	0.5	0.0	0.0	0.0	0.0	0.0	0.0	0.0	0.0	0.0	0.25	0.125	0.0	0.0	0.0	0.0	0.0	0.1666667	0.0	0.0	0.1	0.2857143	0.0	0.0	0.0	0.1666667	0.4705882	0.3	
Snowy Egret (<em class="sci">Egretta thula</em>)	0.2727273	0.0	0.1666667	0.2105263	0.375	0.4	0.1818182	0.1111111	0.2222222	0.1818182	0.0909091	0.1538462	0.0	0.0	0.0	0.0	0.0	0.0	0.0	0.0	0.0	0.0	0.0	0.0	0.0	0.0	0.0	0.0	0.0	0.3333333	0.0	0.0	0.0	0.0714286	0.0	0.0	0.0	0.0	0.1	0.0	0.1	0.1428571	0.0015	0.0	0.0	0.1666667	0.2941176	0.2	
Little Blue Heron (<em class="sci">Egretta caerulea</em>)	0.0	0.0	0.0	0.0526316	0.0	0.0	0.0	0.0	0.0	0.0	0.0	0.0	0.0	0.3333333	0.0	0.0	0.0	0.0	0.0	0.0	0.0	0.0	0.0	0.0	0.0	0.0	0.0	0.0	0.0	0.0	0.0	0.125	0.0	0.0	0.0	0.0	0.0	0.0	0.0	0.0	0.0	0.0	0.0	0.0	0.0	0.0	0.0	0.1	
Cattle Egret (<em class="sci">Bubulcus ibis</em>)	0.0	0.0	0.0	0.0	0.0	0.0	0.0909091	0.0	0.0	0.0	0.0	0.0	0.0	0.0015	0.0	0.0	0.0	0.3333333	0.0	0.1428571	0.0	0.0	0.0	0.0	0.0	0.0	0.0015	0.0	0.0	0.0	0.0	0.0	0.0	0.0	0.0	0.0	0.0	0.0	0.0	0.0	0.1	0.0	0.0	0.0	0.0	0.0	0.0	0.0	
Green Heron (<em class="sci">Butorides virescens</em>)	0.0	0.0	0.0	0.0526316	0.0	0.0	0.0	0.0	0.0	0.0	0.0	0.0769231	0.1111111	0.3333333	0.2	0.0	0.3846154	0.3333333	0.2	0.4285714	0.0	0.0	0.3333333	0.4	0.0	0.6	0.5	0.25	0.3333333	0.6666667	0.25	0.25	0.0	0.2142857	0.0	0.0	0.0	0.0	0.0	0.0	0.0	0.0	0.0	0.0	0.0	0.0	0.2352941	0.0	
Black-crowned Night-Heron (<em class="sci">Nycticorax nycticorax</em>)	0.0	0.0	0.0	0.0	0.0	0.0	0.0	0.0	0.0	0.0	0.0	0.0	0.0	0.0	0.0	0.0	0.0	0.0	0.0	0.0	0.0	0.0	0.0	0.0	0.0	0.0	0.0	0.0	0.0	0.0	0.0	0.0	0.0	0.0	0.0	0.0	0.0	0.0	0.0	0.0	0.0	0.0	0.0	0.0	0.0	0.0	0.0	0.1	
Yellow-crowned Night-Heron (<em class="sci">Nyctanassa violacea</em>)	0.0	0.0	0.0	0.0526316	0.0	0.0	0.0909091	0.0	0.0	0.0	0.0909091	0.0	0.0	0.0015	0.0	0.0	0.1538462	0.0	0.0	0.2857143	0.0015	0.0	0.0	0.2	0.0	0.4	0.5	0.25	0.0	0.6666667	0.25	0.125	0.0833333	0.1428571	0.0	0.0	0.2	0.0	0.0	0.0015	0.0	0.0	0.0	0.0	0.0	0.0	0.0588235	0.0	
Black Vulture (<em class="sci">Coragyps atratus</em>)	0.1818182	0.375	0.3333333	0.1578947	0.375	0.2	0.4545455	0.3333333	0.2222222	0.3636364	0.3636364	0.2307692	0.0015	0.0	0.4	0.2857143	0.3076923	0.5	0.0	0.1428571	0.5	0.0	0.0	0.4	0.0	0.0	0.0015	0.0	0.0	0.3333333	0.0	0.25	0.0	0.0	0.0	0.0	0.0	0.0015	0.1	0.0	0.0	0.1428571	0.0015	0.5	0.0	0.0833333	0.6470588	0.3	
Turkey Vulture (<em class="sci">Cathartes aura</em>)	0.0909091	0.125	0.0	0.1578947	0.25	0.3	0.2727273	0.1111111	0.2222222	0.0909091	0.0909091	0.1538462	0.1111111	0.3333333	0.0015	0.1428571	0.1538462	0.1666667	0.0	0.0	0.0	0.0	0.3333333	0.2	0.25	0.4	0.0015	0.25	0.1666667	0.3333333	0.0	0.125	0.0833333	0.0	0.3333333	0.25	0.0	0.0015	0.2	0.0015	0.0	0.1428571	0.0015	0.0	0.0	0.1666667	0.4117647	0.2	
Osprey (<em class="sci">Pandion haliaetus</em>)	0.0909091	0.0	0.0	0.1052632	0.125	0.2	0.0	0.0	0.0	0.0909091	0.0	0.0	0.0	0.0	0.0	0.1428571	0.0	0.0	0.0	0.0	0.0	0.0	0.0	0.0	0.0	0.0	0.0	0.0	0.0	0.0	0.0	0.0	0.0	0.0	0.0	0.0	0.0	0.0	0.0	0.1578947	0.0	0.2857143	0.0	0.0	0.0	0.0	0.0	0.1	
Mississippi Kite (<em class="sci">Ictinia mississippiensis</em>)	0.0	0.0	0.0	0.0	0.0	0.0	0.0	0.0	0.0	0.0	0.0	0.0	0.0	0.0	0.0	0.0714286	0.0	0.0	0.0	0.0	0.0	0.0	0.0	0.0	0.0	0.0	0.0	0.0	0.0	0.0	0.0	0.125	0.0	0.0	0.0	0.0	0.0	0.0	0.0	0.0	0.0	0.0	0.0	0.0	0.0	0.0	0.0	0.0	
Northern Harrier (<em class="sci">Circus hudsonius</em>)	0.0	0.0	0.0	0.0	0.0	0.0015	0.0	0.0	0.0	0.0	0.0	0.0	0.0	0.0	0.0	0.0	0.0	0.0	0.0	0.0	0.0	0.0	0.0	0.0	0.0	0.0	0.0	0.0	0.0	0.0	0.0	0.0	0.0	0.0	0.0	0.0	0.0	0.0	0.0	0.0	0.0	0.0	0.0	0.0	0.0	0.0	0.0588235	0.0	
Sharp-shinned Hawk (<em class="sci">Accipiter striatus</em>)	0.0909091	0.0	0.0	0.1052632	0.0	0.0	0.0	0.0	0.0	0.0	0.0	0.0	0.0	0.0	0.2	0.0	0.0	0.0	0.0	0.0	0.0	0.0	0.0	0.0	0.0	0.0	0.0	0.0	0.0	0.0	0.0	0.0	0.0	0.0	0.0	0.0	0.0	0.0015	0.0	0.0	0.0	0.0	0.0	0.0	0.0	0.0833333	0.0588235	0.0	
Cooper's Hawk (<em class="sci">Accipiter cooperii</em>)	0.0909091	0.0	0.1666667	0.0	0.0	0.1	0.1818182	0.0	0.0015	0.0	0.0909091	0.0769231	0.0	0.0	0.0	0.0	0.0	0.0	0.0	0.0	0.0	0.0	0.0	0.0	0.0	0.0	0.0	0.0	0.0	0.0	0.0015	0.0	0.0	0.0	0.0	0.0	0.0	0.0	0.0	0.0	0.0	0.0	0.0	0.0	0.0	0.0833333	0.2352941	0.1	
Accipiter sp. (<em class="sci">Accipiter sp.</em>)	0.0	0.0	0.0	0.0	0.125	0.0	0.0	0.0	0.0	0.0	0.0	0.0	0.0	0.0	0.0	0.0	0.0	0.0	0.0	0.0	0.0	0.0	0.0	0.2	0.0	0.0	0.0	0.0	0.0	0.0	0.0	0.0	0.0	0.0	0.0	0.0	0.0	0.0	0.0	0.0	0.0	0.0	0.0	0.0	0.0	0.0	0.0	0.0	
Bald Eagle (<em class="sci">Haliaeetus leucocephalus</em>)	0.0	0.0	0.0	0.0	0.0	0.0	0.0	0.0	0.0	0.0	0.0	0.0	0.0	0.0	0.0	0.0	0.0	0.0	0.0	0.0	0.0	0.0	0.0	0.0	0.0	0.0	0.0	0.0	0.0	0.0	0.0	0.0	0.0	0.0	0.0	0.0	0.0	0.0	0.1	0.0	0.0	0.0	0.0	0.0	0.0	0.0	0.0	0.0	
Red-shouldered Hawk (<em class="sci">Buteo lineatus</em>)	0.0	0.0	0.5	0.1578947	0.0	0.0	0.2727273	0.0	0.0	0.0909091	0.0	0.0015	0.0	0.3333333	0.2	0.0714286	0.0	0.3333333	0.0	0.0	0.0	0.0	0.3333333	0.0	0.0	0.2	0.0	0.0	0.0	0.0	0.0	0.125	0.0	0.0714286	0.1666667	0.0	0.0	0.0	0.0	0.0	0.0015	0.0	0.0	0.0	0.0	0.0833333	0.2352941	0.2	
Broad-winged Hawk (<em class="sci">Buteo platypterus</em>)	0.0	0.0	0.0	0.0	0.0	0.0	0.0	0.0	0.0	0.0	0.0	0.0769231	0.0	0.0	0.2	0.0	0.0	0.0	0.0	0.0	0.0	0.0	0.0	0.0	0.0	0.0	0.0	0.0	0.0	0.0	0.0	0.0	0.0	0.0	0.0	0.0	0.0	0.0	0.0	0.0	0.0	0.0	0.0	0.0	0.0	0.0	0.0	0.0	
Swainson's Hawk (<em class="sci">Buteo swainsoni</em>)	0.0	0.0	0.0	0.0	0.0	0.0	0.0	0.0	0.0	0.0	0.0	0.0	0.0015	0.0	0.0	0.0	0.0	0.0	0.0	0.2857143	0.0	0.0	0.0	0.0	0.0	0.0	0.0	0.0	0.0	0.0	0.0	0.0	0.0833333	0.0	0.0	0.0	0.0	0.0015	0.0	0.0	0.0	0.0	0.0	0.0	0.0	0.0	0.0	0.0	
Red-tailed Hawk (<em class="sci">Buteo jamaicensis</em>)	0.0909091	0.0	0.0	0.0526316	0.125	0.0	0.1818182	0.0	0.1111111	0.0909091	0.0	0.0015	0.0	0.3333333	0.2	0.0	0.0769231	0.0	0.2	0.0015	0.0	0.0	0.3333333	0.0	0.0	0.0	0.0	0.0	0.0015	0.6666667	0.0	0.0	0.0	0.0714286	0.0	0.0	0.0	0.0015	0.0	0.0	0.0015	0.1428571	0.2	0.0	0.0	0.25	0.3529412	0.2	
hawk sp. (<em class="sci">Accipitridae sp. (hawk sp.)</em>)	0.0	0.0	0.0	0.0	0.0	0.0	0.0	0.0	0.0	0.0	0.0	0.0	0.0	0.0	0.0	0.0	0.0	0.0	0.0	0.0	0.0	0.0	0.0	0.0	0.0	0.0	0.0	0.0	0.0	0.0	0.0	0.0	0.0	0.0	0.0	0.0	0.0	0.0	0.0	0.0	0.0	0.1428571	0.0	0.0	0.0	0.0	0.0	0.0	
Barn Owl (<em class="sci">Tyto alba</em>)	0.0	0.0	0.0	0.0	0.0	0.0	0.0	0.0	0.0015	0.0	0.0	0.0	0.0	0.0	0.0	0.0	0.0	0.0	0.0	0.0	0.0	0.0	0.0	0.0	0.0	0.0	0.0	0.0	0.0	0.0	0.0	0.0	0.0	0.0	0.0	0.0	0.0	0.0	0.0	0.0	0.0	0.0	0.0	0.0	0.0	0.0	0.0	0.0	
Eastern Screech-Owl (<em class="sci">Megascops asio</em>)	0.0	0.0	0.0	0.0	0.0	0.1	0.0	0.0	0.0	0.0	0.0	0.0	0.0	0.0	0.0	0.0714286	0.0	0.0	0.0	0.0	0.0	0.0	0.0	0.0	0.0	0.0	0.0	0.0	0.0	0.0	0.0	0.125	0.0	0.0	0.0	0.0	0.0	0.0	0.0	0.0	0.0	0.0	0.0	0.0	0.0	0.0	0.0	0.1	
Great Horned Owl (<em class="sci">Bubo virginianus</em>)	0.0	0.0	0.0	0.0	0.0	0.0	0.0909091	0.0	0.0	0.0	0.0	0.0	0.0	0.0	0.0	0.0	0.0	0.0	0.0	0.0	0.0	0.0	0.0	0.0	0.0	0.0	0.0	0.0	0.0	0.0	0.0	0.0	0.0	0.0	0.0	0.0	0.0	0.0	0.1	0.0	0.0	0.0	0.0	0.0	0.0	0.0	0.0	0.0	
Barred Owl (<em class="sci">Strix varia</em>)	0.0	0.0	0.0	0.0	0.0	0.0	0.0	0.1111111	0.0015	0.0	0.0	0.0	0.0	0.0	0.0	0.0	0.0	0.0	0.0	0.0	0.0	0.0	0.0	0.0	0.0	0.0	0.0	0.0	0.0	0.0	0.0	0.0	0.0	0.0	0.0	0.0	0.0	0.0	0.0	0.0	0.0	0.0	0.0	0.0	0.0	0.0833333	0.0588235	0.0	
Ringed Kingfisher (<em class="sci">Megaceryle torquata</em>)	0.0909091	0.0	0.0	0.0	0.0	0.0	0.0	0.0	0.0	0.0	0.0	0.0	0.0	0.0	0.0	0.0	0.0	0.0	0.0	0.0	0.0	0.0	0.0	0.0	0.0	0.0	0.0	0.0	0.0	0.0	0.0	0.0	0.0	0.0	0.0	0.0	0.0	0.0	0.0	0.0	0.0	0.0	0.0	0.0	0.0	0.0	0.0	0.0	
Belted Kingfisher (<em class="sci">Megaceryle alcyon</em>)	0.1818182	0.125	0.0	0.0526316	0.25	0.4	0.1818182	0.0	0.0	0.0909091	0.0	0.0	0.0	0.0	0.2	0.0	0.1538462	0.0	0.0	0.0	0.0	0.0	0.0	0.0	0.0	0.0	0.0	0.0	0.1666667	0.6666667	0.0	0.0	0.0833333	0.0	0.0	0.0	0.0	0.0	0.0	0.0	0.0	0.2857143	0.0	0.0	0.0	0.0833333	0.2941176	0.1	
kingfisher sp. (<em class="sci">Alcedinidae sp.</em>)	0.0	0.0	0.0	0.0	0.0015	0.0	0.0	0.0015	0.1111111	0.0909091	0.0	0.0	0.0	0.0	0.0	0.0	0.0	0.0	0.0	0.0	0.0	0.0	0.0	0.0	0.0	0.0	0.0	0.0	0.0	0.0	0.0	0.0	0.0	0.0	0.0	0.0015	0.0	0.0	0.0	0.0526316	0.0015	0.0015	0.0	0.0	0.0	0.0	0.0	0.0	
Yellow-bellied Sapsucker (<em class="sci">Sphyrapicus varius</em>)	0.0	0.0	0.0	0.0	0.0	0.0	0.0909091	0.0	0.1111111	0.0909091	0.0	0.0	0.0	0.0	0.0	0.0	0.0	0.0	0.0	0.0	0.0	0.0	0.0	0.0	0.0	0.0	0.0	0.0	0.0	0.0	0.0	0.0	0.0	0.0	0.0	0.0	0.0	0.0	0.0	0.0526316	0.0	0.0	0.0	0.0	0.0	0.0833333	0.1176471	0.0	
Golden-fronted Woodpecker (<em class="sci">Melanerpes aurifrons</em>)	0.0909091	0.125	0.0	0.0526316	0.0	0.0	0.0	0.0	0.0	0.0	0.0	0.0	0.0	0.0	0.0	0.0	0.0	0.0	0.0	0.0	0.0	0.0	0.0	0.0	0.0	0.0	0.0	0.0	0.0	0.0	0.0	0.0	0.0833333	0.0	0.0	0.0	0.0	0.0	0.0	0.0	0.0	0.2857143	0.2	0.5	0.0	0.0	0.0	0.1	
Red-bellied Woodpecker (<em class="sci">Melanerpes carolinus</em>)	0.2727273	0.375	0.1666667	0.2105263	0.375	0.1	0.2727273	0.2222222	0.2222222	0.4545455	0.1818182	0.3076923	0.2222222	0.0015	0.4	0.0714286	0.2307692	0.3333333	0.2	0.1428571	0.0	0.25	0.3333333	0.2	0.0	0.6	0.5	0.0	0.3333333	0.6666667	0.25	0.25	0.0833333	0.0	0.1666667	0.0	0.0	0.1666667	0.2	0.2631579	0.1	0.1428571	0.2	0.5	0.0	0.3333333	0.5882353	0.3	
Golden-fronted/Red-bellied Woodpecker (<em class="sci">Melanerpes aurifrons/carolinus</em>)	0.0	0.0	0.0	0.0	0.0	0.0	0.0	0.0	0.0	0.0	0.0	0.0	0.0	0.0	0.0	0.0	0.0	0.0	0.0	0.0	0.5	0.0	0.0	0.0	0.0	0.0	0.0	0.0	0.0	0.0	0.0	0.0	0.0	0.0	0.0	0.0	0.0	0.0	0.0	0.0	0.0	0.0	0.0	0.0	0.0	0.0	0.0	0.0	
Melanerpes sp. (<em class="sci">Melanerpes sp.</em>)	0.0	0.0	0.0	0.0	0.0	0.0	0.0	0.0	0.0	0.0	0.0	0.0	0.0	0.0	0.0	0.0	0.0	0.0	0.0	0.0	0.0	0.0	0.0	0.2	0.0	0.0	0.0	0.0	0.0	0.0	0.0	0.0	0.0	0.0	0.0	0.0	0.0	0.0	0.0	0.0	0.0	0.0	0.0	0.0	0.0	0.0	0.0588235	0.0	
Downy Woodpecker (<em class="sci">Dryobates pubescens</em>)	0.2727273	0.375	0.5	0.3684211	0.375	0.1	0.3636364	0.2222222	0.2222222	0.1818182	0.1818182	0.3846154	0.0	0.0	0.2	0.0	0.1538462	0.3333333	0.2	0.1428571	0.0	0.25	0.3333333	0.2	0.0	0.4	0.5	0.0	0.1666667	0.6666667	0.0	0.125	0.0	0.0714286	0.0	0.0	0.0	0.0	0.0	0.1052632	0.3	0.1428571	0.0015	0.0	0.0	0.5833333	0.4705882	0.1	
Ladder-backed Woodpecker (<em class="sci">Dryobates scalaris</em>)	0.0909091	0.0	0.0	0.0015	0.375	0.1	0.0909091	0.0	0.1111111	0.0	0.1818182	0.0769231	0.1111111	0.0	0.0015	0.0714286	0.0015	0.1666667	0.0	0.0	0.0	0.0	0.0	0.2	0.0	0.0	0.0	0.0	0.0	0.0015	0.0	0.0015	0.0833333	0.0	0.0	0.0	0.0	0.0	0.0	0.0	0.0	0.1428571	0.0	0.0	0.0	0.1666667	0.2941176	0.1	
Pileated Woodpecker (<em class="sci">Dryocopus pileatus</em>)	0.0	0.0	0.0	0.0	0.0	0.0015	0.0	0.0	0.0	0.0	0.0	0.0	0.0	0.0	0.0	0.0	0.0	0.0	0.0	0.0	0.0	0.0	0.0	0.0	0.0	0.0	0.0	0.0	0.0	0.0	0.0	0.0	0.0	0.0	0.0	0.0	0.0	0.0	0.0	0.0	0.0	0.0	0.0	0.0	0.0	0.0	0.0	0.0	
Northern Flicker (<em class="sci">Colaptes auratus</em>)	0.0909091	0.0	0.1666667	0.0526316	0.0	0.0	0.0909091	0.0	0.0	0.0	0.0909091	0.0	0.0	0.0	0.0	0.0	0.0	0.0	0.0	0.0	0.0	0.0	0.0	0.0	0.0	0.0	0.0	0.0	0.0	0.0	0.0	0.0	0.0	0.0	0.0	0.0	0.0	0.3333333	0.0	0.2105263	0.1	0.0	0.0	0.5	0.0	0.0	0.0588235	0.0	
woodpecker sp. (<em class="sci">Picidae sp.</em>)	0.0	0.0	0.0	0.0	0.0	0.0	0.0	0.0	0.0	0.0	0.0	0.0	0.0	0.0015	0.0	0.0	0.0	0.0	0.0	0.0	0.0	0.0	0.0	0.0	0.0	0.2	0.0	0.0	0.0	0.0	0.0	0.0	0.0	0.0	0.0	0.0	0.0	0.0	0.0	0.0	0.0	0.0	0.0	0.0	0.0	0.0833333	0.0	0.0	
American Kestrel (<em class="sci">Falco sparverius</em>)	0.0	0.0	0.0	0.0526316	0.0	0.0	0.0	0.0015	0.0	0.0	0.0015	0.0	0.0	0.0	0.0	0.0	0.0	0.0	0.0	0.0	0.0	0.0	0.0	0.0	0.0	0.0	0.0	0.0	0.0	0.3333333	0.25	0.125	0.0833333	0.2142857	0.0	0.0	0.0	0.0015	0.0	0.0526316	0.0	0.0015	0.0	0.5	0.0	0.0	0.0	0.1	
Merlin (<em class="sci">Falco columbarius</em>)	0.0	0.0	0.0	0.0	0.0	0.0	0.0	0.1111111	0.0	0.0	0.0	0.0	0.0	0.0	0.0	0.0	0.0	0.0	0.0	0.0	0.0	0.0	0.0	0.0	0.0	0.0	0.0	0.0	0.0	0.0	0.0	0.0	0.0	0.0	0.0	0.0	0.0	0.0	0.0	0.0526316	0.0	0.0	0.0	0.0	0.0	0.0	0.0	0.0	
Peregrine Falcon (<em class="sci">Falco peregrinus</em>)	0.0	0.0	0.0	0.0	0.0	0.0	0.0	0.0	0.0	0.0	0.0	0.0	0.0	0.0	0.0	0.0	0.0	0.0	0.0	0.0	0.0	0.0	0.0	0.0	0.0	0.0	0.0	0.0	0.0	0.0	0.0	0.0	0.0	0.0	0.0	0.0	0.0	0.0	0.0	0.0	0.0	0.1428571	0.0	0.0	0.0	0.0	0.0588235	0.0	
Monk Parakeet (<em class="sci">Myiopsitta monachus</em>)	0.5454545	0.375	0.3333333	0.1052632	0.375	0.4	0.2727273	0.2222222	0.1111111	0.0015	0.2727273	0.3076923	0.1111111	0.3333333	0.0	0.0015	0.1538462	0.1666667	0.2	0.0015	0.5	0.25	0.3333333	0.0	0.0	0.2	0.5	0.25	0.3333333	0.3333333	0.25	0.25	0.0	0.0714286	0.3333333	0.0015	0.2	0.0015	0.2	0.0	0.1	0.2857143	0.2	0.5	0.0	0.4166667	0.5294118	0.3	
Olive-sided Flycatcher (<em class="sci">Contopus cooperi</em>)	0.0	0.0	0.0	0.0	0.0	0.0	0.0	0.0	0.0	0.0	0.0	0.0	0.0	0.0	0.0	0.0	0.0769231	0.0	0.0	0.0015	0.0	0.0	0.0	0.0	0.0	0.0	0.0	0.0	0.0	0.0	0.25	0.0	0.0	0.1428571	0.0	0.0	0.0	0.0	0.0	0.0	0.0	0.0	0.0	0.0	0.0	0.0	0.0	0.0	
Eastern Wood-Pewee (<em class="sci">Contopus virens</em>)	0.0	0.0	0.0	0.0	0.0	0.0	0.0	0.0	0.0	0.0	0.0	0.0	0.0	0.0	0.2	0.0	0.0769231	0.1666667	0.2	0.0	0.0	0.0	0.0	0.0	0.0	0.0	0.0	0.0	0.0	0.6666667	0.0	0.0	0.0	0.0	0.0	0.0	0.0	0.0	0.0	0.0	0.0	0.0	0.0	0.0	0.0	0.0	0.0	0.0	
Willow Flycatcher (<em class="sci">Empidonax traillii</em>)	0.0	0.0	0.0	0.0	0.0	0.0	0.0	0.0	0.0	0.0	0.0	0.0	0.0	0.0	0.0	0.0	0.0	0.0	0.0	0.0	0.0	0.0	0.0	0.0	0.0	0.0	0.0	0.0	0.0	0.0	0.0	0.0	0.0833333	0.0	0.0	0.0	0.0	0.0	0.0	0.0	0.0	0.0	0.0	0.0	0.0	0.0	0.0	0.0	
Least Flycatcher (<em class="sci">Empidonax minimus</em>)	0.0	0.0	0.0	0.0	0.0	0.0	0.0	0.0	0.0	0.0	0.0	0.0	0.0	0.0	0.0	0.0	0.1538462	0.3333333	0.0	0.0	0.0	0.0	0.0	0.0	0.0	0.0	0.0	0.0	0.0	0.6666667	0.0	0.125	0.0	0.0	0.0	0.0	0.0	0.0	0.0	0.0	0.0	0.0	0.0	0.0	0.0	0.0	0.0	0.0	
Empidonax sp. (<em class="sci">Empidonax sp.</em>)	0.0	0.0	0.0	0.0	0.0	0.0	0.0	0.0	0.0	0.0	0.0	0.0	0.0	0.0	0.0	0.0	0.1538462	0.0	0.0	0.0	0.0	0.0	0.0	0.0	0.0	0.0	0.0	0.0	0.0	0.0	0.0	0.0	0.0	0.0714286	0.0	0.0	0.0	0.0	0.0	0.0	0.0	0.0	0.0	0.0	0.0	0.0	0.0	0.0	
Eastern Phoebe (<em class="sci">Sayornis phoebe</em>)	0.1818182	0.25	0.1666667	0.2105263	0.375	0.0	0.2727273	0.1111111	0.3333333	0.3636364	0.2727273	0.0769231	0.0	0.0	0.0	0.1428571	0.0	0.5	0.2	0.1428571	0.0	0.0	0.0	0.2	0.0	0.0	0.25	0.0	0.0	0.6666667	0.0	0.0	0.0	0.0	0.3333333	0.0	0.0	0.0	0.2	0.1052632	0.1	0.1428571	0.2	0.5	0.0	0.4166667	0.2941176	0.0015	
Vermilion Flycatcher (<em class="sci">Pyrocephalus rubinus</em>)	0.0	0.0	0.0	0.0	0.0	0.0	0.0	0.0	0.0	0.0	0.0	0.0	0.0	0.0	0.0	0.0	0.0	0.0	0.0	0.0	0.0	0.0	0.0	0.0	0.0	0.0	0.0	0.0	0.0	0.0	0.0	0.0	0.0	0.0	0.1666667	0.0	0.0	0.0	0.0	0.0	0.0	0.0	0.2	0.0	0.0	0.0	0.0	0.0	
Ash-throated Flycatcher (<em class="sci">Myiarchus cinerascens</em>)	0.0	0.0	0.0	0.0	0.0	0.0	0.0	0.0	0.0	0.0	0.0	0.0	0.0	0.0	0.0	0.0	0.0769231	0.0	0.0	0.0	0.0	0.0	0.0	0.0	0.0	0.2	0.25	0.0	0.0	0.0	0.0	0.0	0.0	0.0	0.0	0.0	0.0	0.0	0.0	0.0	0.0	0.0	0.0	0.0	0.0	0.0	0.0	0.0	
Great Crested Flycatcher (<em class="sci">Myiarchus crinitus</em>)	0.0	0.0	0.0	0.0	0.0	0.0	0.0	0.0	0.0	0.0	0.0	0.0	0.1111111	0.0	0.2	0.0714286	0.1538462	0.3333333	0.2	0.1428571	0.0	0.0	0.0	0.0	0.0	0.6	0.0015	0.0	0.0015	0.0	0.25	0.0	0.0	0.1428571	0.0	0.0015	0.0	0.0	0.0	0.0	0.0	0.0	0.0	0.0	0.0	0.0	0.0	0.0	
Couch's Kingbird (<em class="sci">Tyrannus couchii</em>)	0.0	0.0	0.0	0.1052632	0.0	0.0	0.0	0.0	0.1111111	0.0909091	0.0909091	0.0769231	0.1111111	0.0015	0.2	0.0714286	0.0769231	0.3333333	0.0	0.0	0.0	0.0	0.0	0.0	0.0	0.4	0.0	0.0	0.0015	0.0	0.0	0.0	0.0	0.0	0.1666667	0.0015	0.0	0.0	0.1	0.0	0.0	0.1428571	0.0015	0.0	0.0	0.0833333	0.1176471	0.0	
Tropical/Couch's Kingbird (<em class="sci">Tyrannus melancholicus/couchii</em>)	0.0	0.0	0.0	0.0	0.0	0.0	0.0	0.0	0.0	0.0909091	0.0	0.0	0.0	0.0	0.0	0.0	0.0	0.0	0.0	0.0	0.0	0.0	0.0	0.0	0.0	0.0	0.0	0.0	0.0	0.0	0.0	0.0	0.0	0.0	0.0	0.0	0.0	0.0	0.0	0.0	0.0	0.0	0.0	0.0	0.0	0.0	0.0	0.0	
Western Kingbird (<em class="sci">Tyrannus verticalis</em>)	0.0	0.0	0.0	0.0	0.0	0.0	0.0	0.0	0.0	0.0	0.0	0.0	0.2222222	0.0015	0.2	0.2142857	0.3846154	0.1666667	0.4	0.0015	0.5	0.0	0.3333333	0.4	0.0	0.8	0.5	0.0	0.0	0.0	0.0	0.375	0.0	0.0714286	0.0	0.0	0.0	0.0	0.0	0.0	0.0	0.0	0.0	0.0	0.0	0.0	0.0	0.0	
Eastern Kingbird (<em class="sci">Tyrannus tyrannus</em>)	0.0	0.0	0.0	0.0	0.0	0.0	0.0	0.0	0.0	0.0	0.0	0.0	0.0	0.0	0.2	0.0	0.0769231	0.1666667	0.0	0.0	0.0	0.0	0.0	0.0	0.0	0.2	0.25	0.0	0.0	0.6666667	0.25	0.125	0.1666667	0.0714286	0.0	0.0	0.0	0.0	0.0	0.0	0.0	0.0	0.0	0.0	0.0	0.0	0.0	0.0	
Scissor-tailed Flycatcher (<em class="sci">Tyrannus forficatus</em>)	0.0	0.0	0.0	0.0	0.0	0.0	0.0	0.0	0.0	0.0	0.0	0.1538462	0.2222222	0.0015	0.2	0.0714286	0.3076923	0.1666667	0.0	0.0	0.5	0.0	0.3333333	0.0	0.0	0.0	0.0	0.0	0.0015	0.0	0.0	0.0	0.1666667	0.0	0.1666667	0.0015	0.0	0.0	0.0	0.0	0.0	0.0	0.0	0.0	0.0	0.0	0.0	0.0	
White-eyed Vireo (<em class="sci">Vireo griseus</em>)	0.0	0.0	0.0	0.0	0.0	0.0	0.0	0.1111111	0.0	0.0909091	0.2727273	0.2307692	0.1111111	0.0015	0.4	0.1428571	0.3076923	0.5	0.4	0.1428571	0.5	0.0	0.3333333	0.6	0.0	0.4	0.5	0.0	0.0	0.6666667	0.0	0.125	0.1666667	0.0714286	0.0	0.0	0.0	0.0	0.0	0.0	0.0	0.0	0.0	0.0	0.0	0.0833333	0.1176471	0.0	
Bell's Vireo (<em class="sci">Vireo bellii</em>)	0.0	0.0	0.0	0.0	0.0	0.0	0.0	0.0	0.0	0.0	0.0	0.0	0.0	0.0	0.0	0.0	0.0769231	0.0	0.0	0.0	0.0	0.0	0.0	0.0	0.0	0.0	0.0	0.0	0.0	0.0	0.0	0.0	0.0	0.0	0.1666667	0.25	0.0	0.0	0.0	0.0	0.0	0.0	0.0	0.0	0.0	0.0	0.0	0.0	
Yellow-throated Vireo (<em class="sci">Vireo flavifrons</em>)	0.0	0.0	0.0	0.0	0.0	0.0	0.0	0.0	0.0	0.0	0.0	0.0	0.0	0.0	0.0	0.0	0.0769231	0.1666667	0.0	0.0015	0.0	0.0	0.0	0.0	0.0	0.0	0.0	0.0	0.0	0.0	0.0	0.0	0.0	0.0	0.0	0.0	0.0	0.0	0.0	0.0	0.0	0.0	0.0	0.0	0.0	0.0	0.0	0.0	
Blue-headed Vireo (<em class="sci">Vireo solitarius</em>)	0.0909091	0.125	0.0	0.1578947	0.0	0.0	0.0	0.0	0.2222222	0.0	0.0	0.1538462	0.1111111	0.0015	0.0	0.0	0.1538462	0.1666667	0.0	0.0	0.0	0.0	0.0	0.0	0.0	0.0	0.0	0.0	0.0	0.0	0.0	0.0	0.0	0.0	0.0	0.0	0.0	0.0	0.0	0.1052632	0.0	0.1428571	0.0	0.0	0.0	0.1666667	0.2941176	0.1	
Philadelphia Vireo (<em class="sci">Vireo philadelphicus</em>)	0.0	0.0	0.0	0.0	0.0	0.0	0.0	0.0	0.0	0.0	0.0	0.0	0.0	0.0	0.0	0.0	0.0769231	0.0	0.0	0.0	0.0	0.0	0.0	0.0	0.0	0.0	0.0	0.0	0.0	0.0	0.0	0.0	0.0	0.0	0.0	0.0	0.0	0.0	0.0	0.0	0.0	0.0	0.0	0.0	0.0	0.0	0.0	0.0	
Warbling Vireo (<em class="sci">Vireo gilvus</em>)	0.0	0.0	0.0	0.0	0.0	0.0	0.0	0.0	0.0	0.0	0.0	0.0	0.0	0.0015	0.0	0.0714286	0.0	0.1666667	0.0	0.0	0.0	0.0	0.0	0.0	0.0	0.0	0.0	0.0	0.0	0.0	0.0	0.0	0.0	0.0	0.0	0.0	0.0	0.0	0.0	0.0	0.0	0.0	0.0	0.0	0.0	0.0	0.0	0.0	
Red-eyed Vireo (<em class="sci">Vireo olivaceus</em>)	0.0	0.0	0.0	0.0	0.0	0.0	0.0	0.0	0.0	0.0	0.0	0.0	0.0	0.0	0.2	0.1428571	0.1538462	0.5	0.4	0.0	0.0	0.0	0.0	0.6	0.0	0.2	0.25	0.0	0.0	0.6666667	0.0	0.0	0.0	0.1428571	0.0	0.0	0.0	0.0	0.0	0.0	0.0	0.0	0.0	0.0	0.0	0.0	0.0	0.0	
Loggerhead Shrike (<em class="sci">Lanius ludovicianus</em>)	0.0	0.0	0.0	0.0	0.0	0.0	0.0	0.0	0.0	0.0	0.0	0.0	0.0	0.0	0.0	0.0	0.0	0.0	0.0	0.0	0.0	0.0	0.0	0.0	0.0	0.0	0.0	0.0	0.0	0.3333333	0.0	0.0	0.0	0.0	0.0	0.0	0.0	0.0	0.0	0.0	0.0	0.0	0.0	0.0	0.0	0.0	0.0	0.0	
Blue Jay (<em class="sci">Cyanocitta cristata</em>)	0.3636364	0.625	0.5	0.4210526	0.625	0.3	0.5454545	0.4444444	0.5555556	0.5454545	0.5454545	0.4615385	0.4444444	1.0	0.4	0.2142857	0.3076923	0.6666667	0.2	0.2857143	0.5	0.25	0.3333333	1.0	0.25	0.8	0.5	0.25	0.3333333	0.6666667	0.25	0.25	0.25	0.2857143	0.5	0.25	0.4	0.0	0.5	0.2631579	0.4	0.2857143	0.2	0.5	0.0	0.5	0.6470588	0.5	
Woodhouse's Scrub-Jay (<em class="sci">Aphelocoma woodhouseii</em>)	0.0	0.0	0.0	0.0	0.0	0.0015	0.0	0.0	0.0	0.0	0.0	0.0	0.0	0.0	0.0	0.0	0.0	0.0	0.0	0.0	0.0	0.0	0.0	0.0	0.0	0.0	0.0	0.0	0.0	0.0	0.0	0.0	0.0	0.0	0.0	0.0	0.0015	0.0	0.0	0.0	0.0	0.0	0.0	0.0	0.0	0.0	0.0	0.0	
American Crow (<em class="sci">Corvus brachyrhynchos</em>)	0.0	0.0	0.3333333	0.0	0.125	0.2	0.0909091	0.1111111	0.1111111	0.0	0.1818182	0.1538462	0.0	0.0	0.0015	0.0714286	0.0	0.0	0.0	0.0	0.0	0.0	0.3333333	0.2	0.0	0.0	0.0015	0.0	0.1666667	0.0	0.0	0.0	0.0833333	0.0	0.3333333	0.0	0.0	0.0	0.1	0.0	0.1	0.0	0.0	0.0	0.0	0.1666667	0.1764706	0.1	
Common Raven (<em class="sci">Corvus corax</em>)	0.0	0.0	0.0	0.0526316	0.0	0.0	0.0909091	0.0	0.0	0.0	0.0	0.0	0.0	0.0	0.0	0.0	0.0	0.0	0.0	0.0	0.0	0.0	0.0	0.0	0.0	0.0	0.0	0.0	0.0	0.0	0.0	0.0	0.0	0.0	0.0	0.0	0.0	0.0	0.0	0.0	0.0	0.0	0.0015	0.0	0.0015	0.0	0.1176471	0.1	
Carolina Chickadee (<em class="sci">Poecile carolinensis</em>)	0.3636364	0.25	0.5	0.4736842	0.5	0.3	0.2727273	0.2222222	0.4444444	0.4545455	0.1818182	0.1538462	0.2222222	0.3333333	0.2	0.0714286	0.2307692	0.3333333	0.4	0.1428571	0.0015	0.25	0.3333333	0.6	0.25	0.2	0.5	0.0	0.1666667	0.6666667	0.0	0.25	0.0833333	0.2142857	0.3333333	0.25	0.0	0.1666667	0.2	0.1578947	0.1	0.2857143	0.2	0.0	0.0	0.5	0.5294118	0.2	
Black-crested Titmouse (<em class="sci">Baeolophus atricristatus</em>)	0.0909091	0.125	0.1666667	0.2105263	0.375	0.1	0.3636364	0.2222222	0.4444444	0.0909091	0.2727273	0.3846154	0.1111111	0.3333333	0.2	0.0714286	0.1538462	0.5	0.2	0.1428571	0.0	0.0	0.3333333	0.0	0.0	0.2	0.25	0.0	0.0	0.0	0.0	0.125	0.0	0.0714286	0.1666667	0.0	0.0	0.0	0.3	0.1578947	0.1	0.2857143	0.0015	0.0	0.0	0.1666667	0.2941176	0.3	
Tufted x Black-crested Titmouse (hybrid) (<em class="sci">Baeolophus bicolor x atricristatus</em>)	0.0	0.25	0.1666667	0.0526316	0.0	0.1	0.0909091	0.0	0.0	0.0909091	0.1818182	0.1538462	0.2222222	0.3333333	0.0015	0.0	0.0769231	0.1666667	0.0	0.0	0.0	0.0	0.0	0.6	0.0	0.2	0.0	0.0	0.1666667	0.3333333	0.0	0.125	0.0	0.0	0.0	0.25	0.0	0.0	0.0	0.1052632	0.0	0.1428571	0.0	0.0	0.0	0.25	0.2941176	0.0	
Tufted/Black-crested Titmouse (<em class="sci">Baeolophus bicolor/atricristatus</em>)	0.0909091	0.0	0.0	0.0	0.0	0.0015	0.0	0.0	0.0	0.0	0.0	0.0	0.0	0.0	0.0	0.0	0.0769231	0.0	0.0	0.0	0.0015	0.0	0.0	0.0	0.0	0.0	0.0	0.0	0.0	0.0015	0.0	0.0	0.0	0.0	0.0	0.0	0.0	0.0	0.0	0.0	0.0015	0.0	0.0	0.0	0.0	0.0	0.1176471	0.0	
Northern Rough-winged Swallow (<em class="sci">Stelgidopteryx serripennis</em>)	0.0	0.0	0.0	0.0	0.0	0.0	0.0	0.0	0.0	0.0909091	0.0	0.0	0.0	0.0	0.0	0.0714286	0.0769231	0.0	0.0	0.1428571	0.0	0.25	0.0	0.0	0.0	0.2	0.0	0.0	0.0	0.0	0.0	0.0	0.0833333	0.0	0.0	0.0	0.0	0.0	0.0	0.0	0.0	0.0	0.0	0.0	0.0	0.0	0.0	0.0	
Purple Martin (<em class="sci">Progne subis</em>)	0.0	0.0	0.0	0.0	0.0015	0.0	0.0	0.0	0.1111111	0.0909091	0.0	0.0015	0.0	0.3333333	0.0	0.0714286	0.2307692	0.3333333	0.2	0.1428571	0.0	0.0	0.3333333	0.4	0.5	0.4	0.25	0.0	0.0	0.6666667	0.0	0.0	0.0	0.0	0.0	0.0	0.0	0.0	0.0	0.0	0.0	0.0	0.0	0.0	0.0	0.0	0.0	0.0	
Tree Swallow (<em class="sci">Tachycineta bicolor</em>)	0.0	0.0	0.0	0.0	0.0	0.0	0.0	0.0	0.0	0.0	0.0	0.0	0.0	0.3333333	0.0	0.0	0.0	0.0	0.0	0.0	0.0	0.0	0.0	0.0	0.0	0.0	0.0	0.0	0.0	0.0	0.0	0.0	0.0	0.0	0.0	0.0	0.0	0.0	0.0	0.0	0.0	0.0	0.0	0.0	0.0	0.0	0.0	0.0	
Bank Swallow (<em class="sci">Riparia riparia</em>)	0.0	0.0	0.0	0.0	0.0	0.0	0.0	0.0	0.0	0.0	0.0	0.0	0.0	0.0	0.0	0.0015	0.0769231	0.1666667	0.0	0.0	0.0	0.0	0.0	0.0	0.0	0.0	0.0	0.0	0.0	0.0	0.0	0.0	0.0	0.0	0.0	0.0	0.0	0.0	0.0	0.0	0.0	0.0	0.0	0.0	0.0	0.0	0.0	0.0	
Barn Swallow (<em class="sci">Hirundo rustica</em>)	0.0	0.0	0.0	0.0	0.0	0.0	0.0	0.1111111	0.2222222	0.0	0.0	0.0769231	0.1111111	0.3333333	0.2	0.0714286	0.2307692	0.6666667	0.4	0.5714286	0.0	0.25	0.0	0.2	0.0	0.6	0.75	0.0	0.0	0.6666667	0.0	0.125	0.0833333	0.0	0.0	0.0	0.0	0.0	0.0	0.0	0.0	0.0	0.0	0.0	0.0	0.0	0.0	0.0	
Cliff Swallow (<em class="sci">Petrochelidon pyrrhonota</em>)	0.0	0.0	0.0	0.0	0.0	0.0	0.0	0.0	0.0	0.1818182	0.1818182	0.3076923	0.2222222	0.3333333	0.4	0.2142857	0.3076923	0.6666667	0.4	0.7142857	0.5	0.0	0.3333333	0.6	0.25	0.4	0.5	0.25	0.0	0.0	0.0	0.0	0.0	0.0	0.0	0.0	0.0	0.0	0.0	0.0	0.0	0.0	0.0	0.0	0.0	0.0	0.0	0.0	
Cave Swallow (<em class="sci">Petrochelidon fulva</em>)	0.0	0.0	0.0	0.0	0.0	0.0	0.0909091	0.0	0.0	0.0	0.0	0.0	0.0	0.0	0.0	0.0	0.0	0.1666667	0.2	0.0015	0.5	0.0	0.0	0.0	0.0	0.4	0.25	0.0	0.0	0.6666667	0.0	0.125	0.0	0.0	0.0	0.0	0.0	0.0	0.0	0.0	0.0	0.0	0.0	0.0	0.0	0.0	0.0	0.0	
Cliff/Cave Swallow (<em class="sci">Petrochelidon pyrrhonota/fulva</em>)	0.0	0.0	0.0	0.0	0.0	0.0	0.0	0.1111111	0.1111111	0.0	0.0	0.0	0.0	0.0	0.0	0.0	0.0769231	0.0	0.0	0.0	0.0	0.0	0.0	0.0	0.0	0.4	0.25	0.0	0.0	0.0	0.0	0.0	0.0	0.0	0.0	0.0	0.0	0.0	0.0	0.0	0.0	0.0	0.0	0.0	0.0	0.0	0.0	0.0	
swallow sp. (<em class="sci">Hirundinidae sp.</em>)	0.0	0.0	0.0	0.0	0.0	0.0	0.0	0.0	0.0	0.1818182	0.0	0.0	0.0	0.0	0.0	0.0	0.0769231	0.0	0.0	0.1428571	0.0015	0.0	0.0	0.2	0.0	0.0	0.0	0.0	0.0	0.0	0.0	0.0	0.0	0.0	0.0	0.0	0.0	0.0	0.0	0.0	0.0	0.0	0.0	0.0	0.0	0.0	0.0	0.0	
Golden-crowned Kinglet (<em class="sci">Regulus satrapa</em>)	0.0909091	0.125	0.0	0.0	0.0	0.0	0.0909091	0.0	0.0	0.0	0.0	0.0	0.0	0.0	0.0	0.0	0.0	0.0	0.0	0.0	0.0	0.0	0.0	0.0	0.0	0.0	0.0	0.0	0.0	0.0	0.0	0.0	0.0	0.0	0.0	0.0	0.0	0.0	0.0	0.1052632	0.0	0.1428571	0.0	0.0	0.0	0.0833333	0.2352941	0.0	
Ruby-crowned Kinglet (<em class="sci">Regulus calendula</em>)	0.2727273	0.75	0.6666667	0.5263158	0.75	0.3	0.7272727	0.1111111	0.3333333	0.3636364	0.3636364	0.3846154	0.1111111	0.0	0.2	0.0	0.0	0.0	0.0	0.0	0.0	0.0	0.0	0.0	0.0	0.0	0.0	0.0	0.0	0.0	0.0	0.0	0.0	0.0	0.0	0.0	0.0	0.0	0.3	0.2631579	0.2	0.2857143	0.2	1.0	0.0	0.4166667	0.5882353	0.6	
Red-breasted Nuthatch (<em class="sci">Sitta canadensis</em>)	0.0	0.125	0.0015	0.0015	0.0	0.0	0.0	0.0	0.0	0.0	0.0	0.0769231	0.0	0.0	0.0	0.0	0.0	0.0	0.0	0.0	0.0	0.0	0.0	0.0	0.0	0.0	0.0	0.0	0.0	0.0	0.0	0.0	0.0	0.0	0.0	0.0	0.0	0.0	0.0	0.0	0.0	0.0	0.0	0.0	0.0	0.25	0.1764706	0.0	
Brown Creeper (<em class="sci">Certhia americana</em>)	0.0909091	0.0	0.0	0.0	0.0	0.0	0.0909091	0.0	0.0	0.0	0.0	0.0	0.0	0.0	0.0	0.0	0.0	0.0	0.0	0.0	0.0	0.0	0.0	0.0	0.0	0.0	0.0	0.0	0.0	0.0	0.0	0.0	0.0	0.0	0.0	0.0	0.0	0.0	0.0	0.0526316	0.0	0.0	0.0	0.0	0.0	0.0833333	0.0	0.0	
Blue-gray Gnatcatcher (<em class="sci">Polioptila caerulea</em>)	0.0909091	0.0	0.0	0.0	0.0	0.0015	0.0909091	0.0	0.0	0.0909091	0.0909091	0.1538462	0.1111111	0.3333333	0.2	0.0	0.0	0.3333333	0.0	0.0	0.0	0.0	0.3333333	0.0	0.0	0.0	0.0	0.0	0.0	0.3333333	0.0	0.25	0.0	0.0714286	0.3333333	0.0	0.0	0.1666667	0.0	0.0526316	0.0	0.0	0.0	0.0	0.0	0.0833333	0.1176471	0.3	
Canyon Wren (<em class="sci">Catherpes mexicanus</em>)	0.0015	0.125	0.1666667	0.0	0.0	0.0015	0.0909091	0.1111111	0.0	0.2727273	0.0	0.0	0.0	0.3333333	0.2	0.0	0.0769231	0.1666667	0.2	0.0	0.0	0.0	0.0	0.2	0.0	0.0	0.0	0.0	0.0	0.3333333	0.0	0.0	0.0	0.0	0.0	0.0	0.0	0.0	0.0	0.0	0.0	0.0	0.0	0.0	0.0	0.0833333	0.1764706	0.0	
House Wren (<em class="sci">Troglodytes aedon</em>)	0.0	0.0	0.0	0.0	0.0	0.0015	0.0909091	0.0	0.0	0.1818182	0.0909091	0.0	0.0	0.3333333	0.0	0.0	0.0	0.1666667	0.0	0.0	0.0	0.0	0.0	0.0	0.0	0.0	0.0	0.0	0.0	0.0	0.0	0.0	0.0	0.0	0.0	0.0015	0.0	0.0	0.0	0.0	0.0	0.0	0.0	0.5	0.0	0.1666667	0.1764706	0.0	
Winter Wren (<em class="sci">Troglodytes hiemalis</em>)	0.0	0.0	0.0	0.0	0.0	0.1	0.0	0.0	0.0	0.0015	0.0	0.0	0.0	0.0	0.0	0.0	0.0	0.0	0.0	0.0	0.0	0.0	0.0	0.0	0.0	0.0	0.0	0.0	0.0	0.0	0.0	0.0	0.0	0.0	0.0	0.0	0.0	0.0	0.0	0.0	0.0	0.0	0.0	0.0	0.0	0.0	0.0	0.0	
Carolina Wren (<em class="sci">Thryothorus ludovicianus</em>)	0.5454545	0.375	0.3333333	0.4210526	0.75	0.2	0.4545455	0.1111111	0.4444444	0.3636364	0.5454545	0.5384615	0.2222222	0.6666667	0.4	0.2142857	0.5384615	0.6666667	0.4	0.2857143	0.0015	0.25	0.3333333	0.8	0.25	0.8	0.5	0.25	0.1666667	1.0	0.25	0.25	0.0	0.0714286	0.5	0.25	0.0	0.0	0.3	0.1052632	0.3	0.2857143	0.0015	1.0	0.0	0.5	0.7058824	0.3	
Bewick's Wren (<em class="sci">Thryomanes bewickii</em>)	0.0	0.0	0.0	0.1052632	0.0	0.0	0.0909091	0.0	0.1111111	0.0	0.0909091	0.0	0.1111111	0.0015	0.0	0.0	0.0	0.1666667	0.0	0.0	0.0	0.0	0.0	0.0	0.0015	0.0	0.25	0.0015	0.0	0.3333333	0.0	0.0	0.0	0.0	0.1666667	0.0015	0.0015	0.0	0.0	0.1052632	0.0015	0.1428571	0.0	0.5	0.0	0.0833333	0.1764706	0.0	
wren sp. (<em class="sci">Troglodytidae sp.</em>)	0.0	0.125	0.0	0.0	0.0	0.0	0.0	0.0	0.0	0.0	0.0	0.0	0.0	0.0	0.0	0.0	0.0	0.0	0.0	0.0	0.0	0.0	0.0	0.0	0.0	0.0	0.0	0.0	0.0	0.0	0.0	0.0	0.0	0.0	0.0	0.0	0.0	0.0	0.0	0.0	0.0	0.0	0.0	0.0	0.0	0.0	0.0	0.0	
European Starling (<em class="sci">Sturnus vulgaris</em>)	0.1818182	0.125	0.5	0.1052632	0.375	0.3	0.2727273	0.0	0.2222222	0.3636364	0.4545455	0.3846154	0.2222222	0.3333333	0.4	0.3571429	0.3076923	0.6666667	0.4	0.7142857	1.0	0.5	0.6666667	0.4	0.5	0.6	0.75	0.0	0.0015	0.6666667	0.0015	0.25	0.0833333	0.1428571	0.5	0.0	0.4	0.0	0.1	0.0015	0.1	0.2857143	0.0	0.0	0.0	0.1666667	0.4117647	0.4	
Gray Catbird (<em class="sci">Dumetella carolinensis</em>)	0.0	0.0	0.0	0.0	0.0	0.0	0.0	0.0	0.0	0.0	0.0	0.0	0.0	0.0015	0.0	0.0	0.0	0.1666667	0.0	0.0	0.0	0.0	0.0	0.0	0.0	0.0	0.0	0.0	0.0	0.0	0.0	0.0	0.0	0.0	0.0	0.0	0.0	0.0	0.0	0.0	0.0	0.0	0.0	0.0	0.0	0.0	0.0	0.0	
Brown Thrasher (<em class="sci">Toxostoma rufum</em>)	0.0	0.0	0.0	0.0	0.0	0.0	0.0	0.0	0.0	0.0	0.0	0.0	0.1111111	0.0	0.0	0.0	0.0	0.0	0.0	0.0	0.0	0.0	0.0	0.0	0.0	0.0	0.0	0.0	0.0	0.0	0.0	0.0	0.0	0.0	0.0	0.0	0.0	0.0	0.0	0.0	0.0	0.0	0.0	0.0	0.0	0.0	0.0	0.0	
Northern Mockingbird (<em class="sci">Mimus polyglottos</em>)	0.3636364	0.5	0.5	0.5263158	0.5	0.3	0.3636364	0.1111111	0.2222222	0.3636364	0.6363636	0.4615385	0.4444444	1.0	0.4	0.2857143	0.4615385	0.8333333	0.4	0.1428571	1.0	1.0	0.3333333	0.6	1.0	1.0	0.5	0.25	0.1666667	1.0	0.25	0.25	0.1666667	0.2142857	0.3333333	0.25	0.2	0.0015	0.3	0.1052632	0.1	0.2857143	0.2	0.0	0.0	0.5	0.6470588	0.3	
Eastern Bluebird (<em class="sci">Sialia sialis</em>)	0.0	0.0	0.0	0.0	0.125	0.0	0.0909091	0.0	0.1111111	0.0	0.0	0.0	0.0	0.0	0.2	0.0	0.0769231	0.0	0.0	0.0	0.0	0.0	0.0	0.0	0.0	0.0	0.0	0.0	0.0	0.0	0.0	0.125	0.0	0.0	0.0	0.0	0.0	0.0	0.0	0.0526316	0.1	0.1428571	0.4	0.0	0.0	0.0	0.0	0.0	
Swainson's Thrush (<em class="sci">Catharus ustulatus</em>)	0.0	0.0	0.0	0.0	0.0	0.0	0.0	0.0	0.0	0.0	0.0	0.0	0.0	0.0	0.0	0.0	0.1538462	0.1666667	0.0	0.0	0.0	0.0	0.0	0.0	0.0	0.0	0.0	0.0	0.0	0.0	0.0	0.0	0.0	0.0	0.0	0.0	0.0	0.0	0.0	0.0	0.0	0.0	0.0	0.0	0.0	0.0	0.0	0.0	
Hermit Thrush (<em class="sci">Catharus guttatus</em>)	0.0	0.0	0.0	0.0	0.0	0.1	0.0	0.0	0.0015	0.0	0.0	0.0	0.0	0.0	0.0	0.0	0.0	0.0	0.0	0.0	0.0	0.0	0.0	0.0	0.0	0.0	0.0	0.0	0.0	0.0	0.0	0.0	0.0	0.0	0.0	0.0	0.0	0.0	0.0	0.0526316	0.1	0.0	0.0	0.5	0.0	0.0	0.1176471	0.0	
American Robin (<em class="sci">Turdus migratorius</em>)	0.0015	0.0	0.0	0.1052632	0.125	0.0	0.2727273	0.2222222	0.0	0.0	0.1818182	0.0	0.1111111	0.0015	0.2	0.0	0.0769231	0.1666667	0.0	0.0	0.0	0.25	0.3333333	0.0	0.0	0.0	0.0	0.0	0.1666667	0.0	0.0	0.0	0.0	0.0	0.0	0.0	0.0	0.0	0.0	0.0	0.0	0.0	0.0	0.5	0.0	0.0	0.1764706	0.0	
Cedar Waxwing (<em class="sci">Bombycilla cedrorum</em>)	0.0909091	0.25	0.3333333	0.2631579	0.125	0.0015	0.1818182	0.2222222	0.5555556	0.3636364	0.2727273	0.5384615	0.2222222	0.6666667	0.0015	0.0	0.2307692	0.1666667	0.2	0.0	0.0	0.0	0.0	0.0	0.0	0.0	0.0	0.0	0.0	0.0	0.0	0.0	0.0	0.0	0.0	0.0	0.0	0.0	0.0	0.0	0.1	0.0	0.0	0.0	0.0	0.0	0.1764706	0.0	
House Sparrow (<em class="sci">Passer domesticus</em>)	0.0015	0.25	0.1666667	0.2631579	0.25	0.1	0.2727273	0.1111111	0.2222222	0.3636364	0.3636364	0.4615385	0.1111111	0.3333333	0.4	0.2142857	0.2307692	0.8333333	0.4	0.5714286	0.5	0.25	0.3333333	0.8	0.5	1.0	0.5	0.0	0.0	0.6666667	0.0	0.25	0.0	0.2142857	0.1666667	0.25	0.0	0.0	0.2	0.0	0.0015	0.1428571	0.0	0.5	0.0	0.1666667	0.5882353	0.3	
American Pipit (<em class="sci">Anthus rubescens</em>)	0.0	0.0	0.0	0.0	0.0	0.0	0.0	0.0	0.2222222	0.0	0.0909091	0.0	0.0	0.0	0.0	0.0	0.0	0.0	0.0	0.0	0.0	0.0	0.0	0.0	0.0	0.0	0.0	0.0	0.0	0.0	0.0	0.0	0.0	0.0	0.0	0.0	0.0	0.0	0.0	0.0	0.0	0.0	0.0	0.5	0.0	0.0833333	0.0	0.0	
House Finch (<em class="sci">Haemorhous mexicanus</em>)	0.0	0.125	0.1666667	0.1052632	0.0	0.0015	0.1818182	0.1111111	0.3333333	0.0	0.0909091	0.0769231	0.0	0.0	0.2	0.2142857	0.1538462	0.5	0.0	0.1428571	0.5	0.0	0.3333333	0.4	0.5	0.8	0.5	0.0	0.0	1.0	0.25	0.125	0.0833333	0.0	0.1666667	0.25	0.0	0.1666667	0.1	0.0	0.0	0.1428571	0.2	0.0	0.0	0.1666667	0.4117647	0.1	
Pine Siskin (<em class="sci">Spinus pinus</em>)	0.0	0.0	0.0	0.0526316	0.0	0.0	0.0	0.0	0.0	0.0909091	0.0015	0.0	0.0	0.0	0.0	0.0	0.0	0.1666667	0.0	0.0	0.0	0.0	0.0	0.0	0.0	0.0	0.0	0.0	0.0	0.0	0.0	0.0	0.0	0.0	0.0	0.0	0.0	0.0	0.0	0.0	0.0	0.0	0.0	0.0	0.0	0.0	0.0	0.1	
Lesser Goldfinch (<em class="sci">Spinus psaltria</em>)	0.0	0.0	0.1666667	0.1052632	0.125	0.0	0.1818182	0.1111111	0.2222222	0.0909091	0.0909091	0.1538462	0.0	0.0	0.2	0.0	0.0769231	0.3333333	0.4	0.0	0.0	0.0	0.0	0.6	0.25	0.2	0.25	0.0015	0.0	0.6666667	0.0	0.125	0.0	0.0	0.1666667	0.25	0.0	0.1666667	0.1	0.0	0.1	0.1428571	0.0	0.0	0.0	0.0833333	0.2941176	0.0015	
American Goldfinch (<em class="sci">Spinus tristis</em>)	0.0015	0.5	0.1666667	0.1578947	0.25	0.1	0.0	0.0	0.2222222	0.0909091	0.2727273	0.0769231	0.0	0.0	0.0	0.0	0.0	0.1666667	0.0	0.0	0.0	0.0	0.0	0.0	0.0	0.0	0.0	0.0	0.0	0.0	0.0	0.0	0.0	0.0	0.0	0.0	0.0	0.0	0.1	0.0	0.0	0.0	0.0015	0.5	0.0	0.3333333	0.4117647	0.1	
Grasshopper Sparrow (<em class="sci">Ammodramus savannarum</em>)	0.0	0.0	0.0	0.0	0.0	0.0	0.0	0.0	0.0	0.0	0.1818182	0.0	0.0	0.0	0.0	0.0	0.0	0.0	0.0	0.0	0.0	0.0	0.0	0.0	0.0	0.0	0.0	0.0	0.0	0.0	0.0	0.0	0.0	0.0	0.0	0.0	0.0	0.0	0.0	0.0	0.0	0.0	0.0	0.0	0.0	0.0	0.0	0.0	
Chipping Sparrow (<em class="sci">Spizella passerina</em>)	0.0	0.25	0.1666667	0.0	0.0	0.0	0.0	0.1111111	0.1111111	0.0	0.0909091	0.0769231	0.2222222	0.0	0.0	0.0	0.0769231	0.0	0.0	0.0	0.0	0.0	0.0	0.0	0.0	0.0	0.0	0.0	0.0	0.3333333	0.0	0.0	0.0	0.0	0.0	0.0	0.0	0.0	0.0	0.0	0.1	0.0	0.0	0.0	0.0	0.0	0.1176471	0.1	
Clay-colored Sparrow (<em class="sci">Spizella pallida</em>)	0.0	0.0	0.0	0.0	0.0	0.0	0.0	0.0	0.0	0.0	0.0909091	0.0	0.0	0.0015	0.0	0.0	0.1538462	0.0	0.0	0.0	0.0	0.0	0.0	0.0	0.0	0.0	0.0	0.0	0.0	0.0	0.0	0.0	0.0	0.0	0.0	0.0	0.0	0.0	0.0	0.0	0.0	0.0	0.0	0.0	0.0	0.0	0.0	0.0	
Field Sparrow (<em class="sci">Spizella pusilla</em>)	0.0	0.0	0.0	0.0	0.0	0.0015	0.1818182	0.1111111	0.0	0.0	0.0	0.0	0.0	0.0015	0.0	0.0	0.0	0.0	0.0	0.0	0.0	0.0	0.0	0.0	0.0	0.0	0.0	0.0	0.0	0.0	0.0	0.0	0.0	0.0	0.0	0.0	0.0	0.0	0.0	0.0	0.0	0.0	0.0	0.5	0.0	0.0	0.1764706	0.0	
Lark Sparrow (<em class="sci">Chondestes grammacus</em>)	0.0	0.0	0.0	0.0	0.0	0.0	0.0	0.0	0.0	0.0	0.0	0.0	0.1111111	0.0015	0.0	0.0	0.0	0.0	0.0	0.0	0.0	0.0	0.0	0.0	0.0	0.0	0.0	0.0	0.0	0.3333333	0.0	0.0	0.0	0.0	0.0	0.0	0.0	0.0	0.1	0.0	0.0	0.0	0.0	0.0	0.0	0.0	0.0	0.0	
Fox Sparrow (<em class="sci">Passerella iliaca</em>)	0.0	0.0	0.0	0.0	0.0	0.0	0.0	0.0	0.1111111	0.0	0.0	0.0	0.0	0.0	0.0	0.0	0.0	0.0	0.0	0.0	0.0	0.0	0.0	0.0	0.0	0.0	0.0	0.0	0.0	0.0	0.0	0.0	0.0	0.0	0.0	0.0	0.0	0.0	0.0	0.0	0.0	0.0	0.0	0.0	0.0	0.0	0.0588235	0.0	
Dark-eyed Junco (<em class="sci">Junco hyemalis</em>)	0.0	0.125	0.1666667	0.0	0.0	0.1	0.0	0.0	0.0015	0.0	0.0	0.0	0.0	0.0	0.0	0.0	0.0	0.0	0.0	0.0	0.0	0.0	0.0	0.0	0.0	0.0	0.0	0.0	0.0	0.0	0.0	0.0	0.0	0.0	0.0	0.0	0.0	0.0	0.0	0.0	0.0	0.0	0.0	0.0	0.0	0.0	0.0	0.0	
White-crowned Sparrow (<em class="sci">Zonotrichia leucophrys</em>)	0.0	0.0	0.0	0.0	0.0	0.0	0.0909091	0.0	0.1111111	0.0	0.0	0.0769231	0.0	0.0	0.0	0.0714286	0.0769231	0.0	0.0	0.0	0.0	0.0	0.0	0.0	0.0	0.0	0.0	0.0	0.0	0.0	0.0	0.0	0.0	0.0	0.0	0.0	0.0	0.0	0.0	0.0	0.0	0.1428571	0.0	0.0	0.0	0.0833333	0.0	0.0	
White-throated Sparrow (<em class="sci">Zonotrichia albicollis</em>)	0.0909091	0.25	0.0	0.1052632	0.125	0.0015	0.0	0.1111111	0.1111111	0.0909091	0.1818182	0.0	0.0	0.0	0.0	0.0	0.0	0.0	0.0	0.0	0.0	0.0	0.0	0.0	0.0	0.0	0.0	0.0	0.0	0.0	0.0	0.0	0.0	0.0	0.0	0.0	0.0	0.0	0.0	0.0	0.0	0.0	0.0	0.0	0.0	0.25	0.4117647	0.1	
Savannah Sparrow (<em class="sci">Passerculus sandwichensis</em>)	0.0	0.0	0.0	0.0526316	0.0	0.0	0.0	0.0	0.1111111	0.0	0.0909091	0.0	0.0	0.0015	0.2	0.0	0.0	0.0	0.0	0.0	0.0	0.0	0.0	0.0	0.0	0.0	0.0	0.0	0.0	0.0	0.0	0.0	0.0	0.0	0.0	0.0	0.0	0.0	0.0	0.0	0.0	0.0	0.0	0.0	0.0	0.0	0.1176471	0.0	
Song Sparrow (<em class="sci">Melospiza melodia</em>)	0.0015	0.125	0.1666667	0.0	0.0	0.0015	0.0	0.0	0.1111111	0.0909091	0.0909091	0.0	0.0	0.0	0.0	0.0	0.0	0.0	0.0	0.0	0.0	0.0	0.0	0.0	0.0	0.0	0.0	0.0	0.0	0.0	0.0	0.0	0.0	0.0	0.0	0.0	0.0	0.0	0.0	0.0	0.0	0.1428571	0.0	0.0	0.0	0.1666667	0.2941176	0.1	
Lincoln's Sparrow (<em class="sci">Melospiza lincolnii</em>)	0.0	0.125	0.0	0.1052632	0.0	0.1	0.0	0.0	0.1111111	0.0	0.1818182	0.1538462	0.2222222	0.0	0.0015	0.0714286	0.0769231	0.0	0.0	0.0	0.0	0.0	0.0	0.0	0.0	0.0	0.0	0.0	0.0	0.0	0.0	0.0	0.0	0.0	0.0	0.0	0.0	0.0	0.0	0.1052632	0.0	0.1428571	0.0	0.5	0.0	0.0	0.2941176	0.0	
Rufous-crowned Sparrow (<em class="sci">Aimophila ruficeps</em>)	0.0	0.0	0.0	0.0	0.0	0.0	0.0	0.0	0.0	0.0	0.0	0.0	0.0	0.0	0.0	0.0	0.0	0.0	0.0	0.0	0.0	0.0	0.0	0.0	0.0	0.0	0.0	0.0	0.0	0.0	0.0	0.0	0.0	0.0	0.0	0.0	0.0	0.0	0.0	0.0	0.0	0.0	0.0	0.5	0.0	0.0	0.0	0.0	
Spotted Towhee (<em class="sci">Pipilo maculatus</em>)	0.0	0.0	0.0	0.0	0.0	0.1	0.0	0.0	0.0	0.0	0.0	0.0769231	0.0	0.0015	0.0	0.0	0.0	0.0	0.0	0.0	0.0	0.0	0.0	0.0	0.0	0.0	0.0	0.0	0.0	0.0	0.0	0.0	0.0	0.0	0.0	0.0	0.0	0.0	0.0	0.0526316	0.0	0.0	0.0	0.0	0.0	0.0833333	0.3529412	0.0	
towhee sp. (<em class="sci">Melozone/Pipilo sp.</em>)	0.0	0.0	0.0	0.0	0.0	0.0	0.0	0.0	0.0	0.0	0.0	0.0	0.0	0.0	0.0	0.0	0.0	0.0	0.0	0.0	0.0	0.0	0.0	0.0	0.0	0.0	0.0	0.0	0.0	0.0	0.0	0.0	0.0	0.0	0.0	0.0	0.0	0.0	0.0	0.0	0.0	0.0	0.0	0.5	0.0	0.0	0.0	0.0	
sparrow sp. (<em class="sci">Passerellidae sp. (sparrow sp.)</em>)	0.0	0.0	0.0	0.0	0.0	0.0	0.0909091	0.0	0.0	0.0	0.0	0.0	0.0	0.0	0.0	0.0	0.0	0.0	0.0	0.0	0.0	0.0	0.0	0.0	0.0	0.0	0.0	0.0	0.0	0.0	0.0	0.0	0.0	0.0	0.0	0.0	0.0	0.0	0.0	0.0	0.1	0.0	0.0	0.0	0.0	0.0	0.0	0.0	
Yellow-breasted Chat (<em class="sci">Icteria virens</em>)	0.0	0.0	0.0	0.0	0.0	0.0	0.0	0.0	0.0	0.0	0.0	0.0	0.0	0.0	0.2	0.0	0.0	0.0	0.0	0.0	0.0	0.0	0.0	0.0	0.0	0.0	0.0	0.0	0.0	0.0	0.0	0.0	0.0833333	0.0	0.0	0.0	0.0	0.0	0.0	0.0	0.0	0.0	0.0	0.0	0.0	0.0	0.0	0.0	
Yellow-headed Blackbird (<em class="sci">Xanthocephalus xanthocephalus</em>)	0.0	0.0	0.0	0.0	0.0	0.0	0.0	0.0	0.0	0.0	0.0	0.0	0.0	0.0	0.0	0.0015	0.0	0.0	0.0	0.0	0.0	0.0	0.0	0.0	0.0	0.0	0.0	0.0	0.0	0.0	0.0	0.0	0.0	0.0	0.0	0.0	0.0	0.0	0.0	0.0	0.0	0.0	0.0	0.0	0.0	0.0	0.0	0.0	
Western Meadowlark (<em class="sci">Sturnella neglecta</em>)	0.0	0.0	0.0	0.0	0.0	0.0015	0.0	0.1111111	0.1111111	0.0	0.0	0.0	0.0	0.0	0.0	0.0	0.0	0.0	0.0	0.0	0.0	0.0	0.0	0.0	0.0	0.0	0.0	0.0	0.0	0.0	0.0	0.0	0.0	0.0	0.0	0.0	0.0	0.0	0.0	0.0	0.0	0.0	0.0	0.0	0.0	0.0	0.0	0.0	
Eastern Meadowlark (<em class="sci">Sturnella magna</em>)	0.0	0.0	0.0	0.0	0.0	0.0015	0.0	0.0	0.0	0.0	0.0	0.0	0.0	0.0	0.0	0.0	0.0	0.0	0.0	0.0	0.0	0.0	0.0	0.0	0.0	0.0	0.0	0.0	0.0	0.0	0.0	0.0	0.0	0.0	0.0	0.0	0.0	0.0	0.0	0.0	0.0	0.0	0.0	0.5	0.0	0.0	0.0588235	0.0	
Western/Eastern Meadowlark (<em class="sci">Sturnella neglecta/magna</em>)	0.0	0.0	0.0	0.0	0.0	0.0	0.0	0.0	0.0	0.0	0.0	0.0	0.0	0.0015	0.0	0.0	0.0769231	0.0	0.0	0.0	0.0	0.0	0.0	0.0	0.0	0.0	0.0	0.0	0.0	0.0	0.0	0.0	0.0	0.0	0.0	0.0	0.2	0.0	0.0	0.0	0.2	0.1428571	0.0	0.0	0.0	0.0	0.0	0.0	
Orchard Oriole (<em class="sci">Icterus spurius</em>)	0.0	0.0	0.0	0.0	0.0	0.0	0.0	0.0	0.0	0.0	0.0	0.0	0.0	0.0	0.0	0.0714286	0.0769231	0.1666667	0.0	0.0	0.0	0.0	0.0	0.0	0.0	0.0	0.0	0.0	0.0	0.6666667	0.0	0.0	0.0	0.0	0.0	0.0	0.0	0.0	0.0	0.0	0.0	0.0	0.0	0.0	0.0	0.0	0.0	0.0	
Bullock's Oriole (<em class="sci">Icterus bullockii</em>)	0.0	0.0	0.0	0.0	0.0	0.0	0.0	0.0	0.0	0.0	0.0	0.0	0.0	0.0	0.2	0.0	0.0	0.0	0.0	0.0	0.0	0.0	0.0	0.0	0.0	0.0	0.0	0.0	0.0	0.0	0.0	0.0	0.0	0.0	0.0	0.0	0.0	0.0	0.0	0.0	0.0	0.0	0.0	0.0	0.0	0.0	0.0	0.0	
Baltimore Oriole (<em class="sci">Icterus galbula</em>)	0.0	0.0	0.0	0.0	0.0	0.0	0.0	0.0	0.0	0.0	0.0	0.0	0.0	0.0	0.0	0.0714286	0.2307692	0.3333333	0.0	0.0	0.0	0.0	0.0	0.0	0.0	0.0	0.0	0.0	0.0	0.0	0.0	0.0	0.0833333	0.2142857	0.1666667	0.0	0.0	0.0	0.0	0.0	0.0	0.0	0.0	0.0	0.0	0.0	0.0	0.0	
Red-winged Blackbird (<em class="sci">Agelaius phoeniceus</em>)	0.0909091	0.375	0.3333333	0.0	0.0	0.2	0.0909091	0.0	0.0	0.0	0.2727273	0.0769231	0.1111111	0.3333333	0.0	0.0	0.0	0.0	0.0	0.0	0.0	0.0	0.0	0.0	0.0	0.0	0.0	0.0	0.0	0.0	0.0	0.125	0.0	0.0	0.0	0.0	0.0	0.0	0.0	0.0	0.0	0.1428571	0.0	0.0	0.0	0.1666667	0.4117647	0.1	
Bronzed Cowbird (<em class="sci">Molothrus aeneus</em>)	0.0	0.0	0.0	0.0	0.0	0.0	0.0	0.0	0.0	0.0	0.0	0.0	0.0	0.0	0.0	0.0	0.0015	0.0	0.0	0.0	0.0	0.25	0.0	0.0	0.0	0.0	0.0	0.0	0.0	0.3333333	0.0	0.0	0.0	0.0	0.0	0.0	0.0	0.0	0.0	0.0	0.0	0.0	0.0	0.0	0.0	0.0	0.0	0.0	
Brown-headed Cowbird (<em class="sci">Molothrus ater</em>)	0.0	0.0	0.0	0.0526316	0.0	0.1	0.0909091	0.0	0.0	0.0	0.0	0.0	0.0	0.0015	0.2	0.0	0.0769231	0.3333333	0.0	0.0	0.0	0.0	0.0	0.2	0.0	0.2	0.0	0.0	0.0	0.3333333	0.0	0.0	0.0	0.0	0.0	0.0	0.0	0.0	0.1	0.0	0.0	0.0	0.0	0.0	0.0	0.0	0.0	0.1	
Brewer's Blackbird (<em class="sci">Euphagus cyanocephalus</em>)	0.0909091	0.0	0.0	0.0	0.0	0.0015	0.0	0.0	0.0	0.0909091	0.0	0.0	0.0	0.0	0.0	0.0	0.0769231	0.0	0.0	0.0	0.0	0.0	0.0	0.0	0.0	0.0	0.0	0.0	0.0	0.0	0.0	0.0	0.0	0.0	0.0	0.0	0.0	0.0	0.0	0.0	0.0	0.0	0.0	0.0	0.0	0.0	0.0	0.0	
Common Grackle (<em class="sci">Quiscalus quiscula</em>)	0.0909091	0.0	0.0	0.1578947	0.0	0.1	0.0909091	0.0	0.2222222	0.0	0.0	0.1538462	0.1111111	0.0	0.2	0.0	0.0	0.1666667	0.0	0.0	0.0015	0.0	0.0	0.0	0.25	0.0	0.25	0.0	0.0	0.0	0.0	0.0	0.0833333	0.0	0.1666667	0.0015	0.0	0.1666667	0.0	0.0526316	0.1	0.0	0.0	0.0	0.0	0.0833333	0.0588235	0.0015	
Great-tailed Grackle (<em class="sci">Quiscalus mexicanus</em>)	0.4545455	0.625	0.6666667	0.3157895	0.625	0.5	0.7272727	0.3333333	0.4444444	0.5454545	0.6363636	0.6923077	0.7777778	0.6666667	0.4	0.4285714	0.6923077	0.8333333	0.4	0.7142857	1.0	1.0	1.0	0.6	0.5	1.0	0.5	0.25	0.6666667	1.0	0.25	0.5	0.25	0.2857143	0.3333333	0.25	0.4	0.3333333	0.5	0.2105263	0.2	0.1428571	0.2	0.5	0.0	0.5	0.5294118	0.4	
grackle sp. (<em class="sci">Quiscalus sp.</em>)	0.0	0.0	0.0	0.0	0.0	0.0	0.0	0.0	0.0	0.0	0.0	0.0	0.0	0.3333333	0.0	0.0	0.0	0.0	0.0	0.0	0.0	0.0	0.0	0.0	0.0	0.0	0.0	0.0	0.0	0.0	0.0	0.0	0.0	0.0	0.0	0.0	0.0	0.0	0.0	0.0526316	0.0015	0.0	0.0	0.0	0.0	0.0	0.0	0.0	
blackbird sp. (<em class="sci">Icteridae sp.</em>)	0.0	0.0	0.0	0.0	0.0	0.0	0.0	0.0	0.0	0.0	0.0	0.0	0.0	0.0	0.0	0.0	0.0	0.1666667	0.0	0.0	0.0	0.0	0.0	0.0	0.0	0.0	0.0	0.0	0.0	0.0	0.0	0.0	0.0	0.0	0.0	0.0	0.0	0.0	0.0	0.0	0.0	0.0	0.0	0.0	0.0	0.0	0.0	0.0	
Ovenbird (<em class="sci">Seiurus aurocapilla</em>)	0.0	0.0	0.0	0.0	0.0	0.0	0.0	0.0	0.0	0.0	0.0	0.0	0.0	0.0	0.0	0.0	0.0769231	0.0	0.0	0.0	0.0	0.0	0.0	0.0	0.0	0.0	0.0	0.0	0.0	0.0	0.0	0.0	0.0	0.0	0.0	0.0	0.0	0.0	0.0	0.0	0.0	0.0	0.0	0.0	0.0	0.0	0.0	0.0	
Northern Waterthrush (<em class="sci">Parkesia noveboracensis</em>)	0.0	0.0	0.0	0.0	0.0	0.0	0.0	0.0	0.0	0.0	0.0	0.0	0.0	0.0	0.0	0.0015	0.0769231	0.3333333	0.2	0.0	0.0	0.0	0.0	0.0	0.0	0.0	0.0	0.0	0.0	0.0	0.0	0.0	0.0	0.0	0.0	0.0	0.0	0.0	0.0	0.0	0.0	0.0	0.0	0.0	0.0	0.0	0.0	0.0	
Black-and-white Warbler (<em class="sci">Mniotilta varia</em>)	0.0	0.0	0.0	0.0	0.0	0.0	0.0	0.0	0.1111111	0.0	0.0	0.0	0.0	0.0	0.0	0.1428571	0.0769231	0.0	0.0	0.0	0.0	0.0	0.0	0.0	0.0	0.0	0.0	0.0	0.0	0.3333333	0.0	0.0	0.0833333	0.0	0.0	0.0	0.0	0.0	0.0	0.0526316	0.0	0.0	0.0	0.0	0.0	0.0	0.0588235	0.0	
Tennessee Warbler (<em class="sci">Leiothlypis peregrina</em>)	0.0	0.0	0.0	0.0	0.0	0.0	0.0	0.0	0.0	0.0	0.0	0.0	0.0	0.0	0.0	0.0	0.1538462	0.1666667	0.0	0.0	0.0	0.0	0.0	0.0	0.0	0.0	0.0	0.0	0.0	0.0	0.0	0.0	0.0	0.0	0.0	0.0	0.0	0.0	0.0	0.0	0.0	0.0	0.0	0.0	0.0	0.0	0.0	0.0	
Orange-crowned Warbler (<em class="sci">Leiothlypis celata</em>)	0.2727273	0.375	0.1666667	0.3157895	0.375	0.2	0.3636364	0.2222222	0.3333333	0.0909091	0.0909091	0.1538462	0.0	0.0	0.2	0.0	0.0	0.1666667	0.0	0.0	0.0	0.0	0.0	0.0	0.0	0.0	0.0	0.0	0.0	0.0	0.0	0.0	0.0	0.0	0.0	0.0	0.0	0.0	0.1	0.2631579	0.2	0.2857143	0.0015	0.0	0.0	0.4166667	0.4705882	0.3	
Nashville Warbler (<em class="sci">Leiothlypis ruficapilla</em>)	0.0	0.0	0.0	0.0	0.0	0.0	0.0	0.0	0.0	0.0	0.0	0.0769231	0.1111111	0.0015	0.2	0.1428571	0.3076923	0.0	0.0	0.0	0.0	0.0	0.0	0.0	0.0	0.0	0.0	0.0	0.0	0.0	0.0	0.0	0.0	0.0	0.0	0.25	0.0	0.0	0.0	0.0526316	0.0	0.0	0.0	0.0	0.0	0.0	0.0	0.0	
Mourning Warbler (<em class="sci">Geothlypis philadelphia</em>)	0.0	0.0	0.0	0.0	0.0	0.0	0.0	0.0	0.0	0.0	0.0	0.0	0.0	0.0	0.0	0.0	0.0	0.0	0.2	0.0	0.0	0.0	0.0	0.0	0.0	0.0	0.0	0.0	0.0	0.0	0.0	0.0	0.0833333	0.1428571	0.0	0.0	0.0	0.0	0.0	0.0	0.0	0.0	0.0	0.0	0.0	0.0	0.0	0.0	
Common Yellowthroat (<em class="sci">Geothlypis trichas</em>)	0.0	0.0	0.0	0.0	0.0	0.0015	0.0	0.0	0.0	0.0	0.0	0.0	0.0	0.0	0.0	0.0	0.2307692	0.3333333	0.0	0.0	0.0	0.0	0.0	0.0	0.0	0.0	0.0	0.0	0.0	0.0	0.0	0.0	0.0	0.0	0.1666667	0.0	0.0015	0.0	0.0	0.0	0.0	0.0	0.0	0.0	0.0	0.0	0.0	0.0	
American Redstart (<em class="sci">Setophaga ruticilla</em>)	0.0	0.0	0.0	0.0	0.0	0.0	0.0	0.0	0.0	0.0	0.0	0.0	0.0	0.0	0.0	0.0	0.0769231	0.1666667	0.0	0.0	0.0	0.0	0.0	0.0	0.0	0.0	0.0	0.0	0.0	0.0	0.0	0.0	0.0	0.0	0.0	0.0	0.0	0.0	0.0	0.0	0.0	0.0	0.0	0.0	0.0	0.0	0.0	0.0	
Northern Parula (<em class="sci">Setophaga americana</em>)	0.0	0.0	0.0015	0.0	0.0	0.0	0.0	0.0	0.0	0.0	0.0	0.0	0.1111111	0.0	0.2	0.0	0.0	0.0	0.0	0.0	0.0	0.0	0.0	0.0	0.0	0.0	0.0	0.0	0.1666667	0.0	0.0	0.0	0.0	0.0	0.0	0.0	0.0	0.0	0.0	0.0	0.0	0.0	0.0	0.0	0.0	0.0	0.0	0.0	
Magnolia Warbler (<em class="sci">Setophaga magnolia</em>)	0.0	0.0	0.0	0.0	0.0	0.0	0.0	0.0	0.0	0.0	0.0	0.0	0.0	0.0	0.0	0.0	0.0	0.1666667	0.0	0.0	0.0	0.0	0.0	0.0	0.0	0.0	0.0	0.0	0.0	0.0	0.0	0.0	0.0	0.0	0.0	0.0	0.0	0.0	0.0	0.0	0.0	0.0	0.0	0.0	0.0	0.0	0.0	0.0	
Bay-breasted Warbler (<em class="sci">Setophaga castanea</em>)	0.0	0.0	0.0	0.0	0.0	0.0	0.0	0.0	0.0	0.0	0.0	0.0	0.0	0.0	0.0	0.0	0.1538462	0.0	0.0	0.0	0.0	0.0	0.0	0.0	0.0	0.0	0.0	0.0	0.0	0.0	0.0	0.0	0.0	0.0	0.0	0.0	0.0	0.0	0.0	0.0	0.0	0.0	0.0	0.0	0.0	0.0	0.0	0.0	
Blackburnian Warbler (<em class="sci">Setophaga fusca</em>)	0.0	0.0	0.0	0.0	0.0	0.0	0.0	0.0	0.0	0.0	0.0	0.0	0.0	0.0	0.0	0.0	0.0769231	0.1666667	0.0	0.0	0.0	0.0	0.0	0.0	0.0	0.0	0.0	0.0	0.0	0.0	0.0	0.0	0.0	0.0	0.0	0.0	0.0	0.0	0.0	0.0	0.0	0.0	0.0	0.0	0.0	0.0	0.0	0.0	
Yellow Warbler (<em class="sci">Setophaga petechia</em>)	0.0	0.0	0.0	0.0	0.0	0.0	0.0	0.0	0.0	0.0	0.0	0.0	0.0	0.0	0.0	0.0714286	0.3076923	0.1666667	0.0	0.1428571	0.0	0.0	0.0	0.0	0.0	0.0	0.0	0.0	0.0	0.0	0.0	0.125	0.0	0.2857143	0.0	0.0	0.0	0.0	0.0	0.0	0.0	0.0	0.0	0.0	0.0	0.0	0.0	0.0	
Chestnut-sided Warbler (<em class="sci">Setophaga pensylvanica</em>)	0.0	0.0	0.0	0.0	0.0	0.0	0.0	0.0	0.0	0.0	0.0	0.0	0.0	0.0	0.0	0.0015	0.1538462	0.1666667	0.0	0.0	0.0	0.0	0.0	0.0	0.0	0.0	0.0	0.0	0.0	0.0	0.0	0.0	0.0	0.0	0.0	0.0	0.0	0.0	0.0	0.0	0.0	0.0	0.0	0.0	0.0	0.0	0.0	0.0	
Pine Warbler (<em class="sci">Setophaga pinus</em>)	0.0	0.125	0.0	0.0526316	0.0	0.0	0.0909091	0.0	0.0	0.0	0.0	0.0	0.0	0.0	0.0	0.0	0.0	0.0	0.0	0.0	0.0	0.0	0.0	0.0	0.0	0.0	0.0	0.0	0.0	0.0	0.0	0.0	0.0	0.0	0.0	0.0	0.0	0.0	0.0	0.0	0.0	0.1428571	0.0	0.0	0.0	0.3333333	0.2352941	0.1	
Yellow-rumped Warbler (<em class="sci">Setophaga coronata</em>)	0.2727273	0.5	0.5	0.5263158	0.75	0.4	0.7272727	0.4444444	0.4444444	0.4545455	0.4545455	0.2307692	0.1111111	0.0	0.0	0.0	0.0	0.0	0.0	0.0	0.0	0.0	0.0	0.0	0.0	0.0	0.0	0.0	0.0	0.0	0.0	0.0	0.0	0.0	0.0	0.0	0.0	0.0	0.0	0.0	0.1	0.2857143	0.0015	0.0015	0.0	0.5	0.5294118	0.3	
Golden-cheeked Warbler (<em class="sci">Setophaga chrysoparia</em>)	0.0	0.0	0.0	0.0	0.0	0.0	0.0	0.0	0.0	0.0	0.0	0.0769231	0.0	0.0	0.0	0.0714286	0.0	0.0	0.0	0.0	0.0	0.0	0.0	0.0	0.0	0.0	0.0	0.0	0.0	0.0	0.0	0.0	0.0	0.0	0.0	0.0	0.0	0.0	0.0	0.0	0.0	0.0	0.0	0.0	0.0	0.0	0.0	0.0	
Black-throated Green Warbler (<em class="sci">Setophaga virens</em>)	0.0	0.0	0.0	0.0	0.0	0.0	0.0	0.0	0.0	0.0	0.0	0.0	0.0	0.0	0.0	0.0	0.1538462	0.1666667	0.0	0.0	0.0	0.0	0.0	0.0	0.0	0.0	0.0	0.0	0.0	0.0	0.0	0.0	0.0	0.0	0.0	0.0	0.0	0.0	0.1	0.0526316	0.0	0.0	0.0	0.0	0.0	0.0	0.0	0.0	
Canada Warbler (<em class="sci">Cardellina canadensis</em>)	0.0	0.0	0.0	0.0	0.0	0.0	0.0	0.0	0.0	0.0	0.0	0.0	0.0	0.0	0.0	0.0	0.0769231	0.1666667	0.2	0.0	0.0	0.0	0.0	0.0	0.0	0.0	0.0	0.0	0.0	0.0	0.0	0.0	0.0	0.0	0.0	0.0	0.0	0.0	0.0	0.0	0.0	0.0	0.0	0.0	0.0	0.0	0.0	0.0	
Wilson's Warbler (<em class="sci">Cardellina pusilla</em>)	0.0	0.0	0.0	0.0	0.0	0.0	0.0	0.0	0.0	0.0	0.0	0.0	0.0	0.0	0.0	0.0	0.0	0.3333333	0.0	0.0015	0.0	0.0	0.0	0.0	0.0	0.0	0.0	0.0	0.0	0.0	0.0	0.0	0.0	0.1428571	0.0	0.0	0.0	0.0	0.0	0.0	0.0	0.0	0.0	0.0	0.0	0.0	0.0	0.0	
warbler sp. (Parulidae sp.) (<em class="sci">Parulidae sp.</em>)	0.0	0.0	0.0	0.0	0.0	0.0	0.0	0.0	0.0	0.0	0.0	0.0	0.0	0.0	0.0	0.0	0.0	0.0	0.0	0.0	0.0	0.0	0.0	0.0	0.0	0.0	0.0	0.0	0.0	0.0	0.0	0.0	0.0	0.0	0.0	0.0	0.0	0.0	0.0	0.0	0.0	0.0	0.2	0.0	0.0	0.0	0.0	0.0	
Summer Tanager (<em class="sci">Piranga rubra</em>)	0.0	0.0	0.0	0.0	0.0	0.0	0.0	0.0	0.0	0.0	0.0	0.0	0.1111111	0.0	0.2	0.0	0.0769231	0.1666667	0.0015	0.0	0.0	0.0	0.0	0.0	0.0	0.0	0.0	0.0	0.0	0.0	0.0	0.0015	0.0	0.0714286	0.0	0.0	0.0	0.0	0.0	0.0	0.0	0.0	0.0	0.0	0.0	0.0	0.0	0.0	
tanager sp. (Piranga sp.) (<em class="sci">Piranga sp.</em>)	0.0	0.0	0.0	0.0	0.0	0.0	0.0	0.0	0.0	0.0	0.0	0.0	0.0	0.0	0.0	0.0	0.0	0.0	0.0	0.0	0.0	0.0	0.0	0.0	0.0	0.0	0.0	0.0	0.0	0.0	0.0	0.125	0.0	0.0	0.0	0.0	0.0	0.0	0.0	0.0	0.0	0.0	0.0	0.0	0.0	0.0	0.0	0.0	
Northern Cardinal (<em class="sci">Cardinalis cardinalis</em>)	0.4545455	0.625	0.5	0.4736842	0.75	0.6	0.7272727	0.3333333	0.4444444	0.5454545	0.5454545	0.6153846	0.5555556	1.0	0.4	0.4285714	0.5384615	0.8333333	0.4	0.4285714	0.0015	0.5	0.3333333	1.0	0.75	0.8	0.5	0.25	0.1666667	1.0	0.25	0.25	0.1666667	0.2142857	0.3333333	0.25	0.2	0.0	0.4	0.2105263	0.3	0.4285714	0.2	0.5	0.0	0.5	0.5882353	0.5	
Rose-breasted Grosbeak (<em class="sci">Pheucticus ludovicianus</em>)	0.0	0.0	0.0	0.0	0.0	0.0	0.0	0.0	0.0	0.0	0.0	0.0	0.0	0.0	0.0	0.0714286	0.0769231	0.0	0.0	0.0	0.0	0.0	0.0	0.0	0.0	0.0	0.0	0.0	0.0	0.0	0.0	0.0	0.0	0.0	0.0	0.0	0.0	0.0	0.0	0.0	0.0	0.0	0.0	0.0	0.0	0.0	0.0	0.0	
Blue Grosbeak (<em class="sci">Passerina caerulea</em>)	0.0	0.0	0.0	0.0	0.0	0.0	0.0	0.0	0.0	0.0	0.0	0.0	0.0	0.0	0.0	0.0	0.0	0.1666667	0.0015	0.0	0.0	0.0	0.0	0.0	0.0	0.0	0.0	0.0	0.0	0.3333333	0.0	0.0	0.0	0.0714286	0.0	0.0	0.0	0.0	0.0	0.0	0.0	0.0	0.0	0.0	0.0	0.0	0.0	0.0	
Indigo Bunting (<em class="sci">Passerina cyanea</em>)	0.0	0.0	0.0	0.0	0.0	0.0	0.0	0.0	0.0	0.0	0.0	0.0	0.1111111	0.0	0.0	0.0714286	0.1538462	0.1666667	0.0	0.0	0.0	0.0	0.0	0.0	0.0	0.0	0.0	0.0	0.0	0.0	0.0	0.0	0.0	0.0	0.0	0.0	0.0	0.0	0.0	0.0	0.0	0.0	0.0	0.0	0.0	0.0	0.0	0.0	
Painted Bunting (<em class="sci">Passerina ciris</em>)	0.0	0.0	0.0	0.0	0.0	0.0	0.0	0.0	0.0	0.0	0.0	0.0	0.0	0.0	0.0	0.0714286	0.0769231	0.1666667	0.0015	0.0	0.0	0.0	0.0	0.0	0.0	0.0	0.0	0.0	0.0	0.3333333	0.0	0.0	0.0833333	0.0714286	0.0	0.0	0.0	0.0	0.0	0.0	0.0	0.0	0.0	0.0	0.0	0.0	0.0	0.0	
Dickcissel (<em class="sci">Spiza americana</em>)	0.0	0.0	0.0	0.0	0.0	0.0	0.0	0.0	0.0	0.0	0.0	0.0	0.0	0.0	0.0	0.0714286	0.0	0.0	0.0	0.0	0.0	0.0	0.0	0.0	0.0	0.0	0.0	0.0	0.0	0.0	0.0	0.0	0.0	0.0	0.0	0.0	0.0	0.0	0.0	0.0	0.0	0.0	0.0	0.0	0.0	0.0	0.0	0.0	
passerine sp. (<em class="sci">Passeriformes sp.</em>)	0.0	0.0	0.0	0.0	0.0	0.0	0.0	0.0	0.0	0.0	0.0	0.0	0.0	0.0	0.0	0.0	0.0	0.0	0.0	0.0	0.0	0.0	0.0	0.0	0.0	0.0	0.0	0.0	0.0	0.0	0.0	0.0	0.0	0.0	0.0	0.0	0.0	0.0015	0.0	0.0	0.0	0.0	0.0	0.0	0.0	0.0	0.0	0.0	

