









Frequency of observations in the selected location(s).:
Number of taxa: 	192

	Jan				Feb				Mar				Apr				May				Jun				Jul				Aug				Sep				Oct				Nov				Dec				
Sample Size:	7.0	12.0	13.0	27.0	9.0	5.0	12.0	2.0	4.0	2.0	1.0	4.0	4.0	3.0	2.0	16.0	11.0	5.0	2.0	3.0	5.0	5.0	5.0	2.0	5.0	2.0	1.0	0.0	2.0	0.0	2.0	2.0	6.0	3.0	0.0	3.0	7.0	5.0	8.0	4.0	8.0	8.0	5.0	7.0	6.0	21.0	11.0	7.0	

Black-bellied Whistling-Duck (<em class="sci">Dendrocygna autumnalis</em>)	0.0	0.0	0.0	0.0	0.0	0.0	0.0	0.0	0.0	0.0	0.0	0.0	0.0	0.0	0.0	0.0	0.0	0.0	0.0	0.0	0.0	0.0	0.0	0.0	0.0	0.0	0.0015	0.0	0.0	0.0	0.0	0.0	0.0	0.0	0.0	0.0	0.0	0.0	0.0015	0.0	0.0	0.0	0.0	0.0	0.0	0.0	0.0	0.0	
Mute Swan (<em class="sci">Cygnus olor</em>)	0.0	0.0	0.0	0.0	0.0	0.0	0.0833333	0.0	0.0	0.0	0.0	0.0	0.0	0.0	0.0	0.0	0.0	0.0	0.0	0.0	0.0	0.0	0.0	0.0	0.0	0.0	0.0	0.0	0.0	0.0	0.0	0.0	0.0	0.0	0.0	0.0	0.0	0.0	0.0	0.0	0.0	0.0	0.0	0.0	0.0	0.0	0.0	0.0	
Muscovy Duck (Domestic type) (<em class="sci">Cairina moschata (Domestic type)</em>)	0.2857143	0.3333333	0.2307692	0.1851852	0.4444444	0.2	0.0	0.0	0.0	0.0	0.0	0.0	0.0	0.0	0.0	0.0	0.0	0.0	0.0	0.0	0.2	0.0	0.0	0.0	0.0	0.0	0.0	0.0	0.0	0.0	0.0	0.0	0.0	0.0	0.0	0.0	0.0	0.0	0.0	0.0	0.125	0.25	0.2	0.0	0.3333333	0.0952381	0.1818182	0.0	
Wood Duck (<em class="sci">Aix sponsa</em>)	0.0	0.0	0.0769231	0.1481481	0.0	0.0	0.0	0.0	0.0015	0.0	0.0	0.0015	0.25	0.3333333	0.0	0.0625	0.1818182	0.0	0.0	0.3333333	0.0	0.0	0.0	0.0	0.0	0.0	0.0	0.0	0.0	0.0	0.0	0.0	0.0	0.0	0.0	0.0	0.0	0.2	0.0	0.25	0.0	0.0	0.0	0.0	0.0	0.047619	0.0	0.0	
Northern Shoveler (<em class="sci">Spatula clypeata</em>)	0.0	0.0	0.0	0.037037	0.0	0.0	0.0	0.0	0.0	0.0	0.0	0.0	0.0	0.0	0.0	0.0	0.0	0.0	0.0	0.0	0.0	0.0	0.0	0.0	0.0	0.0	0.0	0.0	0.0	0.0	0.0	0.0	0.0	0.0	0.0	0.0	0.0	0.0	0.0	0.0	0.0	0.0	0.0	0.0	0.0	0.0	0.0	0.0	
Gadwall (<em class="sci">Mareca strepera</em>)	0.0	0.0	0.0769231	0.1851852	0.0	0.0	0.0833333	0.0	0.0	0.0	0.0	0.0	0.0	0.0	0.0	0.0	0.0	0.0	0.0	0.0	0.0	0.0	0.0	0.0	0.0	0.0	0.0	0.0	0.0	0.0	0.0	0.0	0.0	0.0	0.0	0.0	0.0	0.0	0.0	0.0	0.0	0.0	0.0	0.0	0.0	0.0	0.0	0.0	
American Wigeon (<em class="sci">Mareca americana</em>)	0.0	0.0	0.0	0.0740741	0.0	0.0	0.0	0.0	0.0	0.0	0.0	0.0	0.0	0.0	0.0	0.0	0.0	0.0	0.0	0.0	0.0	0.0	0.0	0.0	0.0	0.0	0.0	0.0	0.0	0.0	0.0	0.0	0.0	0.0	0.0	0.0	0.0	0.0	0.0	0.0	0.0	0.0	0.0	0.0	0.0	0.0	0.0	0.0	
Mallard (<em class="sci">Anas platyrhynchos</em>)	0.2857143	0.1666667	0.2307692	0.0740741	0.1111111	0.0	0.0	0.0	0.0	0.0	0.0	0.0	0.0	0.0	0.0	0.0	0.0	0.0	0.0	0.0	0.0	0.0	0.0	0.0	0.0	0.0	0.0	0.0	0.0	0.0	0.0	0.0	0.0	0.0	0.0	0.0	0.0	0.0	0.0	0.0	0.0	0.0	0.0	0.0	0.1666667	0.0	0.0	0.0	
Canvasback (<em class="sci">Aythya valisineria</em>)	0.0	0.0	0.0	0.037037	0.0	0.0	0.0	0.0	0.0	0.0	0.0	0.0	0.0	0.0	0.0	0.0	0.0	0.0	0.0	0.0	0.0	0.0	0.0	0.0	0.0	0.0	0.0	0.0	0.0	0.0	0.0	0.0	0.0	0.0	0.0	0.0	0.0	0.0	0.0	0.0	0.0	0.0	0.0	0.0	0.0	0.0	0.0	0.0	
Ring-necked Duck (<em class="sci">Aythya collaris</em>)	0.0	0.0	0.0	0.0740741	0.0	0.0	0.0	0.0	0.0	0.0	0.0	0.0	0.0	0.0	0.0	0.0	0.0	0.0	0.0	0.0	0.0	0.0	0.0	0.0	0.0	0.0	0.0	0.0	0.0	0.0	0.0	0.0	0.0	0.0	0.0	0.0	0.0	0.0	0.0	0.0	0.0	0.0	0.0	0.0	0.0	0.0	0.0	0.0	
Lesser Scaup (<em class="sci">Aythya affinis</em>)	0.0	0.0	0.0769231	0.1481481	0.0	0.0	0.0833333	0.0	0.0	0.0	0.0	0.0	0.0	0.0	0.0	0.0	0.0	0.0	0.0	0.0	0.0	0.0	0.0	0.0	0.0	0.0	0.0	0.0	0.0	0.0	0.0	0.0	0.0	0.0	0.0	0.0	0.0	0.0	0.0	0.0	0.0	0.0	0.0	0.0	0.0	0.0	0.0	0.0	
Bufflehead (<em class="sci">Bucephala albeola</em>)	0.0	0.0	0.0769231	0.0740741	0.0	0.0	0.0	0.0	0.0	0.0	0.0	0.0	0.0	0.0	0.0	0.0	0.0	0.0	0.0	0.0	0.0	0.0	0.0	0.0	0.0	0.0	0.0	0.0	0.0	0.0	0.0	0.0	0.0	0.0	0.0	0.0	0.0	0.0	0.0	0.0	0.0	0.0	0.0	0.0	0.0	0.0	0.0	0.0	
Ruddy Duck (<em class="sci">Oxyura jamaicensis</em>)	0.0	0.0	0.0	0.037037	0.0	0.0	0.0	0.0	0.0	0.0	0.0	0.0	0.0	0.0	0.0	0.0	0.0	0.0	0.0	0.0	0.0	0.0	0.0	0.0	0.0	0.0	0.0	0.0	0.0	0.0	0.0	0.0	0.0	0.0	0.0	0.0	0.0	0.0	0.0	0.0	0.0	0.0	0.0	0.0	0.0	0.0	0.0	0.0	
duck sp. (<em class="sci">Anatinae sp.</em>)	0.0	0.0	0.0	0.0	0.0	0.0	0.0	0.0	0.0	0.0	0.0	0.0	0.0	0.0	0.0	0.0	0.0	0.0	0.0	0.0	0.0	0.0	0.0	0.0	0.0	0.0	0.0	0.0	0.0	0.0	0.0	0.0	0.0	0.0	0.0	0.0	0.0	0.0	0.0	0.0	0.0	0.0	0.0	0.0	0.0	0.0	0.0	0.1428571	
Pied-billed Grebe (<em class="sci">Podilymbus podiceps</em>)	0.0	0.0	0.0769231	0.1481481	0.0	0.0	0.0	0.0	0.0	0.0	0.0	0.0	0.0	0.0	0.0	0.0	0.0	0.0	0.0	0.0	0.0	0.0	0.0	0.0	0.0	0.0	0.0	0.0	0.0	0.0	0.0	0.0	0.0	0.0	0.0	0.0	0.0	0.0	0.0	0.0	0.0	0.0	0.0	0.0	0.0	0.0	0.0	0.0	
Rock Pigeon (<em class="sci">Columba livia</em>)	0.5714286	0.3333333	0.3076923	0.3703704	0.4444444	0.2	0.75	1.0	0.25	1.0	0.0	0.5	0.75	0.3333333	1.0	0.375	0.2727273	0.4	0.0	0.3333333	0.8	0.6	0.6	1.0	0.0	0.5	1.0	0.0	0.5	0.0	1.0	0.5	0.3333333	0.0	0.0	0.3333333	0.4285714	0.2	0.5	0.5	0.5	0.125	0.6	0.5714286	0.5	0.1428571	0.3636364	0.1428571	
Eurasian Collared-Dove (<em class="sci">Streptopelia decaocto</em>)	0.0	0.0	0.0	0.0	0.0	0.0	0.0	0.0	0.0	0.0	0.0	0.0	0.0	0.0	0.0	0.0	0.0	0.0	0.0	0.0	0.0	0.0	0.0	0.5	0.0	0.0	0.0	0.0	0.0	0.0	0.0	0.0	0.0	0.0	0.0	0.0	0.0	0.0	0.0	0.0	0.0	0.0	0.0	0.0	0.0	0.0	0.0	0.0	
Inca Dove (<em class="sci">Columbina inca</em>)	0.0	0.0	0.0	0.1111111	0.0	0.0	0.0833333	0.0	0.0	0.0	0.0	0.0	0.0	0.0	0.0	0.125	0.0015	0.4	0.0	0.0	0.4	0.4	0.0	0.5	0.0	0.0	0.0	0.0	0.5	0.0	1.0	0.5	0.1666667	0.0	0.0	0.3333333	0.1428571	0.2	0.0	0.5	0.125	0.0	0.0	0.0	0.0	0.0	0.0	0.0	
White-winged Dove (<em class="sci">Zenaida asiatica</em>)	0.2857143	0.5833333	0.6153846	0.6666667	0.4444444	0.6	1.0	1.0	1.0	1.0	1.0	1.0	0.75	1.0	1.0	0.75	0.7272727	0.4	1.0	0.6666667	1.0	0.8	0.8	1.0	1.0	1.0	1.0	0.0	0.5	0.0	1.0	1.0	0.6666667	0.6666667	0.0	0.6666667	0.8571429	0.6	0.625	0.75	0.5	0.5	0.4	1.0	0.5	0.7619048	0.9090909	0.7142857	
Mourning Dove (<em class="sci">Zenaida macroura</em>)	0.1428571	0.0833333	0.1538462	0.3703704	0.1111111	0.0	0.25	0.0	0.25	0.5	1.0	0.25	0.0	0.3333333	0.5	0.375	0.2727273	0.4	0.5	0.0	0.2	0.6	0.4	0.5	0.0	0.5	0.0	0.0	1.0	0.0	1.0	0.5	0.1666667	0.6666667	0.0	0.3333333	0.1428571	0.2	0.125	0.75	0.25	0.125	0.2	0.1428571	0.0	0.1428571	0.0909091	0.0	
pigeon/dove sp. (<em class="sci">Columbidae sp.</em>)	0.0	0.0	0.0	0.0	0.0	0.0	0.0	0.5	0.0	0.0	0.0	0.0	0.0	0.0	0.0	0.0	0.0	0.0	0.0	0.3333333	0.0	0.0	0.0	0.0	0.0	0.0	0.0	0.0	0.0	0.0	0.0	0.0	0.0	0.0	0.0	0.0	0.0	0.0	0.0	0.0	0.0	0.0	0.0	0.1428571	0.0	0.0	0.0	0.0	
Greater Roadrunner (<em class="sci">Geococcyx californianus</em>)	0.0	0.0	0.0	0.0	0.0	0.0	0.0	0.0	0.0	0.0	0.0	0.0	0.0	0.0	0.0	0.0	0.0	0.2	0.0	0.0	0.0	0.0	0.0	0.0	0.0	0.0	0.0	0.0	0.0	0.0	0.0	0.0	0.0	0.0	0.0	0.0	0.0	0.2	0.0	0.0	0.0	0.0	0.0	0.0	0.0	0.0	0.0	0.0	
Yellow-billed Cuckoo (<em class="sci">Coccyzus americanus</em>)	0.0	0.0	0.0	0.0	0.0	0.0	0.0	0.0	0.0	0.0	0.0	0.0	0.0	0.0	0.0	0.0	0.0	0.2	0.0	0.0	0.0	0.0	0.0	0.0	0.0	0.0	0.0	0.0	0.0	0.0	0.0	0.0	0.0	0.0	0.0	0.0	0.0	0.0	0.0	0.0	0.0	0.0	0.0	0.0	0.0	0.0	0.0	0.0	
Common Nighthawk (<em class="sci">Chordeiles minor</em>)	0.0	0.0	0.0	0.0	0.0	0.0	0.0	0.0	0.0	0.0	0.0	0.25	0.0	0.0	0.0	0.0	0.0	0.0	0.0	0.0	0.6	0.2	0.2	0.5	0.0	0.0	0.0	0.0	0.0	0.0	0.5	0.0	0.3333333	0.0	0.0	0.3333333	0.1428571	0.0015	0.0	0.0015	0.0	0.0	0.0	0.0	0.0	0.0	0.0	0.0	
Chimney Swift (<em class="sci">Chaetura pelagica</em>)	0.0	0.0	0.0	0.0	0.0	0.0	0.0	0.0	0.0	0.0	0.0	0.25	0.25	0.6666667	1.0	0.4375	0.2727273	0.2	0.0	0.6666667	1.0	1.0	0.0	1.0	1.0	1.0	0.0	0.0	0.5	0.0	1.0	0.0	0.5	1.0	0.0	0.6666667	0.1428571	0.2	0.0	0.0	0.0	0.0	0.0	0.0	0.0	0.0	0.0	0.0	
Ruby-throated Hummingbird (<em class="sci">Archilochus colubris</em>)	0.0	0.0	0.0	0.0	0.0	0.0	0.0	0.0	0.0	0.0	0.0	0.25	0.0	0.0	0.0	0.125	0.0	0.0	0.0	0.0	0.0	0.2	0.0	0.5	0.0	0.0	0.0	0.0	0.0	0.0	0.5	0.0	0.5	0.0	0.0	0.3333333	0.0	0.2	0.0	0.0	0.0	0.0	0.0	0.0	0.0	0.0	0.0	0.0	
Black-chinned Hummingbird (<em class="sci">Archilochus alexandri</em>)	0.0	0.0	0.0	0.0	0.0	0.0	0.0	0.0	0.0	0.0	0.0	0.25	0.25	0.3333333	1.0	0.0625	0.1818182	0.0	0.0	0.0015	0.0	0.0	0.0	1.0	0.2	0.5	1.0	0.0	0.5	0.0	0.5	0.5	0.1666667	0.0	0.0	0.3333333	0.0	0.0	0.0	0.0	0.0	0.0	0.0	0.0	0.0	0.0	0.0	0.0	
Ruby-throated/Black-chinned Hummingbird (<em class="sci">Archilochus colubris/alexandri</em>)	0.0	0.0	0.0	0.0	0.0	0.0	0.0	0.0	0.0	0.0	0.0	0.0	0.0	0.0	0.0	0.0	0.0	0.0	0.0	0.0015	0.0	0.0	0.2	0.0	0.0	0.0	0.0	0.0	0.0	0.0	0.0	0.0	0.0	0.0	0.0	0.0	0.0	0.0	0.0	0.0	0.0	0.0	0.0	0.0	0.0	0.0	0.0	0.0	
Anna's Hummingbird (<em class="sci">Calypte anna</em>)	0.1428571	0.3333333	0.3076923	0.1481481	0.0	0.0	0.0	0.0	0.0	0.0	0.0	0.0	0.0	0.0	0.0	0.0	0.0	0.0	0.0	0.0	0.0	0.0	0.0	0.0	0.0	0.0	0.0	0.0	0.0	0.0	0.0	0.0	0.0	0.0	0.0	0.0	0.0	0.0	0.0	0.0	0.0	0.0	0.0	0.0	0.0015	0.5238095	0.1818182	0.1428571	
Broad-tailed Hummingbird (<em class="sci">Selasphorus platycercus</em>)	0.1428571	0.25	0.2307692	0.1481481	0.0	0.0	0.1666667	0.0	0.0015	0.0	0.0	0.25	0.25	0.3333333	0.0	0.0	0.0	0.0	0.0	0.0	0.0	0.0	0.0	0.0	0.0	0.0	0.0	0.0	0.0	0.0	0.0	0.0	0.0	0.0	0.0	0.0	0.0	0.0	0.0	0.0	0.0	0.0	0.0	0.0	0.0	0.2380952	0.0015	0.0015	
Rufous Hummingbird (<em class="sci">Selasphorus rufus</em>)	0.1428571	0.0	0.0769231	0.1851852	0.0	0.2	0.5	0.0	0.75	0.0	0.0	0.5	0.5	0.0	0.0	0.0	0.0	0.0	0.0	0.0	0.0	0.0	0.0	0.0	0.0	0.0	0.0	0.0	0.0	0.0	0.0	0.0	0.0	0.0	0.0	0.0	0.0	0.2	0.0	0.0	0.0	0.0	0.0	0.0015	0.0015	0.047619	0.0	0.0015	
Rufous/Allen's Hummingbird (<em class="sci">Selasphorus rufus/sasin</em>)	0.0	0.0	0.0	0.037037	0.0	0.0	0.0	0.0	0.0	0.0	0.0	0.0	0.0	0.0	0.0	0.0	0.0	0.0	0.0	0.0	0.0	0.0	0.0	0.0	0.0	0.0	0.0	0.0	0.0	0.0	0.0	0.0	0.0	0.0	0.0	0.0	0.0	0.0	0.0	0.0	0.0	0.0	0.0	0.0	0.0	0.0	0.0	0.0	
Calliope Hummingbird (<em class="sci">Selasphorus calliope</em>)	0.1428571	0.0833333	0.1538462	0.0	0.0	0.0	0.0	0.0	0.0	0.0	0.0	0.0	0.0	0.0	0.0	0.0	0.0	0.0	0.0	0.0	0.0	0.0	0.0	0.0	0.0	0.0	0.0	0.0	0.0	0.0	0.0	0.0	0.0	0.0	0.0	0.0	0.0	0.0	0.0	0.0	0.0	0.0	0.0	0.0	0.0015	0.0952381	0.0015	0.1428571	
Buff-bellied Hummingbird (<em class="sci">Amazilia yucatanensis</em>)	0.0	0.0	0.0	0.0	0.0	0.0	0.0	0.0	0.0	0.0	0.0	0.0	0.0	0.0	0.5	0.0	0.0	0.0	0.0	0.0	0.0	0.0	0.0	0.0	0.0	0.0	0.0	0.0	0.0	0.0	0.0	0.0	0.0	0.0	0.0	0.0	0.0	0.0	0.0	0.0	0.0	0.0	0.0	0.0	0.0	0.0	0.0	0.0	
hummingbird sp. (<em class="sci">Trochilidae sp.</em>)	0.0	0.0	0.0769231	0.0	0.0	0.0	0.0	0.0	0.0	0.0	0.0	0.0	0.0	0.0	0.0	0.0	0.0	0.0	0.0	0.0	0.0	0.0	0.0	0.0	0.0	0.0	0.0	0.0	0.0	0.0	0.0	0.0	0.0	0.0	0.0	0.0	0.0	0.0	0.0	0.0	0.0	0.0	0.0	0.0	0.0	0.0952381	0.0	0.0	
American Coot (<em class="sci">Fulica americana</em>)	0.0	0.0	0.0769231	0.1851852	0.0	0.0	0.0833333	0.0	0.0	0.0	0.0	0.0	0.0	0.0	0.0	0.0	0.0	0.0	0.0	0.0	0.0	0.0	0.0	0.0	0.0	0.0	0.0	0.0	0.0	0.0	0.0	0.0	0.0	0.0	0.0	0.0	0.0	0.0	0.0	0.0	0.0	0.0	0.0	0.0	0.0	0.0	0.0	0.0	
Killdeer (<em class="sci">Charadrius vociferus</em>)	0.0	0.0	0.0	0.0	0.0	0.0	0.0	0.0	0.0	0.0	0.0	0.0	0.0	0.0	0.0	0.0625	0.1818182	0.0	0.0	0.0	0.0	0.0	0.2	0.0	0.0	0.0	0.0	0.0	0.0	0.0	0.0	0.0	0.1666667	0.0	0.0	0.3333333	0.0	0.0	0.0	0.25	0.0	0.0	0.0	0.0	0.0	0.0	0.0	0.0	
Upland Sandpiper (<em class="sci">Bartramia longicauda</em>)	0.0	0.0	0.0	0.0	0.0	0.0	0.0	0.0	0.0	0.0	0.0	0.0	0.0	0.0	0.0	0.0	0.0	0.0	0.0	0.0	0.0	0.0	0.0	0.0	0.0	0.0	0.0	0.0	0.0	0.0	0.0	0.0	0.1666667	0.0	0.0	0.0	0.0	0.0	0.0	0.0	0.0	0.0	0.0	0.0	0.0	0.0	0.0	0.0	
Spotted Sandpiper (<em class="sci">Actitis macularius</em>)	0.0	0.0	0.0	0.0	0.0	0.0	0.0	0.0	0.0	0.0	0.0	0.0	0.0	0.0	0.0	0.125	0.0909091	0.0	0.0	0.0	0.0	0.0	0.0	0.0	0.0	0.0	0.0	0.0	0.0	0.0	0.0	0.0	0.0	0.0	0.0	0.0	0.0	0.0	0.0	0.0	0.0	0.0	0.0	0.0	0.0	0.0	0.0	0.0	
Solitary Sandpiper (<em class="sci">Tringa solitaria</em>)	0.0	0.0	0.0	0.0	0.0	0.0	0.0	0.0	0.0	0.0	0.0	0.0	0.0	0.0	0.0	0.0625	0.0	0.0	0.0	0.0	0.0	0.0	0.0	0.0	0.0	0.0	0.0	0.0	0.0	0.0	0.0	0.0	0.0	0.0	0.0	0.0	0.0	0.0	0.0	0.0	0.0	0.0	0.0	0.0	0.0	0.0	0.0	0.0	
Franklin's Gull (<em class="sci">Leucophaeus pipixcan</em>)	0.0	0.0	0.0	0.0	0.0	0.0	0.0	0.0	0.0	0.0	0.0	0.0	0.0	0.0015	0.0	0.0625	0.0	0.0	0.0	0.0	0.0	0.0	0.0	0.0	0.0	0.0	0.0	0.0	0.0	0.0	0.0	0.0	0.0	0.0	0.0	0.0	0.0	0.0	0.0	0.0	0.0	0.0	0.0	0.0	0.0	0.0	0.0	0.0	
Ring-billed Gull (<em class="sci">Larus delawarensis</em>)	0.0	0.0	0.0	0.1481481	0.0	0.0	0.0	0.0	0.0	0.0	0.0	0.0	0.0	0.0	0.0	0.0	0.0	0.0	0.0	0.0	0.0	0.0	0.0	0.0	0.0	0.0	0.0	0.0	0.0	0.0	0.0	0.0	0.0	0.0	0.0	0.0	0.0	0.0	0.0	0.0	0.0	0.0	0.0	0.0	0.0	0.0	0.0	0.0	
Neotropic Cormorant (<em class="sci">Phalacrocorax brasilianus</em>)	0.0	0.0	0.0	0.0740741	0.0	0.0	0.0	0.0	0.0	0.0	0.0	0.0	0.0	0.0	0.0	0.0	0.0	0.0	0.0	0.0	0.0	0.0	0.0	0.0	0.0	0.0	0.0	0.0	0.0	0.0	0.0	0.0	0.0	0.0	0.0	0.0	0.0	0.0	0.0	0.0	0.0	0.0	0.0	0.0	0.0	0.0	0.0	0.0	
Double-crested Cormorant (<em class="sci">Phalacrocorax auritus</em>)	0.0	0.0	0.0769231	0.1851852	0.0	0.0	0.0833333	0.0	0.0	0.0	0.0	0.0	0.0	0.0	0.0	0.0	0.0909091	0.0	0.0	0.0	0.0	0.0	0.0	0.0	0.0	0.0	0.0	0.0	0.0	0.0	0.0	0.0	0.0	0.0	0.0	0.0	0.0	0.2	0.0	0.0	0.0	0.0	0.0	0.0	0.0	0.0	0.0	0.0	
Great Blue Heron (<em class="sci">Ardea herodias</em>)	0.0	0.0	0.1538462	0.1111111	0.0	0.0	0.1666667	1.0	0.0	0.0	0.0	0.0	0.25	0.0	0.0015	0.125	0.2727273	0.2	0.5	0.3333333	0.4	0.0	0.0	0.0	0.4	0.5	0.0	0.0	0.5	0.0	0.0	0.0	0.0	0.6666667	0.0	0.3333333	0.1428571	0.0	0.0	0.25	0.25	0.25	0.2	0.1428571	0.0	0.0952381	0.2727273	0.0	
Great Egret (<em class="sci">Ardea alba</em>)	0.0	0.1666667	0.3076923	0.1851852	0.0	0.0	0.0833333	0.0	0.0	0.0	0.0	0.0	0.0	0.3333333	0.0	0.0	0.0	0.0	0.0	0.0	0.0	0.0	0.0	0.0	0.0	0.0	0.0	0.0	0.0	0.0	0.0	0.0	0.0	0.6666667	0.0	0.0	0.0	0.0	0.0	0.0	0.0	0.0	0.0	0.0	0.0	0.0	0.0	0.2857143	
Snowy Egret (<em class="sci">Egretta thula</em>)	0.0	0.0833333	0.2307692	0.1851852	0.0	0.0	0.1666667	0.0	0.0	0.0	0.0	0.0	0.0	0.0	0.0015	0.0	0.0	0.0	0.0	0.0	0.0	0.0	0.0	0.5	0.8	0.0	0.0	0.0	0.0	0.0	0.5	0.0	0.3333333	0.0	0.0	0.3333333	0.1428571	0.0	0.0	0.0	0.0	0.0	0.0	0.1428571	0.0	0.0	0.0	0.0	
Little Blue Heron (<em class="sci">Egretta caerulea</em>)	0.0	0.0	0.0	0.0	0.0	0.0	0.0	0.0	0.0	0.0	0.0	0.0	0.0	0.0	0.0	0.0	0.0	0.0	0.0	0.0	0.0	0.0	0.0	0.0	0.4	0.0	0.0	0.0	0.0	0.0	0.0	0.0	0.0	0.0	0.0	0.0	0.0	0.0	0.0	0.0	0.0	0.0	0.0	0.0	0.0	0.0	0.0	0.0	
Green Heron (<em class="sci">Butorides virescens</em>)	0.0	0.0	0.0769231	0.037037	0.0	0.0	0.0	0.0	0.0	0.0	0.0	0.0	0.0	0.3333333	0.0	0.125	0.4545455	0.4	0.0	0.6666667	0.6	0.2	0.4	0.5	0.0	0.5	1.0	0.0	0.5	0.0	0.5	0.5	0.5	1.0	0.0	0.3333333	0.2857143	0.0	0.0	0.0	0.0	0.0	0.0	0.0	0.0	0.0	0.0	0.0	
Yellow-crowned Night-Heron (<em class="sci">Nyctanassa violacea</em>)	0.0	0.0	0.0	0.0	0.0	0.0	0.0	0.0	0.0	0.0	0.0	0.0	0.0	0.0	0.0	0.125	0.0	0.0	0.5	0.0	0.0	0.0	0.0	0.5	0.0	0.5	0.0	0.0	0.0	0.0	0.5	0.0	0.1666667	0.0	0.0	0.3333333	0.0	0.0	0.0	0.0	0.0	0.0	0.0	0.0	0.0	0.0	0.0	0.0	
Black Vulture (<em class="sci">Coragyps atratus</em>)	0.4285714	0.0833333	0.1538462	0.4074074	0.1111111	0.0	0.3333333	0.5	0.0	0.5	1.0	0.25	0.25	0.6666667	0.5	0.0625	0.1818182	0.4	0.0	0.6666667	0.2	0.0	0.0	0.5	0.0	0.5	0.0	0.0	0.5	0.0	0.5	0.5	0.5	0.0	0.0	0.3333333	0.0	0.0	0.25	0.5	0.25	0.125	0.4	0.4285714	0.1666667	0.1904762	0.5454545	0.2857143	
Turkey Vulture (<em class="sci">Cathartes aura</em>)	0.2857143	0.0	0.1538462	0.3333333	0.1111111	0.4	0.3333333	0.0015	0.0	0.5	1.0	0.5	0.5	0.3333333	0.5	0.25	0.2727273	0.4	0.0	0.3333333	0.6	0.2	0.2	1.0	0.0	0.5	0.0	0.0	0.5	0.0	1.0	0.5	0.6666667	1.0	0.0	0.6666667	0.5714286	0.8	0.5	0.5	0.375	0.0	0.0	0.4285714	0.0	0.0952381	0.0909091	0.0	
Osprey (<em class="sci">Pandion haliaetus</em>)	0.0	0.0	0.0	0.0740741	0.0	0.0	0.0	0.0	0.0	0.0	0.0	0.0	0.0	0.0	0.0	0.0	0.0	0.0	0.0	0.0	0.0	0.0	0.0	0.0	0.0	0.0	0.0	0.0	0.0	0.0	0.0	0.0	0.0	0.0	0.0	0.0	0.0	0.0	0.0	0.0	0.0	0.0	0.0	0.0	0.0	0.0	0.0	0.0	
Mississippi Kite (<em class="sci">Ictinia mississippiensis</em>)	0.0	0.0	0.0	0.0	0.0	0.0	0.0	0.0	0.0	0.0	0.0	0.0	0.0	0.0	0.0	0.0	0.0	0.0	0.0	0.0	0.0	0.0	0.0	0.0	0.0	0.0	0.0	0.0	0.0	0.0	0.0	0.0	0.1666667	0.6666667	0.0	0.0	0.0	0.0	0.0	0.0	0.0	0.0	0.0	0.0	0.0	0.0	0.0	0.0	
Sharp-shinned Hawk (<em class="sci">Accipiter striatus</em>)	0.0	0.0	0.0	0.037037	0.0	0.0	0.0	0.0	0.0	0.0	0.0	0.0	0.0	0.0	0.0	0.0625	0.0	0.0	0.0	0.0	0.0	0.0	0.0	0.0	0.0	0.0	0.0	0.0	0.0	0.0	0.0	0.0	0.0	0.0	0.0	0.0	0.0	0.0	0.0	0.0	0.0	0.0	0.0	0.1428571	0.0	0.047619	0.0	0.0	
Cooper's Hawk (<em class="sci">Accipiter cooperii</em>)	0.1428571	0.0	0.1538462	0.1851852	0.0	0.2	0.3333333	0.0	0.25	0.0	0.0	0.25	0.0	0.0	0.0	0.0	0.0	0.0	0.0	0.0	0.0	0.0	0.2	0.0	0.0	0.0	0.0	0.0	0.0	0.0	0.0	0.0	0.1666667	0.0	0.0	0.0015	0.0	0.4	0.125	0.0	0.0	0.125	0.0	0.0	0.0	0.047619	0.0909091	0.1428571	
Sharp-shinned/Cooper's Hawk (<em class="sci">Accipiter striatus/cooperii</em>)	0.0	0.0	0.0	0.0	0.0	0.0	0.0833333	0.0	0.0	0.0	0.0	0.0	0.0	0.0	0.0	0.0	0.0	0.0	0.0	0.0	0.0	0.0	0.0	0.0	0.0	0.0	0.0	0.0	0.0	0.0	0.0	0.0	0.0	0.0	0.0	0.0	0.0	0.0	0.125	0.0	0.0	0.0	0.0	0.0	0.0	0.0	0.0	0.0	
Accipiter sp. (<em class="sci">Accipiter sp.</em>)	0.0	0.0	0.0	0.037037	0.0	0.0	0.0	0.0	0.0	0.0	0.0	0.0	0.0	0.0	0.0	0.0	0.0	0.0	0.0	0.0	0.0	0.0	0.0	0.0	0.0	0.0	0.0	0.0	0.0	0.0	0.0	0.0	0.0	0.0	0.0	0.0	0.0	0.0	0.0	0.0	0.0	0.0	0.0	0.0	0.0	0.0	0.0	0.0	
Red-shouldered Hawk (<em class="sci">Buteo lineatus</em>)	0.1428571	0.1666667	0.0769231	0.1851852	0.0	0.0015	0.25	0.0	0.0015	0.5	0.0	0.25	0.0	0.0	0.5	0.0625	0.0	0.0	0.5	0.0	0.4	0.0	0.0	1.0	0.0	0.0	0.0	0.0	0.5	0.0	1.0	0.5	0.1666667	0.3333333	0.0	0.3333333	0.5714286	0.4	0.25	0.75	0.125	0.25	0.0	0.2857143	0.0	0.1904762	0.1818182	0.0	
Broad-winged Hawk (<em class="sci">Buteo platypterus</em>)	0.0	0.0	0.0	0.0	0.0	0.0	0.0	0.0	0.0	0.0	0.0	0.25	0.0	0.3333333	0.0	0.1875	0.0909091	0.2	0.0	0.0	0.0	0.0	0.0	0.5	0.0	0.0	0.0	0.0	0.5	0.0	0.0	0.0	0.0	0.3333333	0.0	0.0	0.0	0.0	0.0	0.0	0.0	0.0	0.0	0.0	0.0	0.0	0.0	0.0	
Swainson's Hawk (<em class="sci">Buteo swainsoni</em>)	0.0	0.0	0.0	0.0	0.0	0.0	0.0	0.0	0.0	0.0	0.0	0.25	0.0	0.0	0.0	0.0	0.0	0.0	0.0	0.0	0.0	0.0	0.0	0.0	0.0	0.0	0.0	0.0	0.0	0.0	0.0	0.0	0.0	0.0	0.0	0.0	0.0	0.0	0.125	0.0	0.0	0.0	0.0	0.0	0.0	0.0	0.0	0.0	
Red-tailed Hawk (<em class="sci">Buteo jamaicensis</em>)	0.1428571	0.1666667	0.0769231	0.2222222	0.3333333	0.0	0.3333333	0.0015	0.0	0.5	0.0	0.5	0.0	0.3333333	0.0015	0.25	0.0909091	0.2	0.0	0.3333333	0.2	0.6	0.0	0.0	0.0	0.0	0.0	0.0	0.5	0.0	0.5	0.0	0.0	0.0	0.0	0.3333333	0.1428571	0.2	0.5	0.25	0.375	0.0	0.0	0.4285714	0.1666667	0.1904762	0.2727273	0.1428571	
Buteo sp. (<em class="sci">Buteo sp.</em>)	0.0	0.0	0.0769231	0.0	0.0	0.0	0.0	0.5	0.0	0.0	0.0	0.0	0.0	0.0	0.0	0.0625	0.0	0.0	0.0	0.0	0.0	0.0	0.0	0.0	0.0	0.0	0.0	0.0	0.0	0.0	0.0	0.0	0.0	0.0	0.0	0.0	0.0	0.0	0.125	0.0	0.0	0.125	0.0	0.0	0.0	0.047619	0.0	0.0	
hawk sp. (<em class="sci">Accipitridae sp. (hawk sp.)</em>)	0.0	0.0	0.0	0.0	0.0	0.0	0.0	0.0	0.0	0.0	0.0	0.0	0.0	0.0	0.0	0.0	0.0	0.0	0.0	0.0	0.0	0.0	0.0	0.0	0.0	0.0	0.0	0.0	0.0	0.0	0.0	0.0	0.0	0.0	0.0	0.0	0.0	0.0	0.0	0.0	0.125	0.125	0.2	0.0	0.0	0.0	0.0	0.0	
Eastern Screech-Owl (<em class="sci">Megascops asio</em>)	0.0	0.0	0.0	0.037037	0.0	0.0	0.0	0.0	0.0	0.0	0.0	0.0	0.0	0.3333333	0.5	0.0625	0.0909091	0.0	0.0	0.0	0.0	0.0	0.2	0.5	0.0	0.0	0.0	0.0	0.0	0.0	0.0	0.0	0.1666667	0.0	0.0	0.3333333	0.1428571	0.0	0.0	0.0	0.0	0.125	0.0	0.0	0.0	0.0	0.0	0.0	
Great Horned Owl (<em class="sci">Bubo virginianus</em>)	0.0	0.0	0.0769231	0.1481481	0.0	0.0	0.0833333	0.0	0.0	0.0	0.0	0.25	0.0	0.0	0.0	0.0625	0.0909091	0.0	0.0	0.0015	0.0	0.2	0.0	0.5	0.0	0.0	0.0	0.0	0.5	0.0	1.0	0.0	0.3333333	0.0015	0.0	0.3333333	0.2857143	0.2	0.0	0.5	0.125	0.0	0.0	0.0	0.0	0.0	0.0	0.1428571	
Barred Owl (<em class="sci">Strix varia</em>)	0.0	0.0	0.0	0.0	0.0	0.0	0.0	0.0	0.0	0.0	0.0	0.0	0.0	0.0	0.0	0.0	0.0	0.0	0.0	0.0	0.0	0.2	0.0	0.0	0.0	0.0	0.0	0.0	0.0	0.0	0.0	0.0	0.0	0.0	0.0	0.0	0.0	0.0	0.0	0.0	0.0	0.0	0.0	0.0	0.0	0.0	0.0	0.0	
Belted Kingfisher (<em class="sci">Megaceryle alcyon</em>)	0.1428571	0.0833333	0.0	0.1111111	0.0	0.0	0.1666667	0.0	0.0	0.0	0.0	0.0	0.0	0.0	0.0	0.0	0.0	0.0	0.0	0.0	0.0	0.0	0.0	0.0	0.0	0.0	0.0	0.0	0.0	0.0	0.5	0.0	0.0	0.0	0.0	0.0	0.0	0.2	0.0	0.25	0.0	0.0	0.2	0.0	0.0	0.047619	0.0909091	0.0	
Green Kingfisher (<em class="sci">Chloroceryle americana</em>)	0.0	0.0	0.0	0.0	0.0	0.0	0.0	0.0	0.0	0.0	0.0	0.0	0.0	0.0	0.0	0.0	0.0	0.0	0.0	0.0	0.0	0.0	0.0	0.0	0.0	0.0	0.0	0.0	0.0	0.0	0.0	0.0	0.0	0.0	0.0	0.0	0.1428571	0.0	0.0	0.0	0.0	0.0	0.0	0.0	0.0	0.0	0.0	0.0	
Yellow-bellied Sapsucker (<em class="sci">Sphyrapicus varius</em>)	0.0	0.0833333	0.0	0.0	0.0	0.0	0.1666667	0.5	0.0	0.0	0.0	0.25	0.0	0.0	0.0	0.0	0.0	0.0	0.0	0.0	0.0	0.0	0.0	0.0	0.0	0.0	0.0	0.0	0.0	0.0	0.0	0.0	0.0	0.0	0.0	0.0	0.0	0.0	0.0	0.0	0.0	0.0	0.0	0.0	0.0	0.0	0.1818182	0.0	
Golden-fronted Woodpecker (<em class="sci">Melanerpes aurifrons</em>)	0.0	0.0	0.0	0.037037	0.0	0.0	0.0	0.0	0.0	0.5	0.0	0.0	0.0	0.0	0.0	0.0	0.0	0.0	0.0	0.0	0.0	0.0	0.0	0.5	0.2	0.0	0.0	0.0	0.0	0.0	0.0	0.0	0.0	0.0	0.0	0.0	0.0	0.0	0.0	0.0	0.0	0.0	0.0	0.0	0.0	0.0015	0.0	0.0	
Red-bellied Woodpecker (<em class="sci">Melanerpes carolinus</em>)	0.2857143	0.5833333	0.3846154	0.4814815	0.2222222	0.2	0.75	0.5	1.0	1.0	0.0	0.5	0.5	0.6666667	1.0	0.5625	0.3636364	0.6	0.5	0.3333333	0.8	0.6	0.2	0.5	0.0	0.5	0.0	0.0	0.5	0.0	1.0	0.5	0.5	0.6666667	0.0015	0.6666667	0.4285714	0.6	0.375	0.75	0.5	0.25	0.4	0.2857143	0.1666667	0.5238095	0.7272727	0.2857143	
Golden-fronted/Red-bellied Woodpecker (<em class="sci">Melanerpes aurifrons/carolinus</em>)	0.0	0.0	0.0	0.0	0.0	0.0	0.0	0.0	0.0	0.0	0.0	0.0	0.0	0.0	0.0	0.0625	0.0	0.0	0.0	0.0	0.0	0.0	0.2	0.0	0.0	0.0	0.0	0.0	0.0	0.0	0.0	0.0	0.0	0.0	0.0	0.0	0.0	0.0	0.0	0.0	0.0	0.0	0.0	0.0	0.0	0.0	0.0	0.0	
Downy Woodpecker (<em class="sci">Dryobates pubescens</em>)	0.4285714	0.3333333	0.2307692	0.1851852	0.2222222	0.2	0.3333333	0.0	0.25	0.5	0.0	0.0	0.25	0.3333333	0.5	0.3125	0.1818182	0.2	0.0	0.0	0.6	0.2	0.2	0.5	0.6	0.5	1.0	0.0	0.5	0.0	1.0	0.5	0.5	1.0	0.0	0.3333333	0.5714286	0.4	0.125	0.75	0.25	0.125	0.0015	0.1428571	0.0	0.3809524	0.2727273	0.0	
Ladder-backed Woodpecker (<em class="sci">Dryobates scalaris</em>)	0.0	0.0	0.0769231	0.037037	0.1111111	0.0	0.0	0.0	0.0	0.5	0.0	0.0	0.25	0.0	0.0	0.0	0.0	0.0	0.0	0.0	0.0	0.0	0.0	0.0	0.0	0.0	0.0	0.0	0.0	0.0	0.0	0.0	0.0	0.0	0.0	0.3333333	0.0	0.0	0.0	0.0	0.0	0.0	0.0	0.1428571	0.0	0.1428571	0.0909091	0.0	
Dryobates sp. (<em class="sci">Dryobates sp.</em>)	0.0	0.0	0.0	0.037037	0.0	0.0	0.0	0.0	0.0	0.0	0.0	0.0	0.0	0.0	0.0	0.0	0.0	0.0	0.0	0.0	0.0	0.0	0.0	0.0	0.0	0.0	0.0	0.0	0.0	0.0	0.0	0.0	0.0	0.0	0.0	0.0	0.0	0.0	0.0	0.0	0.0	0.0	0.0	0.0	0.0	0.0	0.0	0.0	
Northern Flicker (<em class="sci">Colaptes auratus</em>)	0.0	0.0	0.0	0.037037	0.0	0.0	0.0833333	0.0	0.0	0.0	0.0	0.0	0.0	0.0	0.0	0.0	0.0	0.0	0.0	0.0	0.0	0.0	0.0	0.0	0.0	0.0	0.0	0.0	0.0	0.0	0.0	0.0	0.0	0.0	0.0	0.0	0.0	0.2	0.0	0.0	0.125	0.0	0.2	0.1428571	0.0	0.0015	0.0	0.0	
woodpecker sp. (<em class="sci">Picidae sp.</em>)	0.0	0.0	0.0	0.0	0.0	0.0	0.0	0.0	0.0	0.0	0.0	0.0	0.0	0.0	0.0	0.0	0.0	0.0	0.0	0.0	0.0	0.0	0.0	0.0	0.0	0.0	0.0	0.0	0.0	0.0	0.0	0.0	0.0	0.0	0.0	0.0	0.0	0.0	0.0	0.0	0.125	0.0	0.0	0.0	0.0	0.0	0.0	0.0	
American Kestrel (<em class="sci">Falco sparverius</em>)	0.0	0.0	0.0	0.0	0.0	0.0	0.0	0.0	0.0	0.0	0.0	0.0	0.0	0.0	0.0	0.0	0.0	0.0	0.0	0.0	0.0	0.0	0.0	0.0	0.0	0.0	0.0	0.0	0.0	0.0015	0.0	0.0	0.0	0.0	0.0	0.0	0.0	0.0	0.0	0.5	0.0	0.0	0.0	0.0	0.0	0.047619	0.0	0.0	
Merlin (<em class="sci">Falco columbarius</em>)	0.0	0.0	0.0	0.037037	0.0	0.0	0.0	0.0	0.0	0.0	0.0	0.0	0.0	0.0	0.0	0.0	0.0	0.0	0.0	0.0	0.0	0.0	0.0	0.0	0.0	0.0	0.0	0.0	0.0	0.0	0.0	0.0	0.0	0.0	0.0	0.0	0.0	0.0	0.0	0.0	0.0	0.0	0.0	0.0	0.0	0.0	0.0	0.0	
Peregrine Falcon (<em class="sci">Falco peregrinus</em>)	0.0	0.0	0.0	0.037037	0.0	0.0	0.0	0.0	0.0	0.0	0.0	0.0	0.0	0.0	0.0	0.0	0.0	0.0	0.0	0.0	0.0	0.0	0.0	0.0	0.0	0.0	0.0	0.0	0.0	0.0	0.0	0.0	0.0	0.0	0.0	0.0	0.0	0.0	0.0	0.0	0.0	0.0	0.0	0.0	0.0	0.0	0.0	0.0	
falcon sp. (<em class="sci">Falco sp.</em>)	0.0	0.0	0.0	0.0	0.0	0.2	0.0	0.0	0.0	0.0	0.0	0.0	0.0	0.0	0.0	0.0	0.0	0.0	0.0	0.0	0.0	0.0	0.0	0.0	0.0	0.0	0.0	0.0	0.0	0.0	0.0	0.0	0.0	0.0	0.0	0.0	0.0	0.0	0.0	0.0	0.0	0.0	0.0	0.0	0.0	0.0	0.0	0.0	
Monk Parakeet (<em class="sci">Myiopsitta monachus</em>)	0.1428571	0.0	0.1538462	0.1851852	0.0	0.0	0.1666667	0.0	0.0	0.0	0.0	0.5	0.5	0.0	0.0	0.0625	0.0909091	0.0	0.0	0.0	0.4	0.2	0.0	0.5	0.0	0.5	0.0	0.0	0.5	0.0	1.0	0.5	0.5	0.0	0.0	0.3333333	0.4285714	0.2	0.0	0.5	0.125	0.0	0.0	0.0	0.0	0.047619	0.0909091	0.1428571	
Eastern Wood-Pewee (<em class="sci">Contopus virens</em>)	0.0	0.0	0.0	0.0	0.0	0.0	0.0	0.0	0.0	0.0	0.0	0.0	0.0	0.0	0.0	0.0	0.0	0.2	0.0	0.0	0.0	0.0	0.0	0.0	0.0	0.0	0.0	0.0	0.0	0.0	0.0	0.0	0.0	0.0	0.0	0.0	0.0	0.0	0.0	0.0	0.0	0.0	0.0	0.0	0.0	0.0	0.0	0.0	
Acadian Flycatcher (<em class="sci">Empidonax virescens</em>)	0.0	0.0	0.0	0.0	0.0	0.0	0.0	0.0	0.0	0.0	0.0	0.0	0.0	0.0	0.0	0.0	0.0	0.0	0.0	0.0	0.0	0.0	0.0	0.0	0.0	0.0	0.0	0.0	0.0	0.0	0.5	0.0	0.0	0.0	0.0	0.0	0.0	0.0	0.0	0.0	0.0	0.0	0.0	0.0	0.0	0.0	0.0	0.0	
Willow Flycatcher (<em class="sci">Empidonax traillii</em>)	0.0	0.0	0.0	0.0	0.0	0.0	0.0	0.0	0.0	0.0	0.0	0.0	0.0	0.0	0.0	0.0	0.0909091	0.2	0.0	0.3333333	0.0	0.0	0.0	0.0	0.0	0.0	0.0	0.0	0.0	0.0	0.5	0.0	0.1666667	0.0	0.0	0.0	0.1428571	0.0	0.0	0.0	0.0	0.0	0.0	0.0	0.0	0.0	0.0	0.0	
Least Flycatcher (<em class="sci">Empidonax minimus</em>)	0.0	0.0	0.0	0.0	0.0	0.0	0.0	0.0	0.0	0.0	0.0	0.0	0.0	0.0	0.0	0.0625	0.0	0.0	0.0	0.3333333	0.0	0.0	0.0	0.0	0.0	0.0	1.0	0.0	0.5	0.0015	0.5	0.0	0.0	0.0	0.0	0.3333333	0.1428571	0.0	0.0	0.0	0.0	0.0	0.0	0.0	0.0	0.0	0.0	0.0	
Empidonax sp. (<em class="sci">Empidonax sp.</em>)	0.0	0.0	0.0	0.0	0.0	0.0	0.0	0.0	0.0	0.0	0.0	0.0	0.0	0.0	0.0	0.0625	0.0	0.0	0.0	0.0	0.0	0.0	0.0	0.0	0.0	0.0	0.0	0.0	0.0	0.0	0.5	0.5	0.0	0.0	0.0	0.0	0.0	0.0	0.0	0.0	0.0	0.0	0.0	0.0	0.0	0.0	0.0	0.0	
Eastern Phoebe (<em class="sci">Sayornis phoebe</em>)	0.2857143	0.1666667	0.2307692	0.2592593	0.1111111	0.2	0.4166667	0.5	0.25	0.0	0.0	0.0	0.0	0.3333333	0.5	0.125	0.0909091	0.0	0.5	0.3333333	0.0	0.0	0.2	0.0	0.0	0.0	0.0	0.0	0.0	0.0	0.0	0.0	0.1666667	0.3333333	0.0	0.3333333	0.4285714	0.4	0.5	0.75	0.25	0.375	0.0015	0.5714286	0.3333333	0.3333333	0.3636364	0.4285714	
Vermilion Flycatcher (<em class="sci">Pyrocephalus rubinus</em>)	0.0	0.0	0.0	0.0	0.0	0.0	0.0	0.0	0.0	0.0015	0.0	0.0	0.0	0.0	0.0	0.0	0.0	0.0	0.0	0.0	0.0	0.0	0.0	0.0	0.0	0.0	0.0	0.0	0.0	0.0	0.0	0.0	0.0	0.0	0.0	0.0	0.0	0.0	0.0	0.0	0.0	0.0	0.0	0.0	0.0	0.0	0.0	0.0	
Great Crested Flycatcher (<em class="sci">Myiarchus crinitus</em>)	0.0	0.0	0.0	0.0	0.0	0.0	0.0	0.0	0.0	0.0	0.0	0.25	0.0	0.0	0.5	0.25	0.4545455	0.2	0.0	0.3333333	0.4	0.2	0.0	1.0	0.0	0.0	0.0	0.0	0.5	0.0	0.5	0.0	0.0	0.0	0.0	0.0	0.1428571	0.0	0.0	0.0	0.0	0.0	0.0	0.0	0.0	0.0	0.0	0.0	
Great Kiskadee (<em class="sci">Pitangus sulphuratus</em>)	0.0	0.0	0.0	0.0	0.0	0.0	0.0	0.0	0.0	0.0	0.0	0.0	0.0015	0.0	0.0	0.0	0.0	0.0	0.0	0.0	0.0	0.0	0.0	0.0	0.0	0.0	0.0	0.0	0.0	0.0	0.0	0.0	0.0	0.0	0.0	0.0	0.0	0.0	0.0	0.0	0.0	0.0	0.0	0.0	0.0	0.0	0.0	0.0	
Western Kingbird (<em class="sci">Tyrannus verticalis</em>)	0.0	0.0	0.0	0.0	0.0	0.0	0.0	0.0	0.0	0.0	0.0	0.0	0.0	0.3333333	0.0	0.0625	0.0909091	0.4	0.5	0.0	0.4	0.6	0.4	0.5	0.0	0.5	0.0	0.0	0.5	0.0	0.5	0.0	0.0	0.0	0.0	0.0	0.0	0.0	0.0	0.0	0.0	0.0	0.0	0.0	0.0	0.0	0.0	0.0	
yellow-bellied kingbird sp. (<em class="sci">Tyrannus sp. (yellow-bellied)</em>)	0.0	0.0	0.0	0.0	0.0	0.0	0.0	0.0	0.0	0.0	0.0	0.0	0.0	0.0	0.0	0.0	0.0	0.0	0.0	0.0	0.2	0.0	0.0	0.0	0.0	0.0	0.0	0.0	0.0	0.0	0.0	0.0	0.0	0.0	0.0	0.0	0.0	0.0	0.0	0.0	0.0	0.0	0.0	0.0	0.0	0.0	0.0	0.0	
Eastern Kingbird (<em class="sci">Tyrannus tyrannus</em>)	0.0	0.0	0.0	0.0	0.0	0.0	0.0	0.0	0.0	0.0	0.0	0.0	0.0	0.0	0.0	0.0	0.0	0.0	0.0	0.0	0.0	0.0	0.0	0.5	0.0	0.0	0.0	0.0	0.0	0.0	0.0	0.0	0.0	0.0	0.0	0.0	0.0	0.0	0.0	0.0	0.0	0.0	0.0	0.0	0.0	0.0	0.0	0.0	
White-eyed Vireo (<em class="sci">Vireo griseus</em>)	0.0	0.0	0.0	0.0	0.0	0.0	0.0	0.0	0.0	0.0	0.0	0.25	0.0	0.3333333	0.5	0.25	0.2727273	0.2	0.5	0.0	0.6	0.2	0.0	0.5	0.0	0.5	1.0	0.0	0.5	0.0	1.0	0.5	0.3333333	1.0	0.0	0.3333333	0.1428571	0.0	0.0	0.0	0.0	0.0	0.0	0.0	0.0	0.0	0.0	0.0	
Bell's Vireo (<em class="sci">Vireo bellii</em>)	0.0	0.0	0.0	0.0	0.0	0.0	0.0	0.0	0.0	0.0	0.0	0.0	0.0	0.0	0.0	0.125	0.0	0.0	0.0	0.0	0.0	0.0	0.2	0.0	0.0	0.0	0.0	0.0	0.0	0.0	0.0	0.0	0.0	0.0	0.0	0.0	0.0	0.0	0.0	0.0	0.0	0.0	0.0	0.0	0.0	0.0	0.0	0.0	
Yellow-throated Vireo (<em class="sci">Vireo flavifrons</em>)	0.0	0.0	0.0	0.0	0.0	0.0	0.0	0.0	0.0	0.0	0.0	0.0	0.0	0.0	0.0	0.0	0.0	0.0	0.0	0.0	0.0	0.0	0.0	0.0	0.0	0.0	0.0	0.0	0.0	0.0	0.0	0.0	0.1666667	0.0	0.0	0.0	0.0	0.0	0.0	0.0	0.0	0.0	0.0	0.0	0.0	0.0	0.0	0.0	
Blue-headed Vireo (<em class="sci">Vireo solitarius</em>)	0.0	0.1666667	0.0	0.0	0.0	0.0	0.1666667	0.5	0.0	0.0	0.0	0.0	0.25	0.0	0.5	0.125	0.0	0.0	0.0	0.0	0.0	0.0	0.0	0.0	0.0	0.0	0.0	0.0	0.0	0.0	0.0	0.0	0.0	0.0	0.0	0.3333333	0.1428571	0.0	0.125	0.0	0.125	0.125	0.2	0.1428571	0.0	0.1428571	0.0909091	0.0	
Warbling Vireo (<em class="sci">Vireo gilvus</em>)	0.0	0.0	0.0	0.0	0.0	0.0	0.0	0.0	0.0	0.0	0.0	0.0	0.0	0.0	0.0	0.0625	0.0	0.2	0.0	0.0	0.0	0.0	0.0	0.0	0.0	0.0	0.0	0.0	0.0	0.0	0.0	0.0	0.0	0.0	0.0	0.0	0.0	0.0	0.0	0.0	0.0	0.0	0.0	0.0	0.0	0.0	0.0	0.0	
Red-eyed Vireo (<em class="sci">Vireo olivaceus</em>)	0.0	0.0	0.0	0.0	0.0	0.0	0.0	0.0	0.0	0.0	0.0	0.0	0.0	0.0	0.0	0.0625	0.0	0.0	0.0	0.0	0.0	0.0	0.0	0.0	0.0	0.0	0.0	0.0	0.0	0.0	0.0	0.0	0.0	0.0	0.0	0.0	0.0	0.0	0.0	0.0	0.0	0.0	0.0	0.0	0.0	0.0	0.0	0.0	
Blue Jay (<em class="sci">Cyanocitta cristata</em>)	0.5714286	0.75	0.6923077	0.5555556	0.7777778	0.4	0.9166667	0.5	1.0	1.0	1.0	1.0	0.75	1.0	1.0	0.6875	0.7272727	0.6	0.5	0.6666667	1.0	1.0	0.8	1.0	1.0	1.0	1.0	0.0	0.5	0.0	1.0	0.5	0.8333333	1.0	0.0	1.0	1.0	0.8	0.875	0.75	0.625	0.875	0.8	1.0	0.6666667	0.9047619	0.8181818	0.8571429	
Woodhouse's Scrub-Jay (<em class="sci">Aphelocoma woodhouseii</em>)	0.0	0.0	0.0	0.0	0.0	0.0	0.0	0.0	0.0	0.0	0.0	0.0	0.0	0.0015	0.0	0.0	0.0	0.0	0.0	0.0	0.0	0.0	0.0	0.0	0.0	0.0	0.0	0.0	0.0	0.0	0.0	0.0	0.0	0.0	0.0	0.0	0.0	0.0	0.0	0.0	0.0	0.0	0.0	0.0	0.0	0.0	0.0	0.0	
American Crow (<em class="sci">Corvus brachyrhynchos</em>)	0.0	0.0	0.1538462	0.1111111	0.0	0.0	0.0833333	0.0	0.0	0.0	0.0	0.0	0.0	0.3333333	0.5	0.0	0.0	0.0	0.0	0.0	0.0	0.2	0.0	0.0	0.0	0.0	0.0	0.0	0.0	0.0	0.0	0.0	0.1666667	0.3333333	0.0	0.6666667	0.1428571	0.0	0.125	0.5	0.0	0.0	0.0	0.1428571	0.0	0.047619	0.0	0.0	
Common Raven (<em class="sci">Corvus corax</em>)	0.1428571	0.0	0.0	0.037037	0.0	0.0	0.0	0.0015	0.0	0.0	0.0	0.0	0.0	0.0	0.0	0.0	0.0	0.0	0.0	0.0	0.0	0.0	0.0	0.0	0.0	0.0	0.0	0.0	0.0	0.0	0.0	0.0	0.0	0.0	0.0	0.0	0.0	0.0	0.0	0.0	0.0	0.0	0.0	0.0	0.0	0.0	0.0	0.0	
Carolina Chickadee (<em class="sci">Poecile carolinensis</em>)	0.4285714	0.5833333	0.5384615	0.3703704	0.1111111	0.6	0.75	0.5	1.0	0.5	1.0	0.5	0.5	0.3333333	1.0	0.4375	0.5454545	0.2	0.0	0.0015	0.8	0.6	0.6	1.0	0.4	1.0	1.0	0.0	0.5	0.0	1.0	1.0	0.5	0.6666667	0.0015	1.0	0.8571429	0.4	0.5	0.75	0.375	0.375	0.4	0.4285714	0.1666667	0.5714286	0.5454545	0.4285714	
Black-crested Titmouse (<em class="sci">Baeolophus atricristatus</em>)	0.0	0.0833333	0.2307692	0.0740741	0.1111111	0.2	0.25	0.0	0.25	0.5	0.0	0.25	0.25	0.0	0.0	0.25	0.3636364	0.0	0.0	0.0	0.0	0.0	0.4	0.0	0.6	0.0	0.0	0.0	0.0	0.0	0.0	0.0	0.1666667	0.3333333	0.0	0.3333333	0.0	0.0	0.125	0.0	0.125	0.125	0.4	0.1428571	0.0	0.2857143	0.2727273	0.2857143	
Tufted x Black-crested Titmouse (hybrid) (<em class="sci">Baeolophus bicolor x atricristatus</em>)	0.1428571	0.25	0.1538462	0.3333333	0.2222222	0.2	0.6666667	0.5	0.5	0.0	0.0	0.5	0.5	0.3333333	0.5	0.0625	0.1818182	0.0	0.0	0.0015	0.6	0.2	0.2	0.5	0.0	0.5	0.0	0.0	0.0	0.0	0.5	0.0	0.3333333	0.0	0.0	0.0	0.5714286	0.4	0.375	0.5	0.25	0.25	0.0	0.4285714	0.0	0.2857143	0.1818182	0.1428571	
Tufted/Black-crested Titmouse (<em class="sci">Baeolophus bicolor/atricristatus</em>)	0.0	0.0833333	0.0	0.0	0.0	0.0	0.0	0.0	0.0	0.0	0.0	0.0	0.0	0.0	0.0	0.0625	0.0	0.0	0.0	0.0	0.2	0.0	0.0	0.5	0.0	0.5	0.0	0.0	1.0	0.0	0.5	0.5	0.0	0.3333333	0.0	0.3333333	0.0	0.0	0.0	0.25	0.0	0.0	0.0015	0.0	0.0	0.0	0.0	0.1428571	
Purple Martin (<em class="sci">Progne subis</em>)	0.0	0.0	0.0	0.0	0.0	0.0	0.0	0.5	0.25	1.0	0.0	0.0	0.0	0.0	0.0	0.125	0.3636364	0.6	0.0	0.0	0.6	0.4	0.4	1.0	0.0	1.0	0.0	0.0	0.0	0.0	0.0	0.0	0.0	0.0	0.0	0.0	0.0	0.0	0.0	0.0	0.0	0.0	0.0	0.0	0.0	0.0	0.0	0.0	
Tree Swallow (<em class="sci">Tachycineta bicolor</em>)	0.0	0.0	0.0	0.0	0.0	0.0	0.0	0.0	0.0	0.0	0.0	0.0	0.0	0.0	0.0	0.0	0.0	0.0	0.0	0.0	0.0	0.0	0.0	0.0	0.0	0.0	0.0	0.0	0.0	0.0	0.0	0.0	0.0	0.0	0.0	0.3333333	0.0	0.0	0.0	0.0	0.0	0.0	0.0	0.0	0.0	0.0	0.0	0.0	
Barn Swallow (<em class="sci">Hirundo rustica</em>)	0.0	0.0	0.0	0.0	0.0	0.0	0.0	0.0	0.0	0.0	0.0	0.0	0.25	0.0	0.0	0.4375	0.5454545	0.2	0.0	0.0015	0.6	0.6	0.6	1.0	0.2	0.5	0.0	0.0	0.5	0.0	1.0	0.5	0.1666667	0.0	0.0	0.3333333	0.0	0.0	0.0	0.0	0.0	0.0	0.0	0.0	0.0	0.0	0.0	0.0	
Cliff Swallow (<em class="sci">Petrochelidon pyrrhonota</em>)	0.0	0.0	0.0	0.0	0.0	0.0	0.0	0.0	0.0	0.0	0.0	0.0	0.0	0.3333333	0.0	0.25	0.0909091	0.4	0.0	0.0	0.0	0.0	0.0	0.0	0.0	0.0	0.0	0.0	0.0	0.0	0.0	0.0	0.0	0.0	0.0	0.0	0.0	0.0	0.0	0.0	0.0	0.0	0.0	0.0	0.0	0.0	0.0	0.0	
Cave Swallow (<em class="sci">Petrochelidon fulva</em>)	0.0	0.0	0.0	0.0	0.0	0.0	0.0	0.0	0.0	0.0	0.0	0.0	0.0	0.0015	0.5	0.125	0.2727273	0.0	0.0	0.0	0.8	0.4	0.4	1.0	0.0	0.5	1.0	0.0	0.5	0.0	1.0	0.5	0.3333333	0.0	0.0	0.3333333	0.1428571	0.2	0.0	0.0	0.0	0.0	0.0	0.0	0.0	0.047619	0.0	0.0	
Cliff/Cave Swallow (<em class="sci">Petrochelidon pyrrhonota/fulva</em>)	0.0	0.0	0.0	0.0	0.0	0.0	0.0	0.5	0.0	0.0	0.0	0.0	0.25	0.0	0.0	0.0625	0.0	0.0	0.0	0.3333333	0.0	0.0	0.0	0.0	0.0	0.5	0.0	0.0	0.0	0.0	0.0	0.0	0.0	0.0	0.0	0.0	0.0	0.0	0.0	0.0	0.0	0.0	0.0	0.0	0.0	0.0	0.0	0.0	
swallow sp. (<em class="sci">Hirundinidae sp.</em>)	0.0	0.0	0.0	0.0	0.0	0.0	0.0	0.0	0.0	0.0	0.0	0.0	0.0	0.0	0.5	0.0	0.0	0.0	0.0	0.0	0.0	0.2	0.0	0.0	0.0	0.0	0.0	0.0	0.0	0.0	0.0	0.0	0.0	0.0	0.0	0.0	0.0	0.0	0.0	0.0	0.0	0.0	0.0	0.0	0.0	0.0	0.0	0.0	
Golden-crowned Kinglet (<em class="sci">Regulus satrapa</em>)	0.0	0.0	0.0	0.0740741	0.0	0.0	0.1666667	0.5	0.0	0.5	0.0	0.0	0.0	0.0	0.0	0.0	0.0	0.0	0.0	0.0	0.0	0.0	0.0	0.0	0.0	0.0	0.0	0.0	0.0	0.0	0.0	0.0	0.0	0.0	0.0	0.0	0.0	0.0	0.0	0.0	0.125	0.125	0.0	0.0	0.0	0.1904762	0.1818182	0.0	
Ruby-crowned Kinglet (<em class="sci">Regulus calendula</em>)	0.4285714	0.5833333	0.3846154	0.5925926	0.4444444	0.2	0.6666667	1.0	0.75	0.5	1.0	0.0	0.25	0.3333333	0.5	0.0	0.0	0.0	0.0	0.0	0.0	0.0	0.0	0.0	0.0	0.0	0.0	0.0	0.0	0.0	0.0	0.0	0.0	0.0	0.0	0.0	0.2857143	0.0	0.5	0.75	0.5	0.375	0.0015	0.5714286	0.1666667	0.7619048	1.0	0.4285714	
Brown Creeper (<em class="sci">Certhia americana</em>)	0.0	0.0	0.0769231	0.0	0.0	0.0	0.0	0.0	0.0	0.0	0.0	0.0	0.0	0.0	0.0	0.0	0.0	0.0	0.0	0.0	0.0	0.0	0.0	0.0	0.0	0.0	0.0	0.0	0.0	0.0	0.0	0.0	0.0	0.0	0.0	0.0	0.0	0.0	0.0	0.0	0.0	0.0	0.0	0.1428571	0.0	0.047619	0.0	0.0	
Blue-gray Gnatcatcher (<em class="sci">Polioptila caerulea</em>)	0.0	0.0	0.0	0.0	0.0	0.0	0.0	0.0	0.0	0.5	1.0	0.0	0.5	0.3333333	0.0	0.0	0.0	0.0	0.0	0.0	0.0	0.0	0.0	0.5	0.0	0.0	0.0	0.0	0.0	0.0	0.0	0.0	0.1666667	0.3333333	0.0	0.6666667	0.0	0.2	0.0	0.0	0.0	0.0	0.0	0.2857143	0.0	0.047619	0.0909091	0.0	
House Wren (<em class="sci">Troglodytes aedon</em>)	0.0	0.0833333	0.0769231	0.0740741	0.0	0.0	0.0	0.0	0.25	0.0	0.0	0.0	0.0	0.0	0.0	0.0625	0.0	0.0	0.0	0.0	0.0	0.0	0.0	0.0	0.0	0.0	0.0	0.0	0.0	0.0	0.0	0.0	0.0	0.0	0.0	0.0	0.0	0.0	0.0	0.0	0.125	0.0	0.0	0.0	0.0	0.047619	0.1818182	0.0	
Winter Wren (<em class="sci">Troglodytes hiemalis</em>)	0.0	0.0	0.0	0.037037	0.0	0.0	0.0	0.0	0.0	0.0	0.0	0.0	0.0	0.0	0.0	0.0	0.0	0.0	0.0	0.0	0.0	0.0	0.0	0.0	0.0	0.0	0.0	0.0	0.0	0.0	0.0	0.0	0.0	0.0	0.0	0.0	0.0	0.0	0.0	0.0	0.0	0.0	0.0	0.0	0.0	0.0015	0.0	0.0	
Carolina Wren (<em class="sci">Thryothorus ludovicianus</em>)	0.4285714	0.8333333	0.4615385	0.5555556	0.4444444	0.8	0.8333333	1.0	1.0	1.0	1.0	1.0	0.75	1.0	1.0	0.6875	0.7272727	0.2	1.0	0.3333333	0.8	0.8	0.8	1.0	1.0	1.0	1.0	0.0	1.0	0.0	1.0	1.0	0.6666667	1.0	0.0015	1.0	0.8571429	0.8	0.75	0.75	0.5	0.125	0.4	0.5714286	0.3333333	0.5714286	0.8181818	0.8571429	
Bewick's Wren (<em class="sci">Thryomanes bewickii</em>)	0.0	0.0	0.0	0.0740741	0.0	0.0	0.0	0.5	0.25	0.0	0.0	0.0	0.0	0.0	0.0015	0.0	0.0	0.0	0.0	0.0	0.0	0.0	0.0	0.0	0.0	0.0	0.0	0.0	0.0	0.0	0.0	0.0	0.0	0.0	0.0	0.0	0.0	0.0	0.0	0.0	0.0	0.0	0.0	0.0	0.0	0.0	0.0	0.1428571	
European Starling (<em class="sci">Sturnus vulgaris</em>)	0.1428571	0.25	0.3846154	0.4074074	0.2222222	0.0	0.6666667	1.0	0.5	1.0	1.0	0.5	0.25	0.6666667	0.5	0.625	0.7272727	0.8	0.0	0.0015	0.8	0.8	0.8	0.5	0.2	0.5	1.0	0.0	0.5	0.0	0.5	0.5	0.3333333	0.3333333	0.0	0.3333333	0.5714286	0.8	0.375	0.25	0.25	0.0	0.0	0.0	0.0	0.047619	0.0909091	0.4285714	
Gray Catbird (<em class="sci">Dumetella carolinensis</em>)	0.0	0.0	0.0769231	0.0	0.0	0.0	0.0	0.0	0.0	0.0	0.0	0.0	0.0	0.0	0.0	0.0	0.0909091	0.0	0.0	0.0	0.0	0.0	0.0	0.0	0.0	0.0	0.0	0.0	0.0	0.0	0.0	0.0	0.0	0.0	0.0	0.0	0.0	0.0015	0.0	0.25	0.0	0.0	0.0	0.0	0.0	0.0	0.0	0.0	
Northern Mockingbird (<em class="sci">Mimus polyglottos</em>)	0.5714286	0.5833333	0.4615385	0.6296296	0.5555556	0.6	0.9166667	1.0	0.75	1.0	0.0	0.75	0.75	1.0	1.0	0.75	0.8181818	0.2	1.0	0.3333333	1.0	0.8	0.8	1.0	1.0	0.5	1.0	0.0	0.5	0.0	1.0	0.5	0.6666667	0.6666667	0.0	0.6666667	1.0	0.8	0.75	0.75	0.5	0.625	0.4	0.5714286	0.5	0.7142857	0.5454545	0.8571429	
Eastern Bluebird (<em class="sci">Sialia sialis</em>)	0.0	0.0	0.0	0.0	0.0	0.0	0.0	0.0	0.0	0.0	0.0	0.25	0.0	0.0	0.0	0.0	0.0	0.0	0.0	0.0	0.0	0.0	0.0	0.0	0.0	0.0	0.0	0.0	0.0	0.0	0.0	0.0	0.0	0.0	0.0	0.0	0.0	0.0	0.0	0.0	0.0	0.0	0.0	0.0	0.0	0.0	0.0	0.0	
Swainson's Thrush (<em class="sci">Catharus ustulatus</em>)	0.0	0.0	0.0	0.0	0.0	0.0	0.0	0.0	0.0	0.0	0.0	0.0	0.0	0.0	0.0	0.0625	0.0	0.0	0.0	0.0	0.0	0.0	0.0	0.0	0.0	0.0	0.0	0.0	0.0	0.0	0.0	0.0	0.0	0.0	0.0	0.0	0.0	0.0	0.0	0.0	0.0	0.0	0.0	0.0	0.0	0.0	0.0	0.0	
Hermit Thrush (<em class="sci">Catharus guttatus</em>)	0.0	0.0833333	0.0	0.037037	0.0	0.0	0.1666667	0.0	0.0	0.0	0.0	0.0	0.0	0.0	0.0	0.0	0.0	0.0	0.0	0.0	0.0	0.0	0.0	0.0	0.0	0.0	0.0	0.0	0.0	0.0	0.0	0.0	0.0	0.0	0.0	0.0	0.0	0.0	0.0	0.25	0.0	0.0	0.0	0.0	0.0	0.0	0.0909091	0.0	
American Robin (<em class="sci">Turdus migratorius</em>)	0.0	0.0	0.0769231	0.0740741	0.1111111	0.0015	0.25	0.5	0.25	0.0	0.0	0.0	0.0	0.0	0.0	0.0	0.0	0.0	0.0	0.0	0.0	0.0	0.0	0.0	0.0	0.0	0.0	0.0	1.0	0.0	0.5	0.5	0.0	0.0	0.0	0.0	0.0	0.0	0.125	0.0	0.0	0.0	0.0	0.0	0.0	0.0015	0.0	0.0	
Cedar Waxwing (<em class="sci">Bombycilla cedrorum</em>)	0.2857143	0.25	0.3076923	0.4074074	0.4444444	0.0	0.5833333	0.5	1.0	0.5	1.0	0.5	0.75	0.3333333	0.5	0.25	0.1818182	0.0	0.0	0.0	0.0	0.0	0.0	0.0	0.0	0.0	0.0	0.0	0.0	0.0	0.0	0.0	0.0	0.0	0.0	0.0	0.0	0.0	0.0	0.0	0.0	0.0	0.0	0.0	0.0	0.3333333	0.4545455	0.4285714	
House Sparrow (<em class="sci">Passer domesticus</em>)	0.2857143	0.5	0.6153846	0.6666667	0.3333333	0.8	0.9166667	0.5	1.0	1.0	0.0	0.5	0.5	1.0	1.0	0.75	0.7272727	0.2	0.5	0.3333333	1.0	0.8	0.8	1.0	1.0	1.0	1.0	0.0	0.5	0.0	1.0	0.5	0.5	0.6666667	0.0	0.3333333	0.5714286	0.4	0.0	0.75	0.125	0.125	0.6	0.2857143	0.1666667	0.2857143	0.4545455	0.1428571	
House Finch (<em class="sci">Haemorhous mexicanus</em>)	0.1428571	0.5833333	0.6153846	0.4444444	0.1111111	0.0	0.6666667	0.0	1.0	0.5	0.0	0.5	0.5	0.3333333	1.0	0.25	0.3636364	0.2	0.0	0.0	1.0	0.2	0.6	1.0	0.4	0.5	1.0	0.0	0.5	0.0	1.0	0.5	0.5	0.6666667	0.0	0.6666667	0.5714286	0.6	0.625	0.75	0.375	0.25	0.2	0.4285714	0.5	0.4761905	0.4545455	0.5714286	
Pine Siskin (<em class="sci">Spinus pinus</em>)	0.0	0.25	0.3846154	0.1111111	0.1111111	0.0	0.0	0.0	0.0	0.0	0.0	0.0	0.0	0.0	0.0	0.0	0.0	0.0	0.0	0.0	0.0	0.0	0.0	0.0	0.0	0.0	0.0	0.0	0.0	0.0	0.0	0.0	0.0	0.0	0.0	0.0	0.0	0.0	0.0	0.0	0.125	0.0	0.0	0.0	0.0	0.4285714	0.2727273	0.4285714	
Lesser Goldfinch (<em class="sci">Spinus psaltria</em>)	0.2857143	0.5	0.6153846	0.5185185	0.4444444	0.6	0.75	1.0	1.0	0.5	1.0	0.5	0.5	0.6666667	1.0	0.625	0.2727273	0.2	0.5	0.3333333	0.8	0.2	0.2	0.5	0.0	1.0	1.0	0.0	0.5	0.0	1.0	0.5	0.5	1.0	0.0	0.6666667	0.8571429	0.6	0.125	0.75	0.375	0.25	0.0	0.1428571	0.0	0.3333333	0.3636364	0.1428571	
American Goldfinch (<em class="sci">Spinus tristis</em>)	0.2857143	0.4166667	0.3846154	0.4444444	0.3333333	0.0	0.4166667	0.5	0.25	0.5	0.0	0.5	0.5	0.0	0.5	0.0	0.0909091	0.0	0.0	0.0	0.0	0.0	0.0	0.0	0.0	0.0	0.0	0.0	0.0	0.0	0.0	0.0	0.0	0.0	0.0	0.0	0.0	0.0	0.0	0.0	0.0	0.0	0.0	0.1428571	0.0	0.5238095	0.4545455	0.1428571	
Grasshopper Sparrow (<em class="sci">Ammodramus savannarum</em>)	0.0	0.0	0.0	0.0	0.0	0.0	0.0	0.0	0.0	0.0	0.0	0.0	0.0	0.0	0.0	0.0	0.0	0.0	0.0	0.0	0.0	0.0	0.0	0.0	0.0	0.0	0.0	0.0	0.0	0.0	0.0	0.0	0.0	0.0	0.0	0.0	0.2857143	0.0	0.0	0.0	0.0	0.0	0.0	0.0	0.0	0.0	0.0	0.0	
Chipping Sparrow (<em class="sci">Spizella passerina</em>)	0.0	0.0	0.0	0.0740741	0.0	0.2	0.0	0.5	0.5	0.5	0.0	0.0	0.25	0.0	0.0	0.0	0.0	0.2	0.0	0.0	0.0	0.0	0.0	0.0	0.0	0.0	0.0	0.0	0.0	0.0	0.0	0.0	0.0	0.0	0.0	0.0	0.2857143	0.4	0.0	0.25	0.125	0.0	0.0	0.0	0.0	0.1428571	0.0909091	0.0	
Clay-colored Sparrow (<em class="sci">Spizella pallida</em>)	0.0	0.0	0.0	0.0	0.0	0.0	0.0	0.0	0.0	0.0	0.0	0.0	0.0	0.3333333	0.5	0.0625	0.0	0.0	0.0	0.0	0.0	0.0	0.0	0.0	0.0	0.0	0.0	0.0	0.0	0.0	0.0	0.0	0.0	0.0	0.0	0.0	0.0	0.0	0.125	0.0	0.0	0.0	0.0	0.0	0.0	0.0	0.0	0.0	
Field Sparrow (<em class="sci">Spizella pusilla</em>)	0.0	0.0	0.0	0.0	0.0	0.2	0.1666667	0.5	0.0	0.5	0.0	0.0	0.0	0.0	0.0	0.0	0.0	0.0	0.0	0.0	0.0	0.0	0.0	0.0	0.0	0.0	0.0	0.0	0.0	0.0	0.0	0.0	0.0	0.0	0.0	0.0	0.0	0.0	0.0	0.0	0.0	0.0	0.0	0.0	0.0	0.0952381	0.0	0.0	
Lark Sparrow (<em class="sci">Chondestes grammacus</em>)	0.0	0.0	0.0	0.0	0.0	0.0	0.0	0.0	0.0	0.0	0.0	0.0	0.0	0.0	0.0	0.0625	0.0909091	0.2	0.0	0.0	0.0	0.0	0.0	0.0	0.0	0.0	0.0	0.0	0.0	0.0	0.0	0.0	0.0	0.0	0.0	0.0	0.0	0.0	0.0	0.0	0.0	0.0	0.0	0.0	0.0	0.0	0.0	0.0	
Fox Sparrow (<em class="sci">Passerella iliaca</em>)	0.0	0.0	0.0	0.0	0.0	0.0	0.0833333	0.0	0.0	0.0	0.0	0.0	0.0	0.0	0.0	0.0	0.0	0.0	0.0	0.0	0.0	0.0	0.0	0.0	0.0	0.0	0.0	0.0	0.0	0.0	0.0	0.0	0.0	0.0	0.0	0.0	0.0	0.0	0.0	0.0	0.0	0.0	0.0	0.0	0.0	0.0	0.0	0.0	
Dark-eyed Junco (<em class="sci">Junco hyemalis</em>)	0.0	0.0	0.0	0.0	0.0	0.0	0.0833333	0.0	0.0	0.0	0.0	0.0	0.0	0.0	0.0	0.0	0.0	0.0	0.0	0.0	0.0	0.0	0.0	0.0	0.0	0.0	0.0	0.0	0.0	0.0	0.0	0.0	0.0	0.0	0.0	0.0	0.0	0.0	0.0	0.0	0.0	0.0	0.0	0.0	0.0	0.047619	0.0	0.0	
White-crowned Sparrow (<em class="sci">Zonotrichia leucophrys</em>)	0.0	0.0	0.0	0.0	0.0	0.0	0.0	0.0	0.0	0.0	0.0	0.0	0.0	0.0	0.0	0.0625	0.0	0.0	0.0	0.0	0.0	0.0	0.0	0.0	0.0	0.0	0.0	0.0	0.0	0.0	0.0	0.0	0.0	0.0	0.0	0.0	0.0	0.2	0.0	0.0	0.0	0.0	0.0	0.1428571	0.0	0.0	0.0	0.0	
White-throated Sparrow (<em class="sci">Zonotrichia albicollis</em>)	0.1428571	0.0	0.1538462	0.2962963	0.2222222	0.0	0.1666667	0.0	0.0	0.0	0.0	0.0	0.0	0.0	0.0	0.0	0.0	0.0	0.0	0.0	0.0	0.0	0.0	0.0	0.0	0.0	0.0	0.0	0.0	0.0	0.0	0.0	0.0	0.0	0.0	0.0	0.0	0.0	0.0	0.5	0.125	0.125	0.0	0.1428571	0.0	0.1904762	0.2727273	0.0	
Vesper Sparrow (<em class="sci">Pooecetes gramineus</em>)	0.0	0.0	0.0	0.0	0.0	0.0	0.0	0.0	0.0	0.0	0.0	0.0	0.0	0.0	0.0	0.0	0.0	0.0	0.0	0.0	0.0	0.0	0.0	0.0	0.0	0.0	0.0	0.0	0.0	0.0	0.0	0.0	0.0	0.0	0.0	0.0	0.0	0.2	0.0	0.0	0.0	0.0	0.0	0.0	0.0	0.047619	0.0	0.0	
Savannah Sparrow (<em class="sci">Passerculus sandwichensis</em>)	0.0	0.0	0.0	0.0	0.0	0.0	0.0	0.0	0.25	0.0	0.0	0.0	0.0	0.0	0.0	0.0	0.0	0.0	0.0	0.0	0.0	0.0	0.0	0.0	0.0	0.0	0.0	0.0	0.0	0.0	0.0	0.0	0.0	0.0	0.0	0.0	0.0	0.0	0.0	0.25	0.0	0.0	0.0	0.0	0.0	0.0	0.0	0.0	
Song Sparrow (<em class="sci">Melospiza melodia</em>)	0.0	0.0833333	0.0	0.1481481	0.1111111	0.0	0.1666667	0.5	0.25	0.0	0.0	0.0	0.0	0.0	0.0	0.0	0.0	0.0	0.0	0.0	0.0	0.0	0.0	0.0	0.0	0.0	0.0	0.0	0.0	0.0	0.0	0.0	0.0	0.0	0.0	0.0	0.0	0.0	0.0	0.25	0.0	0.0	0.0	0.0	0.0	0.0952381	0.0909091	0.0	
Lincoln's Sparrow (<em class="sci">Melospiza lincolnii</em>)	0.0	0.3333333	0.0769231	0.2222222	0.0	0.0	0.0	0.0	0.0	0.0	0.0	0.25	0.0	0.3333333	0.5	0.125	0.0	0.0	0.0	0.0	0.0	0.0	0.0	0.0	0.0	0.0	0.0	0.0	0.0	0.0	0.0	0.0	0.0	0.0	0.0	0.0	0.4285714	0.4	0.125	0.25	0.125	0.0	0.0	0.1428571	0.0	0.1428571	0.1818182	0.1428571	
Spotted Towhee (<em class="sci">Pipilo maculatus</em>)	0.0	0.0	0.0769231	0.0740741	0.0	0.0	0.0833333	0.0	0.0	0.0	0.0	0.0	0.0	0.0	0.0	0.0	0.0	0.0	0.0	0.0	0.0	0.0	0.0	0.0	0.0	0.0	0.0	0.0	0.0	0.0	0.0	0.0	0.0	0.0	0.0	0.0	0.0	0.0	0.0	0.0	0.0	0.0	0.0	0.1428571	0.0	0.0	0.0	0.0	
sparrow sp. (<em class="sci">Passerellidae sp. (sparrow sp.)</em>)	0.2857143	0.1666667	0.0	0.0	0.0	0.0	0.0	0.0	0.0	0.0	0.0	0.0	0.0	0.0	0.0	0.0	0.0	0.0	0.0	0.0	0.0	0.0	0.0	0.0	0.0	0.0	0.0	0.0	0.0	0.0	0.0	0.0	0.0	0.0	0.0	0.0	0.0	0.0	0.0	0.0	0.0	0.125	0.0	0.0	0.0	0.0	0.0	0.0	
Yellow-breasted Chat (<em class="sci">Icteria virens</em>)	0.0	0.0	0.0	0.0	0.0	0.0	0.0	0.0	0.0	0.0	0.0	0.0	0.0	0.3333333	0.0	0.25	0.0	0.0	0.0	0.0	0.0	0.0	0.0	0.0	0.0	0.0	0.0	0.0	0.0	0.0	0.0	0.0	0.0	0.0	0.0	0.0	0.0	0.0	0.0	0.0	0.0	0.0	0.0	0.0	0.0	0.0	0.0	0.0	
Yellow-headed Blackbird (<em class="sci">Xanthocephalus xanthocephalus</em>)	0.0	0.0	0.0	0.0	0.0	0.0	0.0	0.0	0.0	0.0	0.0	0.0	0.0	0.0	0.0	0.0	0.0	0.0	0.0	0.0	0.0	0.0	0.0	0.0	0.0	0.0	0.0	0.0	0.0	0.0	0.0	0.0	0.0	0.3333333	0.0	0.0	0.0	0.0	0.0	0.0	0.0	0.0	0.0	0.0	0.0	0.0	0.0	0.0	
Western Meadowlark (<em class="sci">Sturnella neglecta</em>)	0.0	0.0	0.0	0.0	0.0	0.0	0.0	0.0	0.0	0.0	0.0	0.0	0.0	0.0	0.0	0.0	0.0	0.0	0.0	0.0	0.0	0.0	0.0	0.0	0.0	0.0	0.0	0.0	0.0	0.0	0.0	0.0	0.0	0.0	0.0	0.0	0.0	0.2	0.25	0.5	0.0	0.0	0.0	0.0	0.0	0.0	0.0	0.0	
Orchard Oriole (<em class="sci">Icterus spurius</em>)	0.0	0.0	0.0	0.0	0.0	0.0	0.0	0.0	0.0	0.0	0.0	0.0	0.0	0.0	0.0	0.0	0.0909091	0.2	0.0	0.0	0.0	0.0	0.0	0.0	0.0	0.0	0.0	0.0	0.0	0.0	0.5	0.0	0.1666667	0.0	0.0	0.0	0.0	0.0	0.0	0.0	0.0	0.0	0.0	0.0	0.0	0.0	0.0	0.0	
Baltimore Oriole (<em class="sci">Icterus galbula</em>)	0.0	0.0	0.0	0.0	0.0	0.0	0.0	0.0	0.0	0.0	0.0	0.0	0.0	0.0	0.0	0.125	0.1818182	0.2	0.0	0.0	0.0	0.0	0.0	0.0	0.0	0.0	0.0	0.0	0.0	0.0	0.0	0.0	0.0015	0.0	0.0	0.3333333	0.1428571	0.0	0.0	0.0	0.0	0.0	0.0	0.0	0.0	0.0	0.0	0.0	
Red-winged Blackbird (<em class="sci">Agelaius phoeniceus</em>)	0.0	0.0833333	0.0769231	0.2222222	0.0	0.0	0.3333333	0.0	0.0	0.0	0.0	0.5	0.5	0.0	0.5	0.0625	0.0909091	0.0	0.0	0.0	0.0	0.0	0.0	0.0	0.0	0.0	0.0	0.0	0.0	0.0	0.0	0.0	0.0	0.0	0.0	0.3333333	0.2857143	0.0	0.0	0.25	0.0	0.0	0.0	0.0	0.0	0.0	0.0	0.0	
Bronzed Cowbird (<em class="sci">Molothrus aeneus</em>)	0.0	0.0	0.0	0.0	0.0	0.0	0.0	0.0	0.0	0.0	0.0	0.0	0.0	0.0	0.0	0.0	0.0909091	0.0	0.0	0.0	0.4	0.0	0.2	0.5	0.0	0.5	0.0	0.0	0.0	0.0	0.0	0.0	0.0	0.0	0.0	0.0	0.0	0.0	0.0	0.0	0.0	0.0	0.0	0.0	0.0	0.0	0.0	0.0	
Brown-headed Cowbird (<em class="sci">Molothrus ater</em>)	0.0	0.0	0.0	0.0	0.0	0.0	0.0	0.0	0.0	0.0	0.0	0.0	0.0	0.0	0.0	0.0	0.0	0.0	0.0	0.0	0.4	0.0	0.0	0.0	0.0	0.0	0.0	0.0	0.0	0.0	0.0	0.0	0.0	0.0	0.0	0.0	0.0	0.0	0.0	0.0	0.0	0.0	0.0	0.0	0.0	0.0	0.0	0.0	
Common Grackle (<em class="sci">Quiscalus quiscula</em>)	0.0	0.0	0.0	0.0	0.0	0.0	0.0	0.0	0.0	0.0	0.0	0.0	0.0	0.0	0.0	0.0	0.0909091	0.4	0.0	0.0	0.0	0.2	0.0	0.0	0.0	0.0	0.0	0.0	0.0	0.0	0.0	0.0	0.0	0.0015	0.0	0.0	0.0	0.2	0.0	0.0	0.0	0.0	0.0	0.1428571	0.0	0.0	0.0	0.0	
Great-tailed Grackle (<em class="sci">Quiscalus mexicanus</em>)	0.4285714	0.4166667	0.4615385	0.4814815	0.2222222	0.4	0.8333333	0.5	0.75	1.0	0.0	0.75	0.75	1.0	1.0	0.75	0.7272727	0.6	0.5	0.3333333	1.0	1.0	0.8	1.0	1.0	1.0	1.0	0.0	1.0	0.0	1.0	0.5	0.8333333	0.3333333	0.0	0.6666667	0.5714286	0.6	0.625	0.75	0.75	0.5	0.2	0.4285714	0.3333333	0.2857143	0.4545455	0.2857143	
grackle sp. (<em class="sci">Quiscalus sp.</em>)	0.0	0.0	0.0	0.037037	0.0	0.0	0.0	0.0	0.0	0.0	0.0	0.0	0.0	0.0	0.0	0.0	0.0	0.0	0.0	0.0	0.0	0.0	0.0	0.0	0.0	0.0	0.0	0.0	0.0	0.0	0.0	0.0	0.0	0.0	0.0	0.0	0.0	0.0	0.0	0.0	0.0	0.0	0.0	0.0	0.0	0.0	0.0	0.0	
Louisiana Waterthrush (<em class="sci">Parkesia motacilla</em>)	0.0	0.0	0.0	0.0	0.0	0.0	0.0	0.0	0.0	0.0	0.0	0.0	0.0	0.0	0.0	0.0	0.0	0.0	0.0	0.0	0.0	0.0	0.0	0.0	0.0	0.0	1.0	0.0	0.5	0.0	0.0	0.5	0.0	0.0	0.0	0.0	0.0	0.0	0.0	0.0	0.0	0.0	0.0	0.0	0.0	0.0	0.0	0.0	
Northern Waterthrush (<em class="sci">Parkesia noveboracensis</em>)	0.0	0.0	0.0	0.0	0.0	0.0	0.0	0.0	0.0	0.0	0.0	0.0	0.0	0.0	0.0	0.0	0.0	0.0	0.0	0.0	0.0	0.0	0.0	0.0	0.0	0.0	0.0	0.0	0.0	0.0	0.0	0.0	0.1666667	0.0	0.0	0.3333333	0.0	0.0	0.0	0.0	0.0	0.0	0.0	0.0	0.0	0.0	0.0	0.0	
Black-and-white Warbler (<em class="sci">Mniotilta varia</em>)	0.0	0.0	0.0	0.0	0.0	0.0	0.0	0.0	0.0	0.0	0.0	0.0	0.0	0.0	0.0	0.0625	0.0	0.0	0.0	0.0	0.0	0.0	0.0	0.0	0.0	0.0	0.0	0.0	0.0	0.0	0.0	0.0	0.1666667	0.0	0.0	0.3333333	0.1428571	0.0	0.0	0.0	0.0	0.0	0.0	0.0	0.0	0.0	0.0	0.0	
Tennessee Warbler (<em class="sci">Leiothlypis peregrina</em>)	0.0	0.0	0.0	0.0	0.0	0.0	0.0	0.0	0.0	0.0	0.0	0.0	0.0	0.0	0.0	0.0625	0.0	0.0	0.0	0.0	0.0	0.0	0.0	0.0	0.0	0.0	0.0	0.0	0.0	0.0	0.0	0.0	0.0	0.0	0.0	0.0	0.0	0.0	0.0	0.0	0.0	0.0	0.0	0.0	0.0	0.0	0.0	0.0	
Orange-crowned Warbler (<em class="sci">Leiothlypis celata</em>)	0.2857143	0.4166667	0.1538462	0.4814815	0.3333333	0.6	0.6666667	1.0	0.5	0.5	1.0	0.0	0.5	0.6666667	0.5	0.125	0.0909091	0.0	0.0	0.0	0.0	0.0	0.0	0.0	0.0	0.0	0.0	0.0	0.0	0.0	0.0	0.0	0.0	0.0	0.0	0.0	0.4285714	0.4	0.125	0.75	0.25	0.25	0.0	0.5714286	0.3333333	0.4761905	0.7272727	0.2857143	
Nashville Warbler (<em class="sci">Leiothlypis ruficapilla</em>)	0.0	0.0	0.0	0.0	0.0	0.0	0.0	0.0	0.0	0.0	0.0	0.0	0.0	0.0	0.5	0.3125	0.1818182	0.2	0.0	0.0	0.0	0.0	0.0	0.0	0.0	0.0	0.0	0.0	0.0	0.0	0.0	0.0	0.0	0.0	0.0	0.0	0.4285714	0.2	0.25	0.75	0.25	0.0	0.0	0.0	0.0	0.0	0.0	0.0	
Connecticut Warbler (<em class="sci">Oporornis agilis</em>)	0.0	0.0	0.0	0.0	0.0	0.0	0.0	0.0	0.0	0.0	0.0	0.0	0.0	0.0	0.0	0.0	0.0	0.2	0.0	0.0	0.0	0.0	0.0	0.0	0.0	0.0	0.0	0.0	0.0	0.0	0.0	0.0	0.0	0.0	0.0	0.0	0.0	0.0	0.0	0.0	0.0	0.0	0.0	0.0	0.0	0.0	0.0	0.0	
Mourning Warbler (<em class="sci">Geothlypis philadelphia</em>)	0.0	0.0	0.0	0.0	0.0	0.0	0.0	0.0	0.0	0.0	0.0	0.0	0.0	0.0	0.0	0.0	0.0	0.0	0.0	0.0	0.0	0.0	0.0	0.0	0.0	0.0	0.0	0.0	0.0	0.0	0.0	0.0	0.0	0.6666667	0.0	0.3333333	0.1428571	0.0	0.0	0.0	0.0	0.0	0.0	0.0	0.0	0.0	0.0	0.0	
Common Yellowthroat (<em class="sci">Geothlypis trichas</em>)	0.0	0.0	0.0	0.037037	0.0	0.0	0.0	0.0	0.0	0.0	0.0	0.0	0.0	0.0	0.0	0.0625	0.1818182	0.0	0.0	0.0	0.0	0.0	0.0	0.0	0.0	0.0	0.0	0.0	0.0	0.0	0.0	0.0	0.0	0.3333333	0.0	0.3333333	0.2857143	0.0	0.0	0.0	0.0	0.0	0.0	0.0	0.0	0.0	0.0	0.0	
Hooded Warbler (<em class="sci">Setophaga citrina</em>)	0.0	0.0	0.0	0.0	0.0	0.0	0.0	0.0	0.0	0.0	0.0	0.0	0.0	0.0	0.0	0.125	0.0	0.0	0.0	0.0	0.0	0.0	0.0	0.0	0.0	0.0	0.0	0.0	0.0	0.0	0.0	0.0	0.0	0.0	0.0	0.0	0.0	0.0	0.0	0.0	0.0	0.0	0.0	0.0	0.0	0.0	0.0	0.0	
American Redstart (<em class="sci">Setophaga ruticilla</em>)	0.0	0.0	0.0	0.0	0.0	0.0	0.0	0.0	0.0	0.0	0.0	0.0	0.0	0.0	0.0	0.0	0.0	0.2	0.0	0.0	0.0	0.0	0.0	0.0	0.0	0.0	0.0	0.0	0.0	0.0	0.0	0.0	0.0	0.0	0.0	0.0	0.0	0.0	0.0	0.25	0.0	0.0	0.0	0.0	0.0	0.0	0.0	0.0	
Northern Parula (<em class="sci">Setophaga americana</em>)	0.0	0.0	0.0	0.0	0.0	0.0	0.0	0.0	0.0	0.0	0.0	0.0	0.0	0.0	0.0	0.0	0.0909091	0.0	0.0	0.0	0.0	0.0	0.0	0.0	0.0	0.0	0.0	0.0	0.0	0.0	0.0	0.0	0.0	0.0	0.0	0.0	0.0	0.0	0.0	0.0	0.0	0.0	0.0	0.0	0.0	0.0	0.0	0.0	
Yellow Warbler (<em class="sci">Setophaga petechia</em>)	0.0	0.0	0.0	0.0	0.0	0.0	0.0	0.0	0.0	0.0	0.0	0.0	0.0	0.0	0.0	0.125	0.2727273	0.2	0.0	0.3333333	0.0	0.0	0.0	0.0	0.0	0.0	0.0	0.0	0.0	0.0	0.5	0.0	0.1666667	0.6666667	0.0	0.6666667	0.4285714	0.0	0.0	0.0	0.0	0.0	0.0	0.0	0.0	0.0	0.0	0.0	
Pine Warbler (<em class="sci">Setophaga pinus</em>)	0.0	0.0	0.0769231	0.037037	0.0	0.0	0.1666667	0.0	0.25	0.0	0.0	0.0	0.0	0.0	0.0	0.0	0.0	0.0	0.0	0.0	0.0	0.0	0.0	0.0	0.0	0.0	0.0	0.0	0.0	0.0	0.0	0.0	0.0	0.0	0.0	0.0	0.0	0.0	0.0	0.0	0.0	0.0	0.0	0.0	0.0	0.1428571	0.1818182	0.1428571	
Yellow-rumped Warbler (<em class="sci">Setophaga coronata</em>)	0.2857143	0.5833333	0.3076923	0.6296296	0.4444444	0.4	0.6666667	0.5	1.0	0.0	1.0	0.25	0.5	0.0	0.0	0.0	0.0	0.0	0.0	0.0	0.0	0.0	0.0	0.0	0.0	0.0	0.0	0.0	0.0	0.0	0.0	0.0	0.0	0.0	0.0	0.0	0.0	0.0	0.0	0.75	0.375	0.0	0.0	0.2857143	0.1666667	0.4761905	0.6363636	0.4285714	
Yellow-throated Warbler (<em class="sci">Setophaga dominica</em>)	0.0	0.0	0.0	0.0	0.0	0.0	0.0	0.0	0.0	0.0	0.0	0.0	0.0	0.0	0.0	0.0015	0.0	0.0	0.0	0.0	0.0	0.0	0.0	0.0	0.0	0.0	0.0	0.0	0.0	0.0	0.0	0.0	0.0	0.0	0.0	0.0	0.0	0.0	0.0	0.0	0.0	0.0	0.0	0.0	0.0	0.0	0.0	0.0	
Black-throated Gray Warbler (<em class="sci">Setophaga nigrescens</em>)	0.0	0.0	0.0	0.0	0.0	0.0	0.0	0.0	0.0	0.0	0.0	0.0	0.0	0.0	0.0	0.0	0.0	0.0	0.0	0.0	0.0	0.0	0.0	0.0	0.0	0.0	0.0	0.0	0.0	0.0	0.0	0.0	0.0	0.0	0.0	0.0	0.0	0.0	0.0	0.0	0.0	0.0	0.0	0.0	0.0	0.0	0.1818182	0.0	
Golden-cheeked Warbler (<em class="sci">Setophaga chrysoparia</em>)	0.0	0.0	0.0	0.0	0.0	0.0	0.0	0.0	0.0	0.0	0.0	0.0	0.0	0.0015	0.0	0.0	0.0	0.0	0.0	0.0	0.0	0.0	0.0	0.0	0.0	0.0	0.0	0.0	0.0	0.0	0.0	0.0	0.0	0.0	0.0	0.0	0.0	0.0	0.0	0.0	0.0	0.0	0.0	0.0	0.0	0.0	0.0	0.0	
Black-throated Green Warbler (<em class="sci">Setophaga virens</em>)	0.0	0.0	0.0	0.0	0.0	0.0	0.0	0.0	0.0	0.0	0.0	0.0	0.0	0.0	0.0	0.0625	0.0	0.2	0.0	0.0	0.0	0.0	0.0	0.0	0.0	0.0	0.0	0.0	0.0	0.0	0.0	0.0	0.0	0.0	0.0	0.0	0.0	0.0015	0.25	0.25	0.125	0.125	0.0	0.0	0.0	0.0	0.0	0.0	
Wilson's Warbler (<em class="sci">Cardellina pusilla</em>)	0.0	0.0	0.0	0.0	0.0	0.0	0.0	0.0	0.0	0.0	0.0	0.0	0.0	0.0	0.0	0.0	0.0	0.2	0.0	0.0	0.4	0.0	0.0	0.0	0.0	0.0	0.0	0.0	0.0	0.0	0.0	0.0	0.0	0.0	0.0	0.3333333	0.4285714	0.0	0.0	0.0	0.0	0.0	0.0	0.0	0.0	0.0	0.0	0.0	
Summer Tanager (<em class="sci">Piranga rubra</em>)	0.0	0.0	0.0	0.0	0.0	0.0	0.0	0.0	0.0	0.0	0.0	0.0	0.0	0.0	0.0	0.1875	0.0	0.0	0.0	0.0	0.0	0.0	0.0	0.0	0.0	0.0	0.0	0.0	0.0	0.0	0.5	0.0	0.0	0.0	0.0	0.3333333	0.1428571	0.0	0.0	0.0	0.0	0.0	0.0	0.0	0.0	0.0	0.0	0.0	
Northern Cardinal (<em class="sci">Cardinalis cardinalis</em>)	0.8571429	0.75	0.4615385	0.5555556	0.6666667	1.0	0.8333333	1.0	1.0	0.5	1.0	1.0	0.75	0.6666667	1.0	0.6875	0.8181818	0.6	1.0	0.6666667	0.8	0.8	0.6	1.0	1.0	1.0	1.0	0.0	1.0	0.0	1.0	0.5	0.8333333	1.0	0.0	1.0	0.8571429	0.6	0.875	0.75	0.75	0.5	0.2	0.4285714	0.5	0.7619048	0.5454545	0.5714286	
Pyrrhuloxia (<em class="sci">Cardinalis sinuatus</em>)	0.0	0.0	0.0	0.0	0.0	0.2	0.0	0.0	0.0	0.0	0.0	0.0	0.0	0.0	0.0	0.0	0.0	0.0	0.0	0.0	0.0	0.0	0.0	0.0	0.0	0.0	0.0	0.0	0.0	0.0	0.0	0.0	0.0	0.0	0.0	0.0	0.0	0.0	0.0	0.0	0.0	0.0	0.0	0.0	0.0	0.0	0.0	0.0	
Rose-breasted Grosbeak (<em class="sci">Pheucticus ludovicianus</em>)	0.0	0.0	0.0	0.0	0.0	0.0	0.0	0.0	0.0	0.0	0.0	0.0	0.0	0.0	0.0	0.125	0.0909091	0.2	0.0	0.0	0.0	0.0	0.0	0.0	0.0	0.0	0.0	0.0	0.0	0.0	0.0	0.0	0.0	0.0	0.0	0.0	0.0	0.2	0.0	0.0	0.0	0.0	0.0	0.0	0.0015	0.0	0.0	0.0	
Pheucticus sp. (<em class="sci">Pheucticus sp.</em>)	0.0	0.0	0.0	0.0	0.0	0.0	0.0	0.0	0.0	0.0	0.0	0.0	0.0	0.0	0.0	0.0	0.0	0.0	0.0	0.0	0.0	0.0	0.0	0.0	0.0	0.0	0.0	0.0	0.0	0.0	0.0	0.0	0.0	0.0	0.0	0.0	0.0	0.0	0.125	0.0	0.0	0.0	0.0	0.0	0.0	0.0	0.0	0.0	
Blue Grosbeak (<em class="sci">Passerina caerulea</em>)	0.0	0.0	0.0	0.0	0.0	0.0	0.0	0.0	0.0	0.0	0.0	0.0	0.0	0.0	0.5	0.0	0.0	0.0	0.0	0.0	0.0	0.0	0.0	0.0	0.0	0.0	0.0	0.0	0.0	0.0	0.0	0.0	0.1666667	0.0	0.0	0.3333333	0.0	0.0	0.0	0.0	0.0	0.0	0.0	0.0	0.0	0.0	0.0	0.0	
Indigo Bunting (<em class="sci">Passerina cyanea</em>)	0.0	0.0	0.0	0.0	0.0	0.0	0.0	0.0	0.0	0.0	0.0	0.0	0.0	0.0	0.0	0.0625	0.0	0.0	0.0	0.0	0.0	0.0	0.2	0.0	0.0	0.0	0.0	0.0	0.0	0.0	0.0	0.0	0.1666667	0.0	0.0	0.0	0.4285714	0.4	0.0	0.0	0.0	0.0	0.0	0.0	0.0	0.0	0.0	0.0	
Painted Bunting (<em class="sci">Passerina ciris</em>)	0.0	0.0	0.0	0.0	0.0	0.0	0.0	0.0	0.0	0.0	0.0	0.0	0.0	0.0	0.0	0.25	0.0	0.2	0.0	0.0	0.0	0.0	0.0	0.0	0.0	0.0	0.0	0.0	0.0	0.0	0.0	0.0	0.1666667	0.0	0.0	0.0	0.0	0.0	0.0	0.0	0.0	0.0	0.0	0.0	0.0	0.0	0.0	0.0	
Dickcissel (<em class="sci">Spiza americana</em>)	0.0	0.0	0.0	0.0	0.0	0.0	0.0	0.0	0.0	0.0	0.0	0.0	0.0	0.0	0.0	0.0625	0.0	0.0	0.0	0.0	0.0	0.0	0.0	0.0	0.0	0.0	0.0	0.0	0.0	0.0	0.5	0.5	0.1666667	0.0	0.0	0.3333333	0.0	0.0	0.0	0.0	0.0	0.0	0.0	0.0	0.0	0.0	0.0	0.0	

